1.166760716081661986e+00 6.508845899669059602e-04 1.215058489367829876e-03 5.338994539129390758e-13 5.645746516851773717e-04 1.216425894079735523e-03 5.368976323881705438e-13
1.555900421101123365e+00 4.391324937165434609e-04 8.288806194054460343e-04 5.748340302179528313e-13 3.794731277528002179e-04 8.282172799800207371e-04 5.763249857080054563e-13
2.074826557850288911e+00 2.889804017586539478e-04 5.483360079035660018e-04 5.988625823281974254e-13 2.479976334507006026e-04 5.483694323591042962e-04 5.999132859637555568e-13
2.766825682915017293e+00 1.841975823810142209e-04 3.505309032156226755e-04 5.994903226459010160e-13 1.566986433854211755e-04 3.510366670959464536e-04 5.995314675220405970e-13
3.689621347227101111e+00 1.132809012085178590e-04 2.159260292395880109e-04 5.991486841199863104e-13 9.536321051179266447e-05 2.164752645936803433e-04 5.995043719032321020e-13
4.920189143094656714e+00 6.712693894699085805e-05 1.278290031732935629e-04 5.992085671454637953e-13 5.578897297385025330e-05 1.283471297154368336e-04 5.992459912728323704e-13
6.561177672614024736e+00 3.825213784470193337e-05 7.258475013130563115e-05 5.989451340668546290e-13 3.132117432189277737e-05 7.303645233657471458e-05 5.990281125579795287e-13
8.749471046662279150e+00 2.090564433301420728e-05 3.942671364876560954e-05 5.983169731963889066e-13 1.685056418115206238e-05 3.981072150292018030e-05 5.989064923754140531e-13
1.166760716081661897e+01 1.093366853504777766e-05 2.046154855675764815e-05 5.942387140039959701e-13 8.688712230653784950e-06 2.076890774209900865e-05 5.950456680997686865e-13
1.555900421101123499e+01 5.476804153539212648e-06 1.020646439272889391e-05 5.870029303836798693e-13 4.309320058858852547e-06 1.039627376249914402e-05 5.877713642656205593e-13
2.074826557850288822e+01 2.646243895100680723e-06 4.959594742337283125e-06 5.584299421796168349e-13 2.073760265100924522e-06 5.034798777095263853e-06 5.590955068863805209e-13
2.766825682915017381e+01 1.250125577940766706e-06 2.376607052391467286e-06 4.871163740463719021e-13 9.806181084541104778e-07 2.388046901599865379e-06 4.876463687090851258e-13
3.689621347227100756e+01 5.852147320295297889e-07 1.132455492086696015e-06 4.073280609525817417e-13 4.609390098533667968e-07 1.122145783171349447e-06 4.076890717352633471e-13
4.920189143094656714e+01 2.733728668236031548e-07 5.368427147034574016e-07 3.325312011994904298e-13 2.165044639658530380e-07 5.259966683019745597e-07 3.327371101210376491e-13
6.561177672614024914e+01 1.274774602369693238e-07 2.535597550752012924e-07 2.659396829613304560e-13 1.015248530398848892e-07 2.463989226765102760e-07 2.660296253795237472e-13
8.749471046662279150e+01 5.915393699674256731e-08 1.195112396689046290e-07 2.065579976214786376e-13 4.735874495507639222e-08 1.151876819246832962e-07 2.065663223992352497e-13
1.166760716081661968e+02 2.721169318156528467e-08 5.605002167120564859e-08 1.532484780602878929e-13 2.188353888738842011e-08 5.360886429299402694e-08 1.532185784270033332e-13
1.555900421101123356e+02 1.235117253559344407e-08 2.609589187069762096e-08 1.090665781179161073e-13 9.968159198886285461e-09 2.476092897479927729e-08 1.090235043263381620e-13
2.074826557850288964e+02 5.503041410267182158e-09 1.202771443900206238e-08 7.487403991936736407e-14 4.451797531293446019e-09 1.130923081337944921e-08 7.482805851501842305e-14
2.766825682915017524e+02 2.395111526677475220e-09 5.472889486760175193e-09 4.969386367343321199e-14 1.939539147073411255e-09 5.089465524232037272e-09 4.965359090907655995e-14
3.689621347227101182e+02 1.014261432759754040e-09 2.455406088348787083e-09 3.192505831039358247e-14 8.212033626704268692e-10 2.249692061461348130e-09 3.189275502493502832e-14
4.920189143094656856e+02 4.168983578616029884e-10 1.085366593600925299e-09 1.987470077453682658e-14 3.371254046298228790e-10 9.748951424581697210e-10 1.985077347907094104e-14
6.561177672614023777e+02 1.661542351847105534e-10 4.726225008608278779e-10 1.199938620658215226e-14 1.340510203718668631e-10 4.140154945387674761e-10 1.198298630648935141e-14
8.749471046662279150e+02 6.421293998523395489e-11 2.028699331495995685e-10 7.018953262043527213e-15 5.163372344926411562e-11 1.723264447181044960e-10 7.008550950021507197e-15
1.166760716081661940e+03 2.409427197753292318e-11 8.597362530977818965e-11 3.961748709764734433e-15 1.928937774951029924e-11 7.040102446843042313e-11 3.955496682935727210e-15
1.555900421101123356e+03 8.798967824264163851e-12 3.604271568758226091e-11 2.148017333736557447e-15 7.006727111507131963e-12 2.828611686695436482e-11 2.144519544336112481e-15
2.074826557850288737e+03 3.138804958398241515e-12 1.496810412731764493e-11 1.119082957054687322e-15 2.485103268962270430e-12 1.121391200640639325e-11 1.117235669299481830e-15
2.766825682915017296e+03 1.099355359150619504e-12 6.179228741358094972e-12 5.647911641502541597e-16 8.653793234737170786e-13 4.400671430253237958e-12 5.638575571513363992e-16
3.689621347227101069e+03 3.808023976473905228e-13 2.543876211707878129e-12 2.800313139893194906e-16 2.979329283026180006e-13 1.717434971327659502e-12 2.795667046658936684e-16
4.920189143094656174e+03 1.316025761416082877e-13 1.047039911554612834e-12 1.381207865806390632e-16 1.022428186402482188e-13 6.704742125694989012e-13 1.378906610268955051e-16
6.561177672614025141e+03 4.575474983039443584e-14 4.314857980656256279e-13 6.811202778872150490e-17 3.524868296217870617e-14 2.631691394771827827e-13 6.799796409327589685e-17
8.749471046662278241e+03 1.611409177618323099e-14 1.780562380709857522e-13 3.356231505002912039e-17 1.228100272547769717e-14 1.040246814326483190e-13 3.350563741600383269e-17
1.166760716081662031e+04 5.772861116008860298e-15 7.358896956069776445e-14 1.648426243592116301e-17 4.339095600745220180e-15 4.134994735596031135e-14 1.645607014217773121e-17
1.555900421101123356e+04 2.104035653476384740e-15 3.042375475827932765e-14 8.045037424265551443e-18 1.554640654683284806e-15 1.648902329351048947e-14 8.031084042544803660e-18
2.074826557850289100e+04 7.778269000639427238e-16 1.252624956919908495e-14 3.888637666921209985e-18 5.631921078345110453e-16 6.562362114864635430e-15 3.881760756218239920e-18
2.766825682915017387e+04 2.902687070597946778e-16 5.110274837768577581e-15 1.855687540313470080e-18 2.053209688678350619e-16 2.587572946097101027e-15 1.852331790377781936e-18
3.689621347227100341e+04 1.086755939124002208e-16 2.061364554026796502e-15 8.717177729101601861e-19 7.494787323264877601e-17 1.005115863527324689e-15 8.701071121260853527e-19
4.920189143094656174e+04 4.059959088298768627e-17 8.170879557907401731e-16 4.019751620865402333e-19 2.726909583742172203e-17 3.818598998251471806e-16 4.012176743351266710e-19
6.561177672614024777e+04 1.507098334288861681e-17 3.168736357615710471e-16 1.814460278104530327e-19 9.858555265056666039e-18 1.410975576819591111e-16 1.810974330407863718e-19
8.749471046662278241e+04 5.536230072088026828e-18 1.199091555880477230e-16 7.992873265351726890e-20 3.528836610012627418e-18 5.061608220660658089e-17 7.977255536541238064e-20
1.166760716081661958e+05 2.007956732332092185e-18 4.410622832813777045e-17 3.424767919164647822e-20 1.247396005954079668e-18 1.758008410867410026e-17 3.417974153869003514e-20
1.555900421101123211e+05 7.173501639459815364e-19 1.575729266466236329e-17 1.422334786704368237e-20 4.341317330026246459e-19 5.894178610135700841e-18 1.419476670291222561e-20
2.074826557850289100e+05 2.514909313997574600e-19 5.478012630245796993e-18 5.705087246863967429e-21 1.482795301536438820e-19 1.905470058763516092e-18 5.693509349693036776e-21
2.766825682915017242e+05 8.624653417874207678e-20 1.846505806672186939e-18 2.202677277583780608e-21 4.955572455948874685e-20 5.925001221965549961e-19 2.198176415732152436e-21
3.689621347227101214e+05 2.888275775805233547e-20 6.013508908593298748e-19 8.162499199809541376e-22 1.615597576628220667e-20 1.770215035059578655e-19 8.145769627516814655e-22
4.920189143094656756e+05 9.406487460400971080e-21 1.903769204095260944e-19 2.897531304412646445e-22 5.118610639642281429e-21 5.107171145919020688e-20 2.891595362404029981e-22
6.561177672614024486e+05 2.964283635690731689e-21 5.845376050501374789e-20 9.846564165892834796e-23 1.570337012313559536e-21 1.416362889791274586e-20 9.826438718937004878e-23
8.749471046662279405e+05 9.013530445263919440e-22 1.727685486444360238e-20 3.206858706941295541e-23 4.662116989847640189e-22 3.759009029295671091e-21 3.200333887139181427e-23
1.166760716081662104e+06 2.648794699119132020e-22 4.872442214582731359e-21 1.004169674552440143e-23 1.342455742729725792e-22 9.610067580980317764e-22 1.002137142340767990e-23
1.555900421101123560e+06 7.549007714976635711e-23 1.309287986275742016e-21 3.038997624221558832e-24 3.764446873332362103e-23 2.367382336244787451e-22 3.032878939758492743e-24
2.074826557850289159e+06 2.098359529769880579e-23 3.354120230154381109e-22 8.947625105402493172e-25 1.034605636782275913e-23 5.635462865449736199e-23 8.929689060821574801e-25
2.766825682915017474e+06 5.727350812629261673e-24 8.194071056844473661e-23 2.580683220345965280e-25 2.802953130198608062e-24 1.305511478331702957e-23 2.575527291184087020e-25
3.689621347227101214e+06 1.547572204895900649e-24 1.920920915768404653e-23 7.336444229327087625e-26 7.545961461364467337e-25 2.973880065209462212e-24 7.321825913600336403e-26
4.920189143094656989e+06 4.164780026125617709e-25 4.350277179056185412e-24 2.065524324971402088e-26 2.027086072469882992e-25 6.743741347314543051e-25 2.061415348756017320e-26
6.561177672614024952e+06 1.120844965023206301e-25 9.615987255148607150e-25 5.778132980457955947e-27 5.447622495771310782e-26 1.529267107252941453e-25 5.766652079284355086e-27
8.749471046662278473e+06 3.023853759073842175e-26 2.099023727681854905e-25 1.609350748311209203e-27 1.468071241431726340e-26 3.492765356667542239e-26 1.606155120505823777e-27
1.166760716081662104e+07 8.189003915290603869e-27 4.548061173023292865e-26 4.468712958555649674e-28 3.971887102942798118e-27 8.092489791927497258e-27 4.459842147132889032e-28
1.555900421101123467e+07 2.224554155265741182e-27 9.895922776295502444e-27 1.237990701067552213e-28 1.077175960446230175e-27 1.920776850694349042e-27 1.235533756422638725e-28
2.074826557850288972e+07 6.056892839813809369e-28 2.173001433801308398e-27 3.421637676263821117e-29 2.925579393964979191e-28 4.621171279619268604e-28 3.414847046907319704e-29
2.766825682915017009e+07 1.649808213525836348e-28 4.835042250547051638e-28 9.421240066520924865e-30 7.936317668831873453e-29 1.133046382075959154e-28 9.402549784396692563e-30
3.689621347227101028e+07 4.485906611350646698e-29 1.092081383778416701e-28 2.578502754577268570e-30 2.145558909044863033e-29 2.818373980004891429e-29 2.573394726857295604e-30
4.920189143094656616e+07 1.216168293920063159e-29 2.521941209220574647e-29 7.013386002384897955e-31 5.785060370950316778e-30 7.099038688355934992e-30 6.999513483062583256e-31
6.561177672614024580e+07 3.289730849557355599e-30 5.894526097336830766e-30 1.899923311810456926e-31 1.557864280982658137e-30 1.812536748015919211e-30 1.896166687443582158e-31
8.749471046662279963e+07 8.883147437751941232e-31 1.406846667946900554e-30 5.129729856271354297e-32 4.185712895210572267e-31 4.674185706783168625e-31 5.119592421137464883e-32
1.166760716081662029e+08 2.393533336441670256e-31 3.429270133982267189e-31 1.378913236907473396e-32 1.120692478798416938e-31 1.210647599552774484e-31 1.376190028413209299e-32
1.555900421101123393e+08 6.429005249725229697e-32 8.466157691872482599e-32 3.685016160340002000e-33 2.985329672631001849e-32 3.143669312867134784e-32 3.677745797670863083e-33
2.074826557850289047e+08 1.719300812367062401e-32 2.113172892136986996e-32 9.772169310303639884e-34 7.898125798733522133e-33 8.157580564301823485e-33 9.752915673278550863e-34
2.766825682915017605e+08 4.571720870949854586e-33 5.310654042386225586e-33 2.565409750361407944e-34 2.071198542124283203e-33 2.107642406486031515e-33 2.560364782927564177e-34
3.689621347227101326e+08 1.206825258875021534e-33 1.342146724671748679e-33 6.646865976748492962e-35 5.371697817899593134e-34 5.405809696418129497e-34 6.633828710499844429e-35
4.920189143094656467e+08 3.157157984615387115e-34 3.392939347729773681e-34 1.693232173901758625e-35 1.374521559780500347e-34 1.372468429350077511e-34 1.689922923457830705e-35
6.561177672614024878e+08 8.170365022911728440e-35 8.544716029696658257e-35 4.221522413179642753e-36 3.461944796899855026e-35 3.437600440436106283e-35 4.213311580008754880e-36
8.749471046662279367e+08 2.087607200296345409e-35 2.138179800082956712e-35 1.024687226616584489e-36 8.563901938683959372e-36 8.471180619299020115e-36 1.022706855860368648e-36
1.166760716081662178e+09 5.256308144768230316e-36 5.293451444985764714e-36 2.407713622658084134e-37 2.076790626087853682e-36 2.048777466892276049e-36 2.403098018371450713e-37
1.555900421101123333e+09 1.301530729390508599e-36 1.293872970347859165e-36 5.445232819886797693e-38 4.929033652967005723e-37 4.854350368383963180e-37 5.434898099320126628e-38
2.074826557850289106e+09 3.162295637236972736e-37 3.110617976550027200e-37 1.178992136905736538e-38 1.142962987686063454e-37 1.124711732577670328e-37 1.176780747580485528e-38
2.766825682915017128e+09 7.519349204422955320e-38 7.335659482152298457e-38 2.432961878293315566e-39 2.583566969269616110e-38 2.542105291408592387e-38 2.428458695737933223e-39
3.689621347227100849e+09 1.743707507126620086e-38 1.689327920403350587e-38 4.767292916984837802e-40 5.670186134063806151e-39 5.580883653871594970e-39 4.758596129844355619e-40
4.920189143094656944e+09 3.923068365545099604e-39 3.778069361768368235e-39 8.833716880064542782e-41 1.198934767306890331e-39 1.181035902244853953e-39 8.817861593569107152e-41
6.561177672614025116e+09 8.490418404416836868e-40 8.134121424497555070e-40 1.537186201168134559e-41 2.406572473843074012e-40 2.374974257660344888e-40 1.534482252916088069e-41
8.749471046662279129e+09 1.742431354096684666e-40 1.661047028158415194e-40 2.476148592880772064e-42 4.466068745673743254e-41 4.423776603343711058e-41 2.471916773317563465e-42
1.166760716081661987e+10 3.312741724732099041e-41 3.142701415944491621e-41 3.588857118102855312e-43 7.328008042342458586e-42 7.314341024214864828e-42 3.582999269867310922e-43
1.555900421101123428e+10 5.628236862975222923e-42 5.314302671942498536e-42 4.449017156151682859e-44 9.875642695026308816e-43 1.002208616450540961e-42 4.442320024178754158e-44
2.074826557850289154e+10 8.098022279126561035e-43 7.622182456320496240e-43 4.325550695558141527e-45 9.642508805607440076e-44 1.018748328542788405e-43 4.319983162368528983e-45
2.766825682915017319e+10 9.105158023941916092e-44 8.640828380382506319e-44 2.827456718484206433e-46 5.376188487834180906e-45 6.411957845925717140e-45 2.824845143488550127e-46
3.689621347227101135e+10 7.029268502050747274e-45 7.146215936147844145e-45 8.905264718634104132e-48 9.614532909659889770e-47 2.012668929292488139e-46 8.901574230405184209e-48
4.920189143094656372e+10 2.948851935301561648e-46 4.370673394417158589e-46 0.000000000000000000e+00 6.089170501169255737e-49 6.533084867804613237e-48 0.000000000000000000e+00
6.561177672614024353e+10 4.524332232100944069e-48 2.643287917914128724e-47 0.000000000000000000e+00 2.181623679747663644e-50 3.098583668941069562e-49 0.000000000000000000e+00
8.749471046662280273e+10 3.677069059404986362e-52 8.171556864599121594e-49 0.000000000000000000e+00 1.477895221421432093e-52 5.399586220531546997e-51 0.000000000000000000e+00
