1.166760716081661986e+00 6.509392528833264852e-04 1.215211814979009521e-03 5.352279901392259509e-13 5.646302002531530286e-04 1.216575123465754886e-03 5.382338504648372560e-13
1.555900421101123365e+00 4.391603061412077246e-04 8.289757389884695087e-04 5.762644569467568460e-13 3.795030004467816109e-04 8.283098956696575282e-04 5.777589991235317440e-13
2.074826557850288911e+00 2.889911655252401057e-04 5.483915213293387089e-04 6.003528454279658491e-13 2.480112051823724160e-04 5.484228753887629036e-04 6.014061040313756147e-13
2.766825682915017293e+00 1.841990535720825503e-04 3.505609016965029775e-04 6.009823058116935818e-13 1.567029946974618406e-04 3.510648898868028080e-04 6.010232880501575802e-13
3.689621347227101111e+00 1.132782681612122386e-04 2.159408223183047540e-04 6.006397128957062505e-13 9.536312887589510538e-05 2.164886773642864107e-04 6.009961698562387300e-13
4.920189143094656714e+00 6.712308877304151743e-05 1.278354487341593125e-04 6.006997311262353237e-13 5.578724519969715498e-05 1.283525387998133392e-04 6.007371163474261184e-13
6.561177672614024736e+00 3.824849052141137556e-05 7.258707866922631323e-05 6.004355251368425081e-13 3.131923014785386862e-05 7.303797442268460246e-05 6.005187880702107319e-13
8.749471046662279150e+00 2.090277512777470066e-05 3.942732818266141267e-05 5.998058044531224300e-13 1.684900632327336053e-05 3.981067454070429882e-05 6.003968887127853822e-13
1.166760716081661897e+01 1.093167569698200999e-05 2.046164128865199573e-05 5.957166523047907436e-13 8.687670520759907620e-06 2.076845254108700297e-05 5.965257003047597378e-13
1.555900421101123499e+01 5.475534794661532026e-06 1.020648118539535375e-05 5.884618527167601732e-13 4.308690847953421423e-06 1.039587137360397185e-05 5.892322283245566950e-13
2.074826557850288822e+01 2.645443368288493378e-06 4.959600354780029393e-06 5.598129945187245565e-13 2.073366852959134746e-06 5.034519899333334686e-06 5.604802137312665937e-13
2.766825682915017381e+01 1.249556551444394680e-06 2.376549392104324866e-06 4.883110102971397184e-13 9.803092028537843145e-07 2.387807337242454360e-06 4.888422933196145310e-13
3.689621347227100756e+01 5.847283333552665393e-07 1.132302952866891909e-06 4.083168663361310490e-13 4.606309231684856289e-07 1.121870426152756552e-06 4.086787194835918702e-13
4.920189143094656714e+01 2.729123396522444740e-07 5.366083083780278815e-07 3.333311930135357024e-13 2.161776834927577709e-07 5.256676388523072390e-07 3.335375608420703135e-13
6.561177672614024914e+01 1.270448730196006332e-07 2.532782359483128939e-07 2.665742319469770255e-13 1.011980266436926751e-07 2.460375058974179083e-07 2.666643483395024050e-13
8.749471046662279150e+01 5.877510344243075073e-08 1.192254795244082631e-07 2.070463223814423484e-13 4.706300595473632406e-08 1.148337745727069230e-07 2.070546273131710570e-13
1.166760716081661968e+02 2.691076814720668712e-08 5.579748607338932612e-08 1.536061221988210621e-13 2.164446642784882690e-08 5.330128969662378292e-08 1.535761200430527261e-13
1.555900421101123356e+02 1.213663719903160468e-08 2.589927257027290231e-08 1.093170991554257363e-13 9.796006328135629565e-09 2.452381995984436228e-08 1.092739004144408271e-13
2.074826557850288964e+02 5.365720380864185771e-09 1.189160211034751869e-08 7.504290821924602408e-14 4.340948316525157710e-09 1.114635858814370547e-08 7.499680298819786820e-14
2.766825682915017524e+02 2.315615698754018864e-09 5.388108304585537551e-09 4.980362243956233134e-14 1.875140515551461998e-09 4.988801974891346712e-09 4.976324548382370053e-14
3.689621347227101182e+02 9.721825375795698423e-10 2.407174163127777926e-09 3.199388502358245937e-14 7.870436901323206716e-10 2.192953645881066430e-09 3.196150086688073653e-14
4.920189143094656856e+02 3.962920713344337704e-10 1.059902764898521527e-09 1.991635205764877711e-14 3.203789178937062495e-10 9.452931259349846975e-10 1.989236662233253948e-14
6.561177672614023777e+02 1.567169766346713745e-10 4.599571830280339423e-10 1.202370470690231762e-14 1.263798722826710457e-10 3.995123283868767136e-10 1.200726622121766267e-14
8.749471046662279150e+02 6.013445542307465231e-11 1.968574412574392040e-10 7.032610406997593450e-15 4.832023636886905284e-11 1.655715484829970072e-10 7.022184486207200184e-15
1.166760716081661940e+03 2.241920090225738493e-11 8.322252781295812352e-11 3.969065503251618826e-15 1.793016312714540217e-11 6.738138320959227197e-11 3.962799947022437839e-15
1.555900421101123356e+03 8.141657285646452547e-12 3.482241892096385818e-11 2.151715074474603141e-15 6.474323336652839150e-12 2.698228699221468474e-11 2.148210181188548545e-15
2.074826557850288737e+03 2.891334943787447074e-12 1.444152497896277158e-11 1.120832148617628666e-15 2.284977776765797308e-12 1.066785740775305832e-11 1.118981418250735487e-15
2.766825682915017296e+03 1.009583265940751352e-12 5.957354904805958392e-12 5.655664725421619352e-16 7.928174301493179338e-13 4.178323584918979155e-12 5.646313185726860833e-16
3.689621347227101069e+03 3.492320494825892769e-13 2.452178740701098736e-12 2.803569698230696783e-16 2.723987932401534070e-13 1.629062643711403461e-12 2.798917009045196856e-16
4.920189143094656174e+03 1.207462747743590592e-13 1.009568930223392016e-12 1.382522962775967299e-16 9.345302897697792052e-14 6.359398901093092840e-13 1.380218999692906069e-16
6.561177672614025141e+03 4.206577468331933848e-14 4.161690202400140304e-13 6.816336683044697753e-17 3.225931401661955437e-14 2.497756452808592636e-13 6.804919572701263338e-17
8.749471046662278241e+03 1.486083507448547455e-14 1.717161680914388568e-13 3.358158292505262180e-17 1.126633923416183934e-14 9.881669171465219012e-14 3.352486430026946204e-17
1.166760716081662031e+04 5.342539671349828863e-15 7.090530065587094557e-14 1.649112592264706646e-17 3.992533850368008652e-15 3.930113816565997346e-14 1.646291872102644718e-17
1.555900421101123356e+04 1.953633806119688916e-15 2.925828219665621407e-14 8.047305074155449783e-18 1.434970711563252124e-15 1.566911936868099322e-14 8.033346629296399192e-18
2.074826557850289100e+04 7.242255589220151114e-16 1.201018081487041273e-14 3.889299327648395265e-18 5.214010811877048915e-16 6.228843618316707103e-15 3.882420862764939789e-18
2.766825682915017387e+04 2.708645171929959966e-16 4.880099300710185328e-15 1.855834966169695875e-18 1.906163266646819911e-16 2.450754150230455338e-15 1.852478826990858299e-18
3.689621347227100341e+04 1.015975907741194780e-16 1.959308736590143719e-15 8.717240810520231001e-19 6.976828895508335966e-17 9.491096343391828759e-16 8.701133718214994496e-19
4.920189143094656174e+04 3.802221119213185306e-17 7.727458912538202899e-16 4.019553920894389473e-19 2.545592542404549162e-17 3.593128498667904771e-16 4.011979316582469776e-19
6.561177672614024777e+04 1.414206299917860397e-17 2.981869695729194554e-16 1.814292871906014594e-19 9.231860603313412842e-18 1.322738712051888015e-16 1.810807223557956096e-19
8.749471046662278241e+04 5.207365623614738438e-18 1.123201910247295114e-16 7.991877995871552274e-20 3.316333995704904851e-18 4.728399059234127315e-17 7.976262176822345674e-20
1.166760716081661958e+05 1.894101478073753887e-18 4.114929605248241598e-17 3.424260634416599295e-20 1.177004403090072229e-18 1.637238884086528515e-17 3.417467876277057811e-20
1.555900421101123211e+05 6.789243427485258786e-19 1.465216943546220619e-17 1.422100132873567287e-20 4.114343867601624469e-19 5.475585217726594349e-18 1.419242491862557891e-20
2.074826557850289100e+05 2.388926710263709173e-19 5.080601676390056251e-18 5.704079376946044201e-21 1.411733308505618434e-19 1.766871996581571808e-18 5.692503547828935553e-21
2.766825682915017242e+05 8.224155664220215041e-20 1.709252927376746553e-18 2.202272352787871786e-21 4.739752421684217304e-20 5.487325398423374731e-19 2.197772324971444509e-21
3.689621347227101214e+05 2.764659578654039117e-20 5.558983429345058467e-19 8.160964582464366364e-22 1.552011992099240697e-20 1.638423214561714443e-19 8.144238185527686261e-22
4.920189143094656756e+05 9.036965933591907230e-21 1.758306100565020519e-19 2.896983458826582700e-22 4.937210577889814944e-21 4.726353518062203996e-20 2.891048644473498528e-22
6.561177672614024486e+05 2.858027816591866997e-21 5.395799235511368487e-20 9.844710257954685967e-23 1.520444553518095995e-21 1.311156347026317612e-20 9.824588609084098299e-23
8.749471046662279405e+05 8.721361403620904028e-22 1.594392052561506253e-20 3.206257544489523455e-23 4.530000789576215047e-22 3.482291174875245825e-21 3.199733948595782756e-23
1.166760716081662104e+06 2.571992117532210444e-22 4.496501130821397491e-21 1.003980864494543497e-23 1.308725064161337206e-22 8.912402727653171444e-22 1.001948714440941793e-23
1.555900421101123560e+06 7.355874474807404694e-23 1.208541868389626833e-21 3.038415422483891274e-24 3.681256338428980607e-23 2.198830670931346999e-22 3.032297910939162055e-24
2.074826557850289159e+06 2.051790283489615236e-23 3.097459534640855458e-22 8.945835149618574631e-25 1.014682940681108353e-23 5.244673872557098955e-23 8.927902702423749026e-25
2.766825682915017474e+06 5.619335947141758110e-24 7.572578731971512676e-23 2.580126021176987633e-25 2.756598534225481674e-24 1.218118202998090838e-23 2.574971211766372890e-25
3.689621347227101214e+06 1.523254751848051750e-24 1.777077523966079852e-23 7.334665916834445064e-26 7.439904508601128073e-25 2.783804324988330125e-24 7.320051180719718308e-26
4.920189143094656989e+06 4.111249207726612890e-25 4.030299403645493372e-24 2.064938442110047370e-26 2.003163065407095545e-25 6.337430008650684482e-25 2.060830648999914320e-26
6.561177672614024952e+06 1.109256412315624044e-25 8.925733909960434749e-25 5.776139918044058829e-27 5.394464612714181725e-26 1.443855483616880885e-25 5.764663055535875388e-27
8.749471046662278473e+06 2.998996794476707930e-26 1.953133393252346529e-25 1.608653912732984853e-27 1.456318961658887838e-26 3.315420460373667894e-26 1.605459701910687062e-27
1.166760716081662104e+07 8.135507086654034047e-27 4.245159596473195455e-26 4.466225786358556700e-28 3.945679296756126421e-27 7.726779874486743499e-27 4.457360047906623394e-28
1.555900421101123467e+07 2.212956141875162205e-27 9.271926854711204303e-27 1.237090624485756527e-28 1.071294173577277537e-27 1.844720805439610066e-27 1.234635519897432166e-28
2.074826557850288972e+07 6.031180723585214425e-28 2.045098026521007725e-27 3.418355488185688631e-29 2.912012680437303236e-28 4.464586120347252769e-28 3.411571582093951588e-29
2.766825682915017009e+07 1.643875151543569813e-28 4.573501969210751664e-28 9.409248956979060734e-30 7.903513634275863348e-29 1.100596774827361887e-28 9.390583271763088583e-30
3.689621347227101028e+07 4.471386913526137569e-29 1.038680971271036664e-28 2.574133735991894919e-30 2.137118022219276579e-29 2.750628702741720943e-29 2.569034673334102745e-30
4.920189143094656616e+07 1.212365403556845593e-29 2.411800743140220285e-29 6.997533418085520989e-31 5.761738989034936501e-30 6.955809396663340777e-30 6.983693430347467934e-31
6.561177672614024580e+07 3.278973565507852446e-30 5.668764392740238366e-30 1.894192091744552284e-31 1.550957898286323308e-30 1.781284668369082560e-30 1.890447238681522662e-31
8.749471046662279963e+07 8.850579557918606120e-31 1.359978577125440841e-30 5.109101319132441495e-32 4.164105326179840793e-31 4.602930465567272051e-31 5.099006289241063326e-32
1.166760716081662029e+08 2.383171076369991131e-31 3.329591666369585107e-31 1.371536074904322745e-32 1.113672962753441655e-31 1.193643621607018592e-31 1.368828044409365520e-32
1.555900421101123393e+08 6.395014751264599888e-32 8.250231318773786896e-32 3.658866701818485429e-33 2.962096567950624883e-32 3.100525240178028176e-32 3.651650175476643206e-33
2.074826557850289047e+08 1.707997927223208510e-32 2.064951441104344341e-32 9.680558430953368796e-34 7.820954062719974550e-33 8.041183899355308613e-33 9.661493478555156838e-34
2.766825682915017605e+08 4.534107062400597052e-33 5.198869465783526127e-33 2.533801568996605692e-34 2.045774094215906706e-33 2.074701637282635267e-33 2.528821697240386342e-34
3.689621347227101326e+08 1.194425064278219150e-33 1.314838047577185508e-33 6.539935501519071987e-35 5.289395686110898302e-34 5.309652903765134722e-34 6.527118266961598616e-35
4.920189143094656467e+08 3.116955520056628200e-34 3.323049154606765136e-34 1.657954738331274724e-35 1.348541158715850224e-34 1.344056996218279676e-34 1.654717935157865750e-35
6.561177672614024878e+08 8.042855537556896400e-35 8.359168862248493032e-35 4.108768553284142178e-36 3.382443138116899870e-35 3.354235196880151124e-35 4.100788449702352070e-36
8.749471046662279367e+08 2.048192012361941661e-35 2.087596466067375879e-35 9.900389125931554491e-37 8.329102500905689824e-36 8.231357668789941239e-36 9.881290460091930137e-37
1.166760716081662178e+09 5.137870189867616919e-36 5.154381144310527637e-36 2.306219939402722079e-37 2.010059977623509119e-36 1.981743050383167411e-36 2.301809181278444044e-37
1.555900421101123333e+09 1.267012310025786420e-36 1.255700361890538299e-36 5.164338380483112490e-38 4.746893689146641146e-37 4.673209574460894951e-37 5.154564313311307249e-38
2.074826557850289106e+09 3.064961536144257121e-37 3.007391534480401331e-37 1.106145535982552683e-38 1.095292324218760428e-37 1.077568729907576477e-37 1.104077476941155609e-38
2.766825682915017128e+09 7.254671870045804934e-38 7.062878151061776598e-38 2.257093857925647585e-39 2.464153663682181024e-38 2.424328328139851886e-38 2.252930778812761726e-39
3.689621347227100849e+09 1.674602910022445350e-38 1.619572461511477319e-38 4.373790905281004561e-40 5.384816681257441853e-39 5.299731257212867812e-39 4.365840253256525019e-40
4.920189143094656944e+09 3.750871262164371692e-39 3.606931521689755901e-39 8.020459421142430444e-41 1.134298581066903625e-39 1.117343932558651093e-39 8.006112505576214928e-41
6.561177672614025116e+09 8.084500718544391915e-40 7.735443936132890985e-40 1.382732488081462001e-41 2.269615286131647836e-40 2.239799230972692782e-40 1.380307690562907464e-41
8.749471046662279129e+09 1.653153402174464942e-40 1.574193604180235606e-40 2.209753231561697308e-42 4.201111029006834470e-41 4.161278837779810226e-41 2.205986924121278606e-42
1.166760716081661987e+10 3.133500672839614120e-41 2.969669419725279179e-41 3.182006301729647588e-43 6.879396528606034724e-42 6.866350024611030863e-42 3.176824843703323448e-43
1.555900421101123428e+10 5.310701118692273997e-42 5.009581375800197581e-42 3.924297276949655171e-44 9.256719518745689825e-43 9.393279657035142740e-43 3.918402213088259631e-44
2.074826557850289154e+10 7.626387680278570885e-43 7.170693015207558357e-43 3.800034212511564069e-45 9.027527320247300220e-44 9.535954941498573172e-44 3.795151808755855548e-45
2.766825682915017319e+10 8.561678830662298042e-44 8.114024330390964720e-44 2.476225084887702916e-46 5.028803423379220099e-45 5.994127865840744992e-45 2.473941142174724100e-46
3.689621347227101135e+10 6.601198836666567647e-45 6.695978953545748878e-45 7.780032195119062591e-48 8.987014624168893506e-47 1.876263287750039294e-46 7.776808611646157893e-48
4.920189143094656372e+10 2.766170267730347730e-46 4.081884507370401523e-46 0.000000000000000000e+00 5.662684333221594553e-49 6.052185010003571571e-48 0.000000000000000000e+00
6.561177672614024353e+10 4.239145399909641748e-48 2.461768357969098428e-47 0.000000000000000000e+00 2.029435671101625233e-50 2.864463196663174518e-49 0.000000000000000000e+00
8.749471046662280273e+10 3.422692584550261058e-52 7.606785375399443258e-49 0.000000000000000000e+00 1.375240049474056481e-52 4.972230635831125111e-51 0.000000000000000000e+00
