1.166760716081661986e+00 6.506480888537800010e-04 1.214419893308146207e-03 5.265709296963781849e-13 5.643359003468128481e-04 1.215802148124058360e-03 5.295269726998053312e-13
1.555900421101123365e+00 4.390114550859922212e-04 8.284843129291785463e-04 5.669435271230672065e-13 3.793441390437871097e-04 8.278307603612791417e-04 5.684144656815526697e-13
2.074826557850288911e+00 2.889318165875815999e-04 5.481039384307303478e-04 5.906419898797478644e-13 2.479377640639673637e-04 5.481458290117788117e-04 5.916785327699965989e-13
2.766825682915017293e+00 1.841883327543835150e-04 3.504043023863648776e-04 5.912604922737714223e-13 1.566777153917804600e-04 3.509174654205491207e-04 5.913021002263226693e-13
3.689621347227101111e+00 1.132890971448698180e-04 2.158622446631954525e-04 5.909239403423070101e-13 9.536105088589983401e-05 2.164172944327500704e-04 5.912752356274960994e-13
4.920189143094656714e+00 6.714043720151347460e-05 1.277997847777204295e-04 5.909830279282757135e-13 5.579390675275276360e-05 1.283222776309937382e-04 5.910205278654396114e-13
6.561177672614024736e+00 3.826499980812927726e-05 7.257273024732985908e-05 5.907236529018618902e-13 3.132724830696810635e-05 7.302777201969360657e-05 5.908052851363655185e-13
8.749471046662279150e+00 2.091549575028334263e-05 3.942205594786248225e-05 5.901041169999093146e-13 1.685528665344901130e-05 3.980871266296617925e-05 5.906852085870885971e-13
1.166760716081661897e+01 1.094012234162464119e-05 2.045936852737649091e-05 5.860845441303571341e-13 8.691540650461849368e-06 2.076883160290913250e-05 5.868800499137318355e-13
1.555900421101123499e+01 5.480491926584404473e-06 1.020490485548849814e-05 5.789519709991558827e-13 4.310653622302799647e-06 1.039624817364085987e-05 5.797097077282875647e-13
2.074826557850288822e+01 2.648184474620866379e-06 4.958331882560340096e-06 5.507886824062980924e-13 2.074280882774063692e-06 5.034510022151752697e-06 5.514450872515424185e-13
2.766825682915017381e+01 1.251250642613554123e-06 2.375786337367783474e-06 4.804951574996262076e-13 9.809024662509054004e-07 2.387788039875847052e-06 4.810179715086205270e-13
3.689621347227100756e+01 5.861095458149459521e-07 1.132151986206150496e-06 4.018333396303038277e-13 4.613069672100920193e-07 1.122173180470973338e-06 4.021896084563983123e-13
4.920189143094656714e+01 2.742823716703579844e-07 5.369795014338954574e-07 3.280776582605154515e-13 2.170459986848334066e-07 5.263615672876618944e-07 3.282809563204951221e-13
6.561177672614024914e+01 1.284375876163172254e-07 2.540050499694636415e-07 2.624021283432175454e-13 1.022002664103858755e-07 2.470305228567251715e-07 2.624910449274141265e-13
8.749471046662279150e+01 6.010686640029469526e-08 1.201218209324649061e-07 2.038309772442063405e-13 4.808010503973793012e-08 1.159644031480987061e-07 2.038393641000785358e-13
1.166760716081661968e+02 2.807410936437834928e-08 5.669888713462760596e-08 1.512458835234324873e-13 2.255920277153735255e-08 5.440556394560730705e-08 1.512165221461656703e-13
1.555900421101123356e+02 1.305481379316957294e-08 2.668462268649806410e-08 1.076594740918948602e-13 1.052905302414186824e-08 2.547310005145509225e-08 1.076170764763967193e-13
2.074826557850288964e+02 6.018622886326217823e-09 1.249708430953093358e-08 7.392253271052353433e-14 4.866538930250836337e-09 1.187259756638718058e-08 7.387723065443511001e-14
2.766825682915017524e+02 2.734763579266778831e-09 5.805998002714854946e-09 4.907336856236825389e-14 2.214085865721669422e-09 5.487065477488985181e-09 4.903367176914666111e-14
3.689621347227101182e+02 1.216492513469939557e-09 2.668110275362337251e-09 3.153458857643393513e-14 9.850906497627680718e-10 2.502138180255942052e-09 3.150273507249163896e-14
4.920189143094656856e+02 5.266243363711122119e-10 1.209013139463744054e-09 1.963749747915870959e-14 4.261514871479803970e-10 1.120604536436491236e-09 1.961389535272539326e-14
6.561177672614023777e+02 2.209399788220672553e-10 5.389226669149653226e-10 1.186030658596574271e-14 1.785094892230988781e-10 4.914160049747679236e-10 1.184412374133827628e-14
8.749471046662279150e+02 8.963826891098024674e-11 2.361204983325700053e-10 6.940463705845488593e-15 7.225545878654447924e-11 2.106549128442043089e-10 6.930195064446609916e-15
1.166760716081661940e+03 3.516476196466908731e-11 1.017770625431533570e-10 3.919437088598783623e-15 2.825821317558074019e-11 8.831691890180918642e-11 3.913262275130532414e-15
1.555900421101123356e+03 1.335770019506392090e-11 4.323684393152802903e-11 2.126454611600028065e-15 1.069420146293499749e-11 3.627489083442191959e-11 2.122997762812481603e-15
2.074826557850288737e+03 4.925648205983685096e-12 1.813091362228139944e-11 1.108767027298653126e-15 3.928616526259462342e-12 1.464083925029263980e-11 1.106939823222701537e-15
2.766825682915017296e+03 1.769676920680216293e-12 7.530804553424272051e-12 5.601517089231136803e-16 1.406819115737228832e-12 5.822684616727762744e-12 5.592272635708196299e-16
3.689621347227101069e+03 6.229171472575571031e-13 3.107867588806097573e-12 2.780482914122038674e-16 4.936815115329988406e-13 2.290974260859993184e-12 2.775876562605601538e-16
4.920189143094656174e+03 2.164045249839679016e-13 1.278178690766144623e-12 1.373039841467867852e-16 1.709051764768878348e-13 8.966797778887385017e-13 1.370755196976603746e-16
6.561177672614025141e+03 7.480157651638139481e-14 5.253291089376700898e-13 6.778576589733775880e-17 5.880960731319901440e-14 3.510267770967968561e-13 6.767237440449673159e-17
8.749471046662278241e+03 2.594315617365750231e-14 2.162139779550594377e-13 3.343625774999997690e-17 2.026314839890566830e-14 1.379106547216152825e-13 3.337984302407010060e-17
1.166760716081662031e+04 9.094723804865311174e-15 8.931294723791803160e-14 1.643749460413696973e-17 7.032666434780026727e-15 5.444754292723117069e-14 1.640940119242806646e-17
1.555900421101123356e+04 3.236128143760552719e-15 3.705140969465902587e-14 8.028575433322517485e-18 2.466431679763493800e-15 2.160411993498615205e-14 8.014657388968460207e-18
2.074826557850289100e+04 1.169367018925006082e-15 1.538935055822725736e-14 3.883255797315934495e-18 8.740739078506715574e-16 8.590082399570692930e-15 3.876390729949366685e-18
2.766825682915017387e+04 4.278920446031478073e-16 6.370842771544429015e-15 1.854124156737772787e-18 3.121136289729629507e-16 3.402236951811765400e-15 1.850771986527527623e-18
3.689621347227100341e+04 1.576490242774366770e-16 2.620873817996564698e-15 8.713616083101425280e-19 1.117822471671698009e-16 1.334886053772325162e-15 8.697518360648191753e-19
4.920189143094656174e+04 5.811556992570837550e-17 1.063514231743502534e-15 4.019481608559928024e-19 3.995283963454853250e-17 5.146014320825492633e-16 4.011907887324293240e-19
6.561177672614024777e+04 2.131324711703476462e-17 4.230438910523826585e-16 1.814816599319590259e-19 1.419060328946107906e-17 1.935363549357038188e-16 1.811330126872545016e-19
8.749471046662278241e+04 7.733092164557535908e-18 1.641557861969367126e-16 7.996046236945501278e-20 4.985779855236302281e-18 7.072265143382395184e-17 7.980422639970243779e-20
1.166760716081661958e+05 2.766577446862369275e-18 6.179989363667672436e-17 3.426643985260434381e-20 1.727246395735968320e-18 2.499670851741814290e-17 3.419846543077258138e-20
1.555900421101123211e+05 9.731368495520358645e-19 2.252805350053138402e-17 1.423273969633188827e-20 5.881615730302971519e-19 8.509717203359603468e-18 1.420413960770363504e-20
2.074826557850289100e+05 3.353154943735173393e-19 7.961583588058606554e-18 5.709330733911433819e-21 1.963043930506119306e-19 2.784850733640454131e-18 5.697744149339794169e-21
2.766825682915017242e+05 1.128792440754170014e-19 2.717834501726715221e-18 2.204446089446180204e-21 6.407780306305343146e-20 8.737163986138550884e-19 2.199941584991676263e-21
3.689621347227101214e+05 3.709437488394135451e-20 8.933631419731892974e-19 8.169398235085994147e-22 2.041405404190979964e-20 2.625189391839809014e-19 8.152654377906178671e-22
4.920189143094656756e+05 1.185714648227093014e-20 2.846401946763813691e-19 2.900053734494501104e-22 6.326856790261604203e-21 7.594782895277433842e-20 2.894112590193734101e-22
6.561177672614024486e+05 3.667299980196104758e-21 8.776472774588216231e-20 9.855269031075773352e-23 1.900546993967860643e-21 2.106860440186040920e-20 9.835125703702630440e-23
8.749471046662279405e+05 1.094045338220100231e-21 2.600216899628673622e-20 3.209721505711484351e-23 5.529895795678951236e-22 5.580596641505878091e-21 3.203190841033906966e-23
1.166760716081662104e+06 3.153287181286272555e-22 7.339318934532574355e-21 1.005075132161519213e-23 1.562039263275699103e-22 1.420937582764063201e-21 1.003040762714400784e-23
1.555900421101123560e+06 8.811566291917812980e-23 1.971182287813765338e-21 3.041784301824728816e-24 4.300575357770554405e-23 3.478884112067214354e-22 3.035659994430570049e-24
2.074826557850289159e+06 2.401166893631574639e-23 5.040887289865435239e-22 8.956089556767169930e-25 1.161646092959681114e-23 8.211164061939427051e-23 8.938136497079180657e-25
2.766825682915017474e+06 6.425784158965241414e-24 1.227701007061387016e-22 2.583260664549975770e-25 3.095531912370512309e-24 1.880897672510670411e-23 2.578099562404024138e-25
3.689621347227101214e+06 1.703952661293807183e-24 2.865111247327177836e-23 7.344430688450938352e-26 8.209618800996821529e-25 4.223605849803063020e-24 7.329796337319219176e-26
4.920189143094656989e+06 4.507278622439776422e-25 6.448055343911434333e-24 2.068071022510652877e-26 2.175834404587170208e-25 9.411290735277479442e-25 2.063956920159376671e-26
6.561177672614024952e+06 1.194613276200268643e-25 1.413448600015229170e-24 5.786532809600198894e-27 5.776449007254669629e-26 2.089139436208115579e-25 5.775034942867013014e-27
8.749471046662278473e+06 3.181131039513654796e-26 3.052430729784969713e-25 1.612213264552596783e-27 1.540380095808554293e-26 4.653413659527684193e-26 1.609011832574018950e-27
1.166760716081662104e+07 8.524502067530255360e-27 6.523822394933104283e-26 4.478737442577341010e-28 4.131770929306867135e-27 1.048122798350184970e-26 4.469846230931000844e-28
1.555900421101123467e+07 2.296218183355631446e-27 1.395760920268759575e-26 1.241572321820334400e-28 1.112470177810786607e-27 2.416233375845197738e-27 1.239108067557094985e-28
2.074826557850288972e+07 6.211934787557545531e-28 3.003575005948740027e-27 3.434597118623864642e-29 3.004710818638490275e-28 5.637120985498180353e-28 3.427779976434417563e-29
2.766825682915017009e+07 1.684262945139096159e-28 6.528723503797568847e-28 9.468392899989739465e-30 8.119617102128461719e-29 1.342252219432756415e-28 9.449605989750636275e-30
3.689621347227101028e+07 4.565942564602883331e-29 1.436699924625743835e-28 2.595658311162062028e-30 2.190126965043619512e-29 3.250715377223934133e-29 2.590515110145332616e-30
4.920189143094656616e+07 1.235828230084452538e-29 3.229464936780286990e-29 7.075667409950968536e-31 5.900579628294797416e-30 7.998211280488977463e-30 7.061667178666557815e-31
6.561177672614024580e+07 3.341769740374505809e-30 7.335187393809256186e-30 1.922490312695087611e-31 1.590065965747755240e-30 2.003845941086935846e-30 1.918687372193770119e-31
8.749471046662279963e+07 9.031838595293236809e-31 1.702999043217699593e-30 5.211268753831967936e-32 4.281710234668866504e-31 5.094929070291631608e-31 5.200963820446452428e-32
1.166760716081662029e+08 2.438869135886212111e-31 4.050093029675418145e-31 1.408235904563878247e-32 1.150908595503557761e-31 1.306350887745009484e-31 1.405452404793075506e-32
1.555900421101123393e+08 6.573902764985964905e-32 9.782813062352542688e-32 3.789739511048339754e-33 3.083746775591753917e-32 3.373413433665250729e-32 3.782253648984057368e-33
2.074826557850289047e+08 1.766925506845685178e-32 2.398679562789523946e-32 1.014267105748565990e-33 8.223908480279618520e-33 8.744770030067889741e-33 1.012265449711104503e-33
2.766825682915017605e+08 4.730118432606797010e-33 5.947847965779881471e-33 2.694858198058054370e-34 2.179200585695917812e-33 2.266663258192264696e-33 2.689546588871147505e-34
3.689621347227101326e+08 1.259433358639488870e-33 1.491360877152055892e-33 7.091798049046060455e-35 5.726117592505093772e-34 5.857262388580287155e-34 7.077844508601547437e-35
4.920189143094656467e+08 3.329979866587782392e-34 3.759433384221988146e-34 1.842966855397313437e-35 1.488596528736985304e-34 1.504479040702346983e-34 1.839349580674052544e-35
6.561177672614024878e+08 8.728087298683730540e-35 9.485265227535912559e-35 4.712050329396768813e-36 3.819489626487719972e-35 3.826390406989239549e-35 4.702832786943246986e-36
8.749471046662279367e+08 2.263532913892125866e-35 2.389046334503384931e-35 1.180052465290648401e-36 9.649147016285410910e-36 9.605514302775220163e-36 1.177754517273310379e-36
1.166760716081662178e+09 5.796844872351734961e-36 5.976295970564168173e-36 2.879782315577080204e-37 2.394485066408934256e-36 2.372537779647077625e-36 2.874207674992358515e-37
1.555900421101123333e+09 1.462855822891538470e-36 1.481533801567785817e-36 6.809547964425361973e-38 5.823322036096988791e-37 5.751563425309765607e-37 6.796465564304971610e-38
2.074826557850289106e+09 3.628745327393053406e-37 3.623004570601263393e-37 1.550796906702980576e-38 1.384440307391496671e-37 1.364761305535040860e-37 1.547845384607284878e-38
2.766825682915017128e+09 8.821583034870393383e-38 8.711912546011093508e-38 3.380754199523201618e-39 3.207376774944436697e-38 3.159202488080193280e-38 3.374391942780107284e-39
3.689621347227100849e+09 2.093132032004289875e-38 2.048632379925598509e-38 7.011838451611411188e-40 7.205644586059537006e-39 7.096014097756643686e-39 6.998816824891593152e-40
4.920189143094656944e+09 4.818282378198226908e-39 4.680457399694348922e-39 1.374112717607073661e-40 1.556389868150101340e-39 1.533514201845066471e-39 1.371601426075842760e-40
6.561177672614025116e+09 1.065894166377231099e-39 1.028818389260517436e-39 2.520004295737187827e-41 3.182847916738103901e-40 3.141307448356171076e-40 2.515493734145913466e-41
8.749471046662279129e+09 2.231768863115828763e-40 2.141605785202303043e-40 4.254289079124092331e-42 6.000274599752702022e-41 5.943668246217784556e-41 4.246899098166675454e-42
1.166760716081661987e+10 4.318226512450178868e-41 4.121450668177914550e-41 6.419390613444937281e-43 9.972937605242383867e-42 9.955217665986692317e-42 6.408754314585548610e-43
1.555900421101123428e+10 7.446011617630964291e-42 7.072492149851032378e-42 8.228905650360082618e-44 1.357958332949452608e-42 1.378468896457817980e-42 8.216347421391109412e-44
2.074826557850289154e+10 1.084531416244563473e-42 1.027384933792247038e-42 8.220864966287222905e-45 1.336778021371928171e-43 1.413463874126736128e-43 8.210151761654263587e-45
2.766825682915017319e+10 1.231850493443764594e-43 1.178706137239677781e-43 5.491714897417301576e-46 7.500560151067608839e-45 8.970403422529266316e-45 5.486590757668171865e-46
3.689621347227101135e+10 9.593322579745037601e-45 9.884514564246405289e-45 1.760288608346890809e-47 1.347423479560540456e-46 2.858063946508216222e-46 1.759558193490586655e-47
4.920189143094656372e+10 4.055283265912243422e-46 6.167499351472181832e-46 0.000000000000000000e+00 8.793286257110157808e-49 9.556022109007506054e-48 0.000000000000000000e+00
6.561177672614024353e+10 6.270849293442018294e-48 3.792783543553026702e-47 0.000000000000000000e+00 3.147281105405423650e-50 4.558915103419134088e-49 0.000000000000000000e+00
8.749471046662280273e+10 5.294675129620119409e-52 1.176383643992300998e-48 0.000000000000000000e+00 2.129965009398689123e-52 8.027012885263078864e-51 0.000000000000000000e+00
