1.166760716081661986e+00 6.509475641923754630e-04 1.215237683831189245e-03 5.354460072818909739e-13 5.646388112248283166e-04 1.216600148913590199e-03 5.384531293117033578e-13
1.555900421101123365e+00 4.391640813048422248e-04 8.289914061701980121e-04 5.764991949966850343e-13 3.795072561240866310e-04 8.283250114383012425e-04 5.779943246956566212e-13
2.074826557850288911e+00 2.889922454887134643e-04 5.484004596828382294e-04 6.005974027373658185e-13 2.480128672665615546e-04 5.484313606791952180e-04 6.016510803220571205e-13
2.766825682915017293e+00 1.841987825092299125e-04 3.505656127266167338e-04 6.012271465555843102e-13 1.567032893710993823e-04 3.510692248560245564e-04 6.012681001048589109e-13
3.689621347227101111e+00 1.132774876415173826e-04 2.159430709886449372e-04 6.008843961843982702e-13 9.536283308949723497e-05 2.164906427899055948e-04 6.012409787026651250e-13
4.920189143094656714e+00 6.712223111679792601e-05 1.278363750211846121e-04 6.009444363771839046e-13 5.578678176829734585e-05 1.283532589432252020e-04 6.009818145825830620e-13
6.561177672614024736e+00 3.824774809875698185e-05 7.258737022766166688e-05 6.006801026152898123e-13 3.131879958331448361e-05 7.303811034276816742e-05 6.007634132491452375e-13
8.749471046662279150e+00 2.090221262537545065e-05 3.942736896319133948e-05 6.000501260661570742e-13 1.684868215164417394e-05 3.981059069509364825e-05 6.006414680899627746e-13
1.166760716081661897e+01 1.093128968568170187e-05 2.046161765044714464e-05 5.959591798474048551e-13 8.687457038145041317e-06 2.076832714182181249e-05 5.967685719133364430e-13
1.555900421101123499e+01 5.475287521778539172e-06 1.020645867692957466e-05 5.887012519745676873e-13 4.308560039831405314e-06 1.039577131473649809e-05 5.894719462895568878e-13
2.074826557850288822e+01 2.645284549740206070e-06 4.959583625711242679e-06 5.600399025131007647e-13 2.073282710723284270e-06 5.034450213660994401e-06 5.607073930860508907e-13
2.766825682915017381e+01 1.249441741910050464e-06 2.376525789311099833e-06 4.885069098177122121e-13 9.802427318727417225e-07 2.387749348969763674e-06 4.890384039294449510e-13
3.689621347227100756e+01 5.846302651334229058e-07 1.132265160623092027e-06 4.084789485674811451e-13 4.605664503988303212e-07 1.121808965547088220e-06 4.088409395163831399e-13
4.920189143094656714e+01 2.728209874222678519e-07 5.365579563482728746e-07 3.334622890634309654e-13 2.161117156556957698e-07 5.255988492724289323e-07 3.336687318388137118e-13
6.561177672614024914e+01 1.269610438587844623e-07 2.532214950041425309e-07 2.666781934077614411e-13 1.011341929344706422e-07 2.459652518375517400e-07 2.667683380482220620e-13
8.749471046662279150e+01 5.870362193932291994e-08 1.191701792903478481e-07 2.071263055007929592e-13 4.700700778931722493e-08 1.147654613299875459e-07 2.071346069585484333e-13
1.166760716081661968e+02 2.685556935119683433e-08 5.575022753031752370e-08 1.536646762264865752e-13 2.160054423851896848e-08 5.324378216950262199e-08 1.536346571210961681e-13
1.555900421101123356e+02 1.209837506101188804e-08 2.586357887677053067e-08 1.093580948581454507e-13 9.765280068909265284e-09 2.448080192188636590e-08 1.093148755516555456e-13
2.074826557850288964e+02 5.341862314315605310e-09 1.186755788772038517e-08 7.507052816814488968e-14 4.321681205884666979e-09 1.111761404232508170e-08 7.502440259855436624e-14
2.766825682915017524e+02 2.302118748578796094e-09 5.373477546121666486e-09 4.982156495830884476e-14 1.864203235650021140e-09 4.971457604664729321e-09 4.978117090904375792e-14
3.689621347227101182e+02 9.651752582650045359e-10 2.399005774357190365e-09 3.200512983201629248e-14 7.813533933198264200e-10 2.183367739992830352e-09 3.197273242021138192e-14
4.920189143094656856e+02 3.929140916130318300e-10 1.055650910058044804e-09 1.992315269452857340e-14 3.176327620958750386e-10 9.403671167673063281e-10 1.989915773821796885e-14
6.561177672614023777e+02 1.551891880088976772e-10 4.578633356678807506e-10 1.202767252652387140e-14 1.251375666842086710e-10 3.971254349028116395e-10 1.201122772782990256e-14
8.749471046662279150e+02 5.948073440961210534e-11 1.958700194000599669e-10 7.034836872149909755e-15 4.778895107892778319e-11 1.644684252457513442e-10 7.024407092707579497e-15
1.166760716081661940e+03 2.215285966365328201e-11 8.277269566200986036e-11 3.970257066913594807e-15 1.771397573848276890e-11 6.689091700854621741e-11 3.963989302255934004e-15
1.555900421101123356e+03 8.037835231592027352e-12 3.462351834251154940e-11 2.152316392312276836e-15 6.390207609057607027e-12 2.677136454722553216e-11 2.148810341307976584e-15
2.074826557850288737e+03 2.852464750770520417e-12 1.435592091006027421e-11 1.121116030766018341e-15 2.253537247718301985e-12 1.057981487364130204e-11 1.119264740508764701e-15
2.766825682915017296e+03 9.955472266010080225e-13 5.921364468228960304e-12 5.656919663051168919e-16 7.814704394496575865e-13 4.142577208103866150e-12 5.647565614018986762e-16
3.689621347227101069e+03 3.443126814222995980e-13 2.437324307361631203e-12 2.804095060335358724e-16 2.684196523337636092e-13 1.614887421054539851e-12 2.799441304585486380e-16
4.920189143094656174e+03 1.190577349822601815e-13 1.003497989094559626e-12 1.382734268338307307e-16 9.208596900336244262e-14 6.304069611530169501e-13 1.380429868990558453e-16
6.561177672614025141e+03 4.149198929714107982e-14 4.136822188848716159e-13 6.817157473351018297e-17 3.179450918737885518e-14 2.476289490766908178e-13 6.805738639588534663e-17
8.749471046662278241e+03 1.466551322691039841e-14 1.706827225479309838e-13 3.358464271109422711e-17 1.110835165614856456e-14 9.798016086451828172e-14 3.352791754530527256e-17
1.166760716081662031e+04 5.275227384527875435e-15 7.046568417986100198e-14 1.649220497746715104e-17 3.938423892621434386e-15 3.897086589930008679e-14 1.646399541592772167e-17
1.555900421101123356e+04 1.929998479849076395e-15 2.906649554009812729e-14 8.047655633600142556e-18 1.416220206094924666e-15 1.553639144948093321e-14 8.033696397575364750e-18
2.074826557850289100e+04 7.157627924621444476e-16 1.192502578818029392e-14 3.889398187837544937e-18 5.148291946035469798e-16 6.174652168602438898e-15 3.882519486013553602e-18
2.766825682915017387e+04 2.677888315452524164e-16 4.842110723313222088e-15 1.855854830453008271e-18 1.882965429733563108e-16 2.428473802766286213e-15 1.852498635592136352e-18
3.689621347227100341e+04 1.004725630062960968e-16 1.942501550330548918e-15 8.717232124280509197e-19 6.894916495896044194e-17 9.399867434884925216e-16 8.701124989115812599e-19
4.920189143094656174e+04 3.761189251682289709e-17 7.654717032515913504e-16 4.019513229107187398e-19 2.516870863997398803e-17 3.556456518299132610e-16 4.011938685761756834e-19
6.561177672614024777e+04 1.399408247686289628e-17 2.951361330236387255e-16 1.814261898463291332e-19 9.132487931611280985e-18 1.308426863758468635e-16 1.810776306205857404e-19
8.749471046662278241e+04 5.154974202109955974e-18 1.110872833222816806e-16 7.991700182579365909e-20 3.282618325221522037e-18 4.674532127749805762e-17 7.976084706176216000e-20
1.166760716081661958e+05 1.875967696655307193e-18 4.067110265747207064e-17 3.424171583375383673e-20 1.165831749592288040e-18 1.617780210571188734e-17 3.417379002363811166e-20
1.555900421101123211e+05 6.728060373056253408e-19 1.447415225581091293e-17 1.422059386362014904e-20 4.078305371702443040e-19 5.408344748466336592e-18 1.419201827972622829e-20
2.074826557850289100e+05 2.368871547272571130e-19 5.016788839544497924e-18 5.703905702183360107e-21 1.400445178732010824e-19 1.744664906082091542e-18 5.692330229554658642e-21
2.766825682915017242e+05 8.160405274399882897e-20 1.687267963488886189e-18 2.202202990429294199e-21 4.705449306142876227e-20 5.417338788607691456e-19 2.197703105472727008e-21
3.689621347227101214e+05 2.744980882915709682e-20 5.486310243935158051e-19 8.160702954876446698e-22 1.541897875945437549e-20 1.617380308609280805e-19 8.143977099184031898e-22
4.920189143094656756e+05 8.978126793391308141e-21 1.735078121856594844e-19 2.896890427602433976e-22 4.908329819028488800e-21 4.665612183891653095e-20 2.890955804655350737e-22
6.561177672614024486e+05 2.841101613334410510e-21 5.324072829617516691e-20 9.844396402609521950e-23 1.512492005290256859e-21 1.294387142388333302e-20 9.824275396389470596e-23
8.749471046662279405e+05 8.674792393378308479e-22 1.573138142886208548e-20 3.206155955410813327e-23 4.508912604184245252e-22 3.438202193193526987e-21 3.199632566234826582e-23
1.166760716081662104e+06 2.559741255631921112e-22 4.436575665736127788e-21 1.003948964491451441e-23 1.303332122485010692e-22 8.801264037089269742e-22 1.001916878979081622e-23
1.555900421101123560e+06 7.325040265743614445e-23 1.192484964775261239e-21 3.038316889330617304e-24 3.667931404876679645e-23 2.171980159414627584e-22 3.032199576260999318e-24
2.074826557850289159e+06 2.044348246561582821e-23 3.056552724179078944e-22 8.945531080911492491e-25 1.011486036424043360e-23 5.182413235919387952e-23 8.927599244900918460e-25
2.766825682915017474e+06 5.602057943510949125e-24 7.473513761669715555e-23 2.580030848076902823e-25 2.749147995526285203e-24 1.204191963245642014e-23 2.574876230004441381e-25
3.689621347227101214e+06 1.519361377715618549e-24 1.754144843636609259e-23 7.334360194167696743e-26 7.422836218828859488e-25 2.753508634555025293e-24 7.319746073815023827e-26
4.920189143094656989e+06 4.102671140068566984e-25 3.979273411934537502e-24 2.064837058132638105e-26 1.999309490857203845e-25 6.272653808381460553e-25 2.060729469886667545e-26
6.561177672614024952e+06 1.107397584213824649e-25 8.815628628798582134e-25 5.775793043378060417e-27 5.385894215786909700e-26 1.430235167809780989e-25 5.764316884187377283e-27
8.749471046662278473e+06 2.995004280298500643e-26 1.929854120126479394e-25 1.608532089513038866e-27 1.454421795447077460e-26 3.287131658962929794e-26 1.605338126534756816e-27
1.166760716081662104e+07 8.126895600532483745e-27 4.196808519155433807e-26 4.465789585683971129e-28 3.941438828174305270e-27 7.668421109065718240e-27 4.456924737262231132e-28
1.555900421101123467e+07 2.211082221113806414e-27 9.172278466642417928e-27 1.236932442378237876e-28 1.070338363733604311e-27 1.832576757947001784e-27 1.234477661255080073e-28
2.074826557850288972e+07 6.027001325410297781e-28 2.024662481534852754e-27 3.417777962066233614e-29 2.909792478918247617e-28 4.439559803630630533e-28 3.410995239224392599e-29
2.766825682915017009e+07 1.642902173865243635e-28 4.531689504806711109e-28 9.407137732084691411e-30 7.898091524990867700e-29 1.095402436351274665e-28 9.388476378246610843e-30
3.689621347227101028e+07 4.468978159976007241e-29 1.030137112522907962e-28 2.573364364945495388e-30 2.135705823406135009e-29 2.739757237690766647e-29 2.568266881234677882e-30
4.920189143094656616e+07 1.211726185463853829e-29 2.394159540722770225e-29 6.994742299390667053e-31 5.757788112329998842e-30 6.932732281797798236e-30 6.980908040178911875e-31
6.561177672614024580e+07 3.277142750963579553e-30 5.632546165881803632e-30 1.893183502320217117e-31 1.549775181636157725e-30 1.776219015881574909e-30 1.889440721066935015e-31
8.749471046662279963e+07 8.844981497886775293e-31 1.352441695275648357e-30 5.105474013967757294e-32 4.160375872186349308e-31 4.591285224653827521e-31 5.095386441517400064e-32
1.166760716081662029e+08 2.381378013935112155e-31 3.313506539788007023e-31 1.370240396842061870e-32 1.112455829860824931e-31 1.190835840600311545e-31 1.367535032399623010e-32
1.555900421101123393e+08 6.389111934350738066e-32 8.215213478854019707e-32 3.654281263750799799e-33 2.958060763618164227e-32 3.093322163760302561e-32 3.647074178540822607e-33
2.074826557850289047e+08 1.706032818312411621e-32 2.057079003504385780e-32 9.664527543095687024e-34 7.807553036508214268e-33 8.021560051762598450e-33 9.645495608653310633e-34
2.766825682915017605e+08 4.527572141693469185e-33 5.180471701763027718e-33 2.528285393259968675e-34 2.041367828415642020e-33 2.069108520261752504e-33 2.523316880776866746e-34
3.689621347227101326e+08 1.192275032711928610e-33 1.310305663148037605e-33 6.521338266681109574e-35 5.275178536002814466e-34 5.293265430071286518e-34 6.508559290559250619e-35
4.920189143094656467e+08 3.110005554573976906e-34 3.311362464130672573e-34 1.651845751709316710e-35 1.344072316863232872e-34 1.339212434915870503e-34 1.648621488552653609e-35
6.561177672614024878e+08 8.020892124453018755e-35 8.327968952182642695e-35 4.089347289695606673e-36 3.368836629090656428e-35 3.340046429340214995e-35 4.081406899088903136e-36
8.749471046662279367e+08 2.041430239758721419e-35 2.079064378227268536e-35 9.841098715869550046e-37 8.289138362672221549e-36 8.190681192415712488e-36 9.822120566361115411e-37
1.166760716081662178e+09 5.117639889472651823e-36 5.130901652800216610e-36 2.288987840220291703e-37 1.998767679796916399e-36 1.970423860535875364e-36 2.284611809029297722e-37
1.555900421101123333e+09 1.261143095884136404e-36 1.249261923728574429e-36 5.117077896005237094e-38 4.716252264869160083e-37 4.642775960997602449e-37 5.107397968867167472e-38
2.074826557850289106e+09 3.048490570267718221e-37 2.990021755328031947e-37 1.094011970708581784e-38 1.087319104596397234e-37 1.069689788281926726e-37 1.091967725614300132e-38
2.766825682915017128e+09 7.210105068245061747e-38 7.017134095616079489e-38 2.228109847238387401e-39 2.444292018483195569e-38 2.404747384894594103e-38 2.224002658150694114e-39
3.689621347227100849e+09 1.663025985141811720e-38 1.607922181877956328e-38 4.309621252083678641e-40 5.337596879941958155e-39 5.253220130524401538e-39 4.301791903102912991e-40
4.920189143094656944e+09 3.722168470225838825e-39 3.578472891284372804e-39 7.889154213961441334e-41 1.123652569491485443e-39 1.106854677780344872e-39 7.875050095682803333e-41
6.561177672614025116e+09 8.017162867891661529e-40 7.669433686829770689e-40 1.358016990535559028e-41 2.247146754014826962e-40 2.217624399836463792e-40 1.355636735342847355e-41
8.749471046662279129e+09 1.638407038568622669e-40 1.559870727962360418e-40 2.167450583638361654e-42 4.157785828145988365e-41 4.118357535717450462e-41 2.163758007318352058e-42
1.166760716081661987e+10 3.104005484377075241e-41 2.941236336874924919e-41 3.117808024771462241e-43 6.806234460306895131e-42 6.793292398474311570e-42 3.112733050951675552e-43
1.555900421101123428e+10 5.258611695040702413e-42 4.959661530131977428e-42 3.841920888599272375e-44 9.155992917209632204e-43 9.290952992264866837e-43 3.836151485090372825e-44
2.074826557850289154e+10 7.549216686423692817e-43 7.096923927990652685e-43 3.717863439108382652e-45 8.927605809502131690e-44 9.430116236316067203e-44 3.713087971112925075e-45
2.766825682915017319e+10 8.472938860933506924e-44 8.028161632082076343e-44 2.421477699279109278e-46 4.972431642700625836e-45 5.926366718750691704e-45 2.419244751941013390e-46
3.689621347227101135e+10 6.531428319192241104e-45 6.622803828578215061e-45 7.605074069573538263e-48 8.885276406598913072e-47 1.854209307677982618e-46 7.601923070178411167e-48
4.920189143094656372e+10 2.736441498268287553e-46 4.035133694685255154e-46 0.000000000000000000e+00 5.593939778736267726e-49 5.974867864410680171e-48 0.000000000000000000e+00
6.561177672614024353e+10 4.192808801192774503e-48 2.432473906541660634e-47 0.000000000000000000e+00 2.004899562748447982e-50 2.826860376910857435e-49 0.000000000000000000e+00
8.749471046662280273e+10 3.381665703276376833e-52 7.515692670368365381e-49 0.000000000000000000e+00 1.358686430607679390e-52 4.903704902127800151e-51 0.000000000000000000e+00
