1.166760716081661986e+00 6.508022168169705400e-04 1.214839276283298432e-03 5.318019238723625053e-13 5.644918480463995700e-04 1.216211326851074012e-03 5.347879985668401618e-13
1.555900421101123365e+00 4.390904253499332255e-04 8.287449885555122622e-04 5.725756403005066761e-13 3.794285674984184970e-04 8.280846975971073399e-04 5.740609089472998619e-13
2.074826557850288911e+00 2.889635747827688436e-04 5.482569117244526658e-04 5.965097191211360984e-13 2.479770979694345678e-04 5.482930214921041476e-04 5.975563821250047801e-13
2.766825682915017293e+00 1.841944654027424593e-04 3.504880375410110807e-04 5.971347699537428001e-13 1.566916282231140543e-04 3.509961858932124563e-04 5.971761264883055962e-13
3.689621347227101111e+00 1.132838896301939269e-04 2.159046953895673790e-04 5.967946194964694792e-13 9.536271202504325456e-05 2.164558210172336369e-04 5.971490776944174612e-13
4.920189143094656714e+00 6.713181042658080224e-05 1.278194804749110416e-04 5.968542839182206832e-13 5.579093730702481434e-05 1.283390403877508344e-04 5.968917552325650175e-13
6.561177672614024736e+00 3.825681724957639702e-05 7.258106727076033449e-05 5.965920499275525871e-13 3.132352848400692070e-05 7.303388321892645202e-05 5.966746025155390930e-13
8.749471046662279150e+00 2.090929096303503689e-05 3.942549083750002158e-05 5.959663540435543325e-13 1.685243478530509372e-05 3.981040119890852028e-05 5.965534233814394544e-13
1.166760716081661897e+01 1.093613355856687867e-05 2.046111168676693402e-05 5.919051464638341596e-13 8.689905183212896087e-06 2.076920450990689051e-05 5.927088049107490725e-13
1.555900421101123499e+01 5.478297432672412581e-06 1.020618388365409736e-05 5.846992113936555964e-13 4.309972670749251878e-06 1.039654136641611746e-05 5.854645810225956404e-13
2.074826557850288822e+01 2.647115922732085897e-06 4.959370982789721309e-06 5.562450895544833601e-13 2.074111759999723087e-06 5.034934766452715365e-06 5.569080386547657183e-13
2.766825682915017381e+01 1.250700657962970050e-06 2.376502234746545494e-06 4.852269922024652582e-13 9.808725135498801623e-07 2.388161001796948892e-06 4.857549451563154386e-13
3.689621347227100756e+01 5.856967058087049931e-07 1.132505256868575289e-06 4.057627450147092232e-13 4.612096025797374840e-07 1.122334842712610308e-06 4.061224160267336347e-13
4.920189143094656714e+01 2.738439665032113247e-07 5.370258845667321526e-07 3.312639614864288569e-13 2.168210998688528815e-07 5.262828606777233663e-07 3.314691376932653754e-13
6.561177672614024914e+01 1.279434026181248595e-07 2.538311014782622387e-07 2.649339958911022333e-13 1.018687503874733327e-07 2.467569079947735166e-07 2.650236568143854793e-13
8.749471046662279150e+01 5.958648465539082023e-08 1.198175232263233767e-07 2.057835743913365355e-13 4.769298797866713620e-08 1.155700728422750623e-07 2.057919256087508340e-13
1.166760716081661968e+02 2.757716291507737839e-08 5.634276547454552839e-08 1.526807414945763555e-13 2.217257126424640851e-08 5.396631322555988974e-08 1.526510009099034777e-13
1.555900421101123356e+02 1.262844581121165117e-08 2.634004904843950015e-08 1.086684434904354324e-13 1.019018329932787055e-08 2.505573874374829608e-08 1.086255656151780027e-13
2.074826557850288964e+02 5.691342588423677137e-09 1.220759023672193313e-08 7.460535697378629729e-14 4.603626160446188677e-09 1.152483224479663617e-08 7.455957067675082220e-14
2.766825682915017524e+02 2.510076442946396604e-09 5.591199882310404548e-09 4.951901594504564635e-14 2.032598357775874624e-09 5.230343439365285264e-09 4.947890779792195932e-14
3.689621347227101182e+02 1.077950186255410653e-09 2.525813508227931501e-09 3.181527257757683338e-14 8.728705366446858080e-10 2.332894171906668229e-09 3.178309734648928239e-14
4.920189143094656856e+02 4.492807337600151510e-10 1.123860518122828707e-09 1.980816763134086771e-14 3.634239284248931247e-10 1.019941195412216922e-09 1.978433258412042058e-14
6.561177672614023777e+02 1.814400546336390783e-10 4.922616497537699652e-10 1.196047844248960018e-14 1.464673283964913664e-10 4.367064466237491509e-10 1.194413989423989710e-14
8.749471046662279150e+02 7.098044602775313320e-11 2.123566266677401614e-10 6.997062334478848234e-15 5.712796429543007119e-11 1.831068905648732162e-10 6.986697650365993734e-15
1.166760716081661940e+03 2.692829443507450843e-11 9.036473827899240130e-11 3.949992990868761837e-15 2.158750478976512363e-11 7.528781218694975538e-11 3.943762590782452534e-15
1.555900421101123356e+03 9.928952176622589148e-12 3.800606414136916931e-11 2.142057177764857345e-15 7.921477191034161762e-12 3.041752438532826753e-11 2.138570785396900589e-15
2.074826557850288737e+03 3.569944245931089341e-12 1.582058959098161280e-11 1.116251171259609046e-15 2.833610092187757870e-12 1.211364718257944482e-11 1.114409432112225957e-15
2.766825682915017296e+03 1.257490511355728928e-12 6.540242793172341778e-12 5.635287860775417236e-16 9.931596963193912115e-13 4.769478483617317526e-12 5.625976868587512731e-16
3.689621347227101069e+03 4.368871812901110985e-13 2.693582754712420779e-12 2.794973214184698695e-16 3.432866687948945814e-13 1.864794829660472222e-12 2.790337886438353738e-16
4.920189143094656174e+03 1.509895136922564448e-13 1.108242673886965741e-12 1.379033538494733338e-16 1.179402323247801022e-13 7.282375358760486959e-13 1.376736734847764399e-16
6.561177672614025141e+03 5.235021577805025895e-14 4.564117405593463417e-13 6.802629654644572580e-17 4.059634033880920937e-14 2.855680126122251726e-13 6.791241096239605611e-17
8.749471046662278241e+03 1.834755117707277492e-14 1.882920967260447315e-13 3.352971682055247024e-17 1.409220553464036570e-14 1.126996980351341918e-13 3.347310790205314742e-17
1.166760716081662031e+04 6.534202600684417971e-15 7.787501761204810800e-14 1.647242959945159467e-17 4.954326318228933958e-15 4.473739950567644593e-14 1.644426268242530019e-17
1.555900421101123356e+04 2.367491448686524776e-15 3.226500583922319370e-14 8.041007545774764137e-18 1.765455658837558915e-15 1.783194897961432035e-14 8.027062991562225685e-18
2.074826557850289100e+04 8.707145529471788904e-16 1.333534462794083344e-14 3.887392653919298504e-18 6.361953605442370229e-16 7.103735883787789483e-15 3.880518572100699304e-18
2.766825682915017387e+04 3.235715972276226079e-16 5.470301952443533147e-15 1.855366521534801800e-18 2.308085799986732905e-16 2.808278543304604415e-15 1.852011553712125034e-18
3.689621347227100341e+04 1.207346061426704700e-16 2.221493809607792398e-15 8.716693833933620463e-19 8.386927404084685542e-17 1.095274042223821186e-15 8.700588731493083819e-19
4.920189143094656174e+04 4.497029691070388386e-17 8.871827098880059664e-16 4.019898647375089978e-19 3.037803980557927203e-17 4.182316162727024296e-16 4.012323661368659837e-19
6.561177672614024777e+04 1.664248527630091428e-17 3.467093421744473472e-16 1.814654927185055009e-19 1.092992085539277160e-17 1.554066830556471462e-16 1.811168645302408713e-19
8.749471046662278241e+04 6.092155493087546214e-18 1.321561695378692690e-16 7.994157506099686144e-20 3.891443668064451875e-18 5.605702812373986661e-17 7.978537341042984728e-20
1.166760716081661958e+05 2.200439149184624364e-18 4.892691835219608938e-17 3.425453942432956679e-20 1.367360376708027947e-18 1.956644859257156955e-17 3.418658821354062459e-20
1.555900421101123211e+05 7.823355491707997088e-19 1.757510843234307125e-17 1.422660906481961112e-20 4.727730435144916775e-19 6.587327221499076970e-18 1.419802130709290073e-20
2.074826557850289100e+05 2.728032663044350297e-19 6.136494305172969235e-18 5.706514119518750798e-21 1.603638768914995351e-19 2.136299009232085834e-18 5.694933297035013516e-21
2.766825682915017242e+05 9.302217395201026829e-20 2.075213136647873202e-18 2.203258597809786465e-21 5.322076423959453049e-20 6.657293858805671799e-19 2.198756538557041971e-21
3.689621347227101214e+05 3.097359409061573847e-20 6.774092616675296055e-19 8.164726830647002784e-22 1.723397274352634534e-20 1.991480649903507236e-19 8.147992647381906622e-22
4.920189143094656756e+05 1.003115037172162391e-20 2.147910939506218548e-19 2.898333889462529132e-22 5.425530712059704870e-21 5.748076316409209287e-20 2.892396293953029941e-22
6.561177672614024486e+05 3.143743591210537779e-21 6.601497250951242584e-20 9.849300062929068543e-23 1.654544709663851042e-21 1.593709402910343453e-20 9.829169004551674593e-23
8.749471046662279405e+05 9.506363100643813711e-22 1.952163620612862421e-20 3.207750111169860449e-23 4.884430863327072746e-22 4.225930091793095580e-21 3.201223474438822881e-23
1.166760716081662104e+06 2.778135432683247957e-22 5.506042063302899506e-21 1.004450057791644005e-23 1.399013699552507029e-22 1.078778903481853063e-21 1.002416957538583905e-23
1.555900421101123560e+06 7.873630658284914710e-23 1.479138373922370302e-21 3.039860001927935271e-24 3.903383697083372859e-23 2.651920922623768580e-22 3.033739579250971334e-24
2.074826557850289159e+06 2.176468247675436629e-23 3.786831682992177410e-22 8.950258092664466235e-25 1.067743331086221927e-23 6.295002801229263208e-23 8.932316757084711247e-25
2.766825682915017474e+06 5.908127547231402360e-24 9.241608972955955151e-23 2.581493889365398886e-25 2.879763152916985042e-24 1.452941401499705331e-23 2.576336332303256465e-25
3.689621347227101214e+06 1.588185574864215134e-24 2.163270961913455910e-23 7.338996281324435638e-26 7.721161147747605342e-25 3.294363978378499783e-24 7.324372834779360465e-26
4.920189143094656989e+06 4.254008605482965950e-25 4.889082284140391141e-24 2.066353110866225880e-26 2.066518191617917038e-25 7.428438690950859722e-25 2.062242463421921531e-26
6.561177672614024952e+06 1.140121278350343772e-25 1.077751816580539537e-24 5.780915710167810167e-27 5.535071410005081348e-26 1.673112148568652421e-25 5.769429177875544433e-27
8.749471046662278473e+06 3.065089054857795502e-26 2.344339684856914923e-25 1.610313492936459423e-27 1.487357324654911157e-26 3.791247761860111353e-26 1.607115909678189002e-27
1.166760716081662104e+07 8.277376619187153336e-27 5.056969069012757534e-26 4.472123074651101532e-28 4.014711790866550442e-27 8.707485422795614990e-27 4.463245313896796120e-28
1.555900421101123467e+07 2.243577008448461899e-27 1.094332526250027398e-26 1.239218532723591857e-28 1.086708702984190529e-27 2.048521600983216392e-27 1.236759079605536463e-28
2.074826557850288972e+07 6.098577513058117388e-28 2.387461860284061234e-27 3.426101281469645527e-29 2.947268896415944823e-28 4.883679224994099535e-28 3.419301513190817835e-29
2.766825682915017009e+07 1.659259449166165418e-28 5.273015579640561387e-28 9.437520739320995855e-30 7.987724392476829760e-29 1.187283409552764711e-28 9.418797073796458546e-30
3.689621347227101028e+07 4.508495719839499098e-29 1.181360342434541315e-28 2.584431161142068104e-30 2.158455112813321323e-29 2.931059730144963108e-29 2.579310972510680671e-30
4.920189143094656616e+07 1.221921123024012506e-29 2.705680096259134256e-29 7.034901133730159350e-31 5.819728811080102234e-30 7.335440385962756476e-30 7.020984476045655875e-31
6.561177672614024580e+07 3.305557483748039602e-30 6.269955120820570385e-30 1.907708865722890989e-31 1.567879709264568092e-30 1.863514229338375568e-30 1.903936255428019296e-31
8.749471046662279963e+07 8.929964730910544475e-31 1.484420820678341622e-30 5.157798317289941623e-32 4.216461863504819095e-31 4.788508560313141369e-31 5.147603199265589245e-32
1.166760716081662029e+08 2.408188400533629557e-31 3.593130389968910769e-31 1.388975256060066688e-32 1.130565760293348266e-31 1.237351256449739781e-31 1.386231350734774443e-32
1.555900421101123393e+08 6.476628192228984846e-32 8.817625480588317122e-32 3.720800405652691915e-33 3.017834677415524577e-32 3.209829012342149989e-32 3.713456383296053363e-33
2.074826557850289047e+08 1.735079128097786765e-32 2.190614511068153710e-32 9.898081582742478597e-34 8.006063798084862580e-33 8.332148735453862286e-33 9.878568624879602386e-34
2.766825682915017605e+08 4.624264641972135769e-33 5.487172305265746118e-33 2.609097855454425266e-34 2.106885695493296170e-33 2.156209419199174329e-33 2.603962900499629548e-34
3.689621347227101326e+08 1.224213540164051090e-33 1.384494159446647334e-33 6.795723473965665593e-35 5.487976253552873299e-34 5.546185260217724178e-34 6.782379764099969877e-35
4.920189143094656467e+08 3.213873547016588880e-34 3.499501690490018283e-34 1.742784356494263421e-35 1.411551969133963085e-34 1.413833549116523485e-34 1.739373254456032717e-35
6.561177672614024878e+08 8.351622222024141169e-35 8.823895083956657068e-35 4.381671494560970543e-36 3.576462089793690397e-35 3.559322468066026914e-35 4.373132474244185889e-36
8.749471046662279367e+08 2.144123318678294852e-35 2.213683205569461309e-35 1.074572679523266309e-36 8.906116063891880038e-36 8.823725357449383410e-36 1.072490579456879847e-36
1.166760716081662178e+09 5.427725273794567670e-36 5.500385693102389291e-36 2.556240755504445625e-37 2.175267867192157762e-36 2.148230058164255695e-36 2.551324458616121687e-37
1.555900421101123333e+09 1.351983678884449261e-36 1.350745584938611927e-36 5.864180425926688117e-38 5.201267422001799033e-37 5.125965107590663582e-37 5.853006071065488422e-38
2.074826557850289106e+09 3.306033556813302607e-37 3.265104601342302780e-37 1.289978699444758069e-38 1.215119917481251425e-37 1.196206200017893728e-37 1.287547806978471924e-38
2.766825682915017128e+09 7.914422864297811543e-38 7.746753505710215673e-38 2.707060102370332065e-39 2.766540325891588014e-38 2.722769982597447173e-38 2.702023638719809805e-39
3.689621347227100849e+09 1.847998444521279805e-38 1.795353300899390794e-38 5.394805701306515124e-40 6.112483781214895018e-39 6.016906003449308655e-39 5.384911228367062891e-40
4.920189143094656944e+09 4.185812882901121044e-39 4.040633517321443857e-39 1.015936645371720113e-40 1.300156049288068801e-39 1.280808873477335612e-39 1.014103607711359912e-40
6.561177672614025116e+09 9.116336752318052800e-40 8.751588885445401812e-40 1.794024093960974713e-41 2.622984106431415234e-40 2.588602042850964566e-40 1.790853000028466353e-41
8.749471046662279129e+09 1.881430621818875448e-40 1.796770546054052360e-40 2.926872045196763548e-42 4.887904404344369192e-41 4.841732099020493721e-41 2.921847997918618661e-42
1.166760716081661987e+10 3.594175607122686826e-41 3.415271124339072569e-41 4.287269588445651554e-43 8.046637265453724904e-42 8.032038971952959917e-42 4.280244474798973733e-43
1.555900421101123428e+10 6.130386872710724565e-42 5.797681313496931584e-42 5.360439781863406194e-44 1.087197889569104696e-42 1.103449303659993712e-42 5.352342840281469404e-44
2.074826557850289154e+10 8.848287936036193185e-43 8.342757252156784783e-43 5.246957420942474153e-45 1.063635358290684756e-43 1.124080624561690276e-43 5.240183534246493590e-45
2.766825682915017319e+10 9.973981513596370477e-44 9.486450616069045124e-44 3.447847889242472748e-46 5.939271951886330672e-45 7.090094778817150464e-45 3.444655622798899390e-46
3.689621347227101135e+10 7.716500746855012753e-45 7.873694465861798777e-45 1.090454166883800087e-47 1.063382470020621696e-46 2.235521527274913197e-46 1.090002124544255475e-47
4.920189143094656372e+10 3.243212176966671659e-46 4.841480785795016038e-46 0.000000000000000000e+00 6.790975935686604268e-49 7.327804942457872985e-48 0.000000000000000000e+00
6.561177672614024353e+10 4.985578103451749474e-48 2.941285627546123462e-47 0.000000000000000000e+00 2.431969193625132206e-50 3.486001901446653895e-49 0.000000000000000000e+00
8.749471046662280273e+10 4.095275199903418584e-52 9.100003606389168668e-49 0.000000000000000000e+00 1.646709672564220210e-52 6.108210214872965663e-51 0.000000000000000000e+00
