1.166760716081661986e+00 6.509053088873573319e-04 1.215123641862020593e-03 5.345113369584016522e-13 5.645962388689448061e-04 1.216488678594526869e-03 5.375130520252626125e-13
1.555900421101123365e+00 4.391425395111062048e-04 8.289208548918115555e-04 5.754928404533045158e-13 3.794843886980869287e-04 8.282560700872799260e-04 5.769854492667823864e-13
2.074826557850288911e+00 2.889837734891462489e-04 5.483594133925774388e-04 5.995489514743207045e-13 2.480024486104759579e-04 5.483917019246478154e-04 6.006008322426041746e-13
2.766825682915017293e+00 1.841974297558783840e-04 3.505435071796892863e-04 6.001774824652219566e-13 1.566998937938903521e-04 3.510483434476236028e-04 6.002185550730695275e-13
3.689621347227101111e+00 1.132793030149999706e-04 2.159322195524853826e-04 5.998354054783556703e-13 9.536281923458426340e-05 2.164807579967350007e-04 6.001914484020955877e-13
4.920189143094656714e+00 6.712501825798605716e-05 1.278316846535910262e-04 5.998953510733101022e-13 5.578803684852600916e-05 1.283493028355734724e-04 5.999327581135107179e-13
6.561177672614024736e+00 3.825042546981043319e-05 7.258571000102883263e-05 5.996315632508976710e-13 3.132024089655280558e-05 7.303702782792827436e-05 5.997146713963430802e-13
8.749471046662279150e+00 2.090433819605509947e-05 3.942696555467837155e-05 5.990026838403216470e-13 1.684985127797874614e-05 3.981066643560135206e-05 5.995929226189289463e-13
1.166760716081661897e+01 1.093278070612107643e-05 2.046159286286103741e-05 5.949194162597078609e-13 8.688250786391706455e-06 2.076870315951663082e-05 5.957273341495036212e-13
1.555900421101123499e+01 5.476250088125535133e-06 1.020648414664866324e-05 5.876748846357553105e-13 4.309050538332085939e-06 1.039610611335894453e-05 5.884442127340794644e-13
2.074826557850288822e+01 2.645902245701906914e-06 4.959611596055767853e-06 5.590670067930278640e-13 2.073597930384258026e-06 5.034690196924677767e-06 5.597333337125198980e-13
2.766825682915017381e+01 1.249887268136637075e-06 2.376595029174676729e-06 4.876667771323375631e-13 9.804932101626035496e-07 2.387955864908325768e-06 4.881973656165493421e-13
3.689621347227100756e+01 5.850120824702190156e-07 1.132399762578340053e-06 4.077837171982105150e-13 4.608133721843911958e-07 1.122037495694922320e-06 4.081451165204316366e-13
4.920189143094656714e+01 2.731797204064902165e-07 5.367488473954618277e-07 3.328998973191920169e-13 2.163687756910240644e-07 5.258626677117487740e-07 3.331060180760288528e-13
6.561177672614024914e+01 1.272939158126433145e-07 2.534428587449237238e-07 2.662321611405040294e-13 1.013867895747212602e-07 2.462481314550341671e-07 2.663221840840485788e-13
8.749471046662279150e+01 5.899102373043304468e-08 1.193899716479136196e-07 2.067831061994621921e-13 4.723180878254885244e-08 1.150372768376913600e-07 2.067914221229409346e-13
1.166760716081661968e+02 2.708044139087844451e-08 5.594098703955325923e-08 1.534133779760603407e-13 2.177935265691123307e-08 5.347600300310288634e-08 1.533834312891043630e-13
1.555900421101123356e+02 1.225629211342139537e-08 2.600969330761861714e-08 1.091821128086369223e-13 9.892052665278209129e-09 2.465694923346074358e-08 1.091389815491763137e-13
2.074826557850288964e+02 5.441527713383508531e-09 1.196723046258061349e-08 7.495193656180294821e-14 4.402152744622163200e-09 1.123682460921756008e-08 7.490589815034722004e-14
2.766825682915017524e+02 2.359101982251833763e-09 5.434781638417670892e-09 4.974450641649650864e-14 1.910372820158800521e-09 5.044186498717373175e-09 4.970418565846897201e-14
3.689621347227101182e+02 9.950232238973824473e-10 2.433527242172022516e-09 3.195682345802403384e-14 8.055880500990497140e-10 2.223926427301972806e-09 3.192448290433563190e-14
4.920189143094656856e+02 4.074066342654641795e-10 1.073736138711405247e-09 1.989392944702219396e-14 3.294127588998500890e-10 9.613537456686872536e-10 1.986997534773384355e-14
6.561177672614023777e+02 1.617814439990066232e-10 4.668096588001768988e-10 1.201061671600095179e-14 1.304971189673405695e-10 4.073455839867264179e-10 1.199419901945301106e-14
8.749471046662279150e+02 6.231431598458144335e-11 2.001015522188322629e-10 7.025262669610535037e-15 5.009145931692748615e-11 1.692083076633334150e-10 7.014849463495374913e-15
1.166760716081661940e+03 2.331156773971477821e-11 8.470422889907319321e-11 3.965130614962102817e-15 1.865435195513677372e-11 6.900350483903440885e-11 3.958872341360585429e-15
1.555900421101123356e+03 8.490883466759886698e-12 3.547880526716350338e-11 2.149727610701266149e-15 6.757216869668662193e-12 2.768153944489591443e-11 2.146226538860859610e-15
2.074826557850288737e+03 3.022516362302107388e-12 1.472446872249590359e-11 1.119892732921487831e-15 2.391071167564655329e-12 1.096031755712913133e-11 1.118043852954925451e-15
2.766825682915017296e+03 1.057081587478119581e-12 6.076468683040212820e-12 5.651505224705101386e-16 8.312121919700656529e-13 4.297272417196668615e-12 5.642161991349073432e-16
3.689621347227101069e+03 3.659124998765133872e-13 2.501379665450481147e-12 2.801824845348114313e-16 2.858904221994482139e-13 1.676295736131980187e-12 2.797175693424521229e-16
4.920189143094656174e+03 1.264777589198088565e-13 1.029674625402066564e-12 1.381819439525094485e-16 9.809344527402610127e-14 6.543886836674226655e-13 1.379516926435449210e-16
6.561177672614025141e+03 4.401324795710724293e-14 4.243939623301568965e-13 6.813595544633791671e-17 3.383724952548252712e-14 2.569315456943365775e-13 6.802184177062161797e-17
8.749471046662278241e+03 1.552294397671183194e-14 1.751259401476466461e-13 3.357132182398887517e-17 1.180220707299943955e-14 1.016015072729438449e-13 3.351462506919686381e-17
1.166760716081662031e+04 5.570208049569680913e-15 7.235144333709632086e-14 1.648748472685826193e-17 4.175758493691140239e-15 4.039821631553306192e-14 1.645928545477916806e-17
1.555900421101123356e+04 2.033352731185934139e-15 2.988747307159725551e-14 8.046109672067774952e-18 1.498328432576173118e-15 1.610889176266792228e-14 8.032153907077812571e-18
2.074826557850289100e+04 7.526900493673190590e-16 1.228910742558259852e-14 3.888954917189758156e-18 5.435593920749888733e-16 6.408003741619868394e-15 3.882077267350441969e-18
2.766825682915017387e+04 2.811855866877419195e-16 5.004526388612873246e-15 1.855760995814258536e-18 1.984231823745773990e-16 2.524320092194347114e-15 1.852405056081805136e-18
3.689621347227100341e+04 1.053667458650606593e-16 2.014434596749629431e-15 8.717231156636686649e-19 7.252098048480851015e-17 9.792288501408784768e-16 8.701124278744215887e-19
4.920189143094656174e+04 3.939564806005433039e-17 7.966618413328580799e-16 4.019671105688397321e-19 2.642020627946901100e-17 3.714317327623287288e-16 4.012096333392332310e-19
6.561177672614024777e+04 1.463721581388574077e-17 3.082468146688573543e-16 1.814387643692469492e-19 9.565294662972837317e-18 1.370115250067835661e-16 1.810901824980767918e-19
8.749471046662278241e+04 5.382671812270681693e-18 1.163977303153910939e-16 7.992433344882480153e-20 3.429425693943956389e-18 4.907075341414107824e-17 7.976816458372046661e-20
1.166760716081661958e+05 1.954788922160986135e-18 4.273516802381210297e-17 3.424541678715450527e-20 1.214472467363839922e-18 1.701913587984748924e-17 3.417748362181686266e-20
1.555900421101123211e+05 6.994040411153895345e-19 1.524394155473835870e-17 1.422229568050037223e-20 4.235175914546192807e-19 5.699480632523444269e-18 1.419371664717911581e-20
2.074826557850289100e+05 2.456066100583568173e-19 5.293136322149839695e-18 5.704633620901732153e-21 1.449570931370506477e-19 1.840929443002880417e-18 5.693056654368852250e-21
2.766825682915017242e+05 8.437585739438379060e-20 1.782583357620030971e-18 2.202494502569072136e-21 4.854695206067842014e-20 5.721001532633963918e-19 2.197994017192157172e-21
3.689621347227101214e+05 2.830538577865406259e-20 5.801646665022877256e-19 8.161804916837053616e-22 1.585886963692129091e-20 1.708745156092139576e-19 8.145076781245858577e-22
4.920189143094656756e+05 9.233914854501166041e-21 1.835926200123859462e-19 2.897282981167920594e-22 5.033886132628809757e-21 4.929466692137899600e-20 2.891347550398864541e-22
6.561177672614024486e+05 2.914669740821361467e-21 5.635611161692724464e-20 9.845722597243072418e-23 1.547046380370611469e-21 1.367253851874548542e-20 9.825598874833165083e-23
8.749471046662279405e+05 8.877144614443954580e-22 1.665476865492239631e-20 3.206585567919928046e-23 4.600482074230780173e-22 3.629816368758208043e-21 3.200061304340004675e-23
1.166760716081662104e+06 2.612955143129630600e-22 4.696963114547444584e-21 1.004083874947387191e-23 1.326731435013958234e-22 9.284319090472107516e-22 1.002051516430205984e-23
1.555900421101123560e+06 7.458919247984970131e-23 1.262259530712618988e-21 3.038733252980153083e-24 3.725697818159952420e-23 2.288683434177669832e-22 3.032615101170868441e-24
2.074826557850289159e+06 2.076646456121662512e-23 3.234310946133521850e-22 8.946813678532221261e-25 1.025333642530086354e-23 5.453008401926420193e-23 8.928879264642085948e-25
2.766825682915017474e+06 5.677010700159596248e-24 7.903973088066635722e-23 2.580431267770514865e-25 2.781396157361958470e-24 1.264712310263514179e-23 2.575275844840771008e-25
3.689621347227101214e+06 1.536243882578205968e-24 1.853783955182751235e-23 7.335642566978228989e-26 7.496669704195157174e-25 2.885153322433916785e-24 7.321025864489954945e-26
4.920189143094656989e+06 4.139852548180982380e-25 4.200948794150146095e-24 2.065261032399485573e-26 2.015972209273228191e-25 6.554097232399671139e-25 2.061152587699150660e-26
6.561177672614024952e+06 1.115450951165223672e-25 9.293901057556675712e-25 5.777239792523304130e-27 5.422937019860605939e-26 1.489406397442694882e-25 5.765760700743948025e-27
8.749471046662278473e+06 3.012290777049604457e-26 2.030958669662535761e-25 1.609039146581980448e-27 1.462616761351763080e-26 3.410011257116457455e-26 1.605844152251990137e-27
1.166760716081662104e+07 8.164142219773572483e-27 4.406766744371953179e-26 4.467602520319761860e-28 3.959735763748792040e-27 7.921869912127595284e-27 4.458733973392811130e-28
1.555900421101123467e+07 2.219173027453747756e-27 9.604903865592049160e-27 1.237589259850239669e-28 1.074454048607268510e-27 1.885302789896416389e-27 1.235133135774994239e-28
2.074826557850288972e+07 6.044994935189888438e-28 2.113363362213969747e-27 3.420174690785955240e-29 2.919320791949614420e-28 4.548167730186821399e-28 3.413387057924259497e-29
2.766825682915017009e+07 1.647073664690069277e-28 4.713126075021209533e-28 9.415896888516192151e-30 7.921252476433455913e-29 1.117927970569369246e-28 9.397217565783024160e-30
3.689621347227101028e+07 4.479249557064956540e-29 1.067197737593795550e-28 2.576556133659223839e-30 2.141704033768656657e-29 2.786845931480370527e-29 2.571452100054126051e-30
4.920189143094656616e+07 1.214435318389192944e-29 2.470642531178123420e-29 7.006322365997531594e-31 5.774472097944713555e-30 7.032498873608060409e-30 6.992464341225815558e-31
6.561177672614024580e+07 3.284857576812464963e-30 5.789450692435304409e-30 1.897369007785017389e-31 1.554744859665129522e-30 1.798056704684752507e-30 1.893617629343150165e-31
8.749471046662279963e+07 8.868463968792142374e-31 1.385056105221155234e-30 5.120532587514705619e-32 4.175990675936377250e-31 4.641292884306724756e-31 5.110414057680470101e-32
1.166760716081662029e+08 2.388876703638423285e-31 3.382997655541844189e-31 1.375622301008139183e-32 1.117541287937728233e-31 1.202835074365882304e-31 1.372905863034128263e-32
1.555900421101123393e+08 6.413758020011179471e-32 8.366143238050244612e-32 3.673342181593476623e-33 2.974909809912437657e-32 3.123947792606198059e-32 3.666095852394170930e-33
2.074826557850289047e+08 1.714233753137039181e-32 2.090904039949490492e-32 9.731230765300307592e-34 7.863511547530402856e-33 8.104620580840090704e-33 9.712061446120255372e-34
2.766825682915017605e+08 4.554853878030004259e-33 5.259221643307475276e-33 2.551266852729014582e-34 2.059784522862517868e-33 2.092705825738194527e-33 2.546251013175909709e-34
3.689621347227101326e+08 1.201259535664448396e-33 1.329630638581084491e-33 6.598943008003447118e-35 5.334693075476555723e-34 5.362289541738080169e-34 6.586004364126313753e-35
4.920189143094656467e+08 3.139088428271904309e-34 3.361020003093430027e-34 1.677389770426600497e-35 1.362816880070104810e-34 1.359613913010235933e-34 1.674113061400453823e-35
6.561177672614024878e+08 8.112956375278752722e-35 8.460201833523288948e-35 4.170759498048901125e-36 3.426043314400464229e-35 3.399852223320435680e-35 4.162652576667297394e-36
8.749471046662279367e+08 2.069827345768767120e-35 2.115174985720062022e-35 1.009040376736486380e-36 8.457595739970432300e-36 8.362414887016995357e-36 1.007091860947803164e-36
1.166760716081662178e+09 5.202772423035311441e-36 5.230235523411063608e-36 2.361712330100017078e-37 2.046495900937213445e-36 2.018312858028719191e-36 2.357189635967211857e-37
1.555900421101123333e+09 1.285894382699497995e-36 1.276514120679184367e-36 5.317380986176497876e-38 4.846116927727748680e-37 4.771836337474149231e-37 5.307301688951836166e-38
2.074826557850289106e+09 3.118105873099318557e-37 3.063626074600647775e-37 1.145680141424390005e-38 1.121202636632080880e-37 1.103184271819336708e-37 1.143534370782603993e-38
2.766825682915017128e+09 7.398905961009081021e-38 7.211286018314470124e-38 2.352144098458200167e-39 2.528916221176422099e-38 2.488192038962078699e-38 2.347797411796330174e-39
3.689621347227100849e+09 1.712186318019514330e-38 1.657463578804105070e-38 4.585582089518961543e-40 5.539268772916469882e-39 5.451886257304162486e-39 4.577230334066039763e-40
4.920189143094656944e+09 3.844338270132702849e-39 3.699735720812730105e-39 8.456448745675565881e-41 1.169218142768478326e-39 1.151751696490061425e-39 8.441294159413145584e-41
6.561177672614025116e+09 8.304415342599990066e-40 7.951271151301566202e-40 1.465241465679474081e-41 2.343489767493971513e-40 2.312710594996187338e-40 1.462667715213798575e-41
8.749471046662279129e+09 1.701439070598973238e-40 1.621137886696168267e-40 2.351625683060455222e-42 4.343841932393162572e-41 4.302682337127470933e-41 2.347611716930092373e-42
1.166760716081661987e+10 3.230298787102776182e-41 3.063061441280966758e-41 3.398129462726259479e-43 7.120805099249020479e-42 7.107420393971412549e-42 3.392589032290809459e-43
1.555900421101123428e+10 5.481971567642876677e-42 5.173851351922836919e-42 4.202461818876214033e-44 9.589497685136541078e-43 9.731360860933079962e-43 4.196141913663820663e-44
2.074826557850289154e+10 7.880515970233937281e-43 7.413827369807968481e-43 4.078169051266378428e-45 9.357968716450059417e-44 9.886006387784815232e-44 4.072924299994712934e-45
2.766825682915017319e+10 8.854272568807571966e-44 8.397436737826631943e-44 2.661881860207800338e-46 5.215365554872559255e-45 6.218467176624353709e-45 2.659424836417326867e-46
3.689621347227101135e+10 6.831493517767416559e-45 6.937924147266049240e-45 8.374216908972938767e-48 9.323899185670444573e-47 1.949412710722831975e-46 8.370746792246291879e-48
4.920189143094656372e+10 2.864388705929246333e-46 4.236827350096181068e-46 0.000000000000000000e+00 5.891113672797697055e-49 6.309505419410355809e-48 0.000000000000000000e+00
6.561177672614024353e+10 4.392378053499608528e-48 2.559037927573301248e-47 0.000000000000000000e+00 2.110955393178081190e-50 2.989689256952061192e-49 0.000000000000000000e+00
8.749471046662280273e+10 3.558969461408526071e-52 7.909354991165575901e-49 0.000000000000000000e+00 1.430231610688259942e-52 5.200674400595720862e-51 0.000000000000000000e+00
