1.166760716081661986e+00 6.509311543876286502e-04 1.215181543683923693e-03 5.349415409351378213e-13 5.646213910425216739e-04 1.216546411158248280e-03 5.379457439871970816e-13
1.555900421101123365e+00 4.391564220564487717e-04 8.289568317698030406e-04 5.759560385571974439e-13 3.794983921200973829e-04 8.282918642487785421e-04 5.774498083492419377e-13
2.074826557850288911e+00 2.889900507639796994e-04 5.483804381246443161e-04 6.000315256366123063e-13 2.480093184761181886e-04 5.484124239636724036e-04 6.010842336221094560e-13
2.766825682915017293e+00 1.841994196553279467e-04 3.505549224976622891e-04 6.006606141127559562e-13 1.567026390980619526e-04 3.510593988834239862e-04 6.007016332018408872e-13
3.689621347227101111e+00 1.132792201873667230e-04 2.159379029214786088e-04 6.003182277210771629e-13 9.536347004661401938e-05 2.164861130948584570e-04 6.006745194325997889e-13
4.920189143094656714e+00 6.712413764936856397e-05 1.278342112847143976e-04 6.003782170010594709e-13 5.578779818845729820e-05 1.283515560591713016e-04 6.004156111736856326e-13
6.561177672614024736e+00 3.824940520733984234e-05 7.258666552362721470e-05 6.001141784959100719e-13 3.131975176375865523e-05 7.303775338958187942e-05 6.001973791868549515e-13
8.749471046662279150e+00 2.090347185806396373e-05 3.942724930167046729e-05 5.994847940341059723e-13 1.684940188413585778e-05 3.981075045352343398e-05 6.000755400125832770e-13
1.166760716081661897e+01 1.093215470896798390e-05 2.046165434190836107e-05 5.953979963433989521e-13 8.687931150247795245e-06 2.076859287240296752e-05 5.962065924698662031e-13
1.555900421101123499e+01 5.475840984034556151e-06 1.020649862277361627e-05 5.881473037124019670e-13 4.308849596843084990e-06 1.039598618519150255e-05 5.889172606031522867e-13
2.074826557850288822e+01 2.645638954515935586e-06 4.959613802674559046e-06 5.595148403970289154e-13 2.073468067177745232e-06 5.034599837128439188e-06 5.601817030108818070e-13
2.766825682915017381e+01 1.249697279325785656e-06 2.376573627363712540e-06 4.880535602775765909e-13 9.803890632917126366e-07 2.387874586754819825e-06 4.885845658124015789e-13
3.689621347227100756e+01 5.848486473424400299e-07 1.132346570336474835e-06 4.081038315608784335e-13 4.607091056924457650e-07 1.121943492413993508e-06 4.084655034706292748e-13
4.920189143094656714e+01 2.730250607842173848e-07 5.366689106862728344e-07 3.331588699339122172e-13 2.162586342357789797e-07 5.257511135926772319e-07 3.333651391386660913e-13
6.561177672614024914e+01 1.271491448260851231e-07 2.533479236038422824e-07 2.664375669056625237e-13 1.012772302164662062e-07 2.461264705736317296e-07 2.665276460563737002e-13
8.749471046662279150e+01 5.886482908362492892e-08 1.192943172937337094e-07 2.069411694619023040e-13 4.713321910971815917e-08 1.149188790103220851e-07 2.069494788662951103e-13
1.166760716081661968e+02 2.698072042482606459e-08 5.585697862855261206e-08 1.535291313639140708e-13 2.170010073281415871e-08 5.337370511628664593e-08 1.534991514249943419e-13
1.555900421101123356e+02 1.218558289280583000e-08 2.594466444731248502e-08 1.092631867451117148e-13 9.835302793430616574e-09 2.457853783650939593e-08 1.092200149989879146e-13
2.074826557850288964e+02 5.396504515290869045e-09 1.192245600897385971e-08 7.500658000364615071e-14 4.365805359297420759e-09 1.118325619997622077e-08 7.496050148729814478e-14
2.766825682915017524e+02 2.333161934812930491e-09 5.407026130462541632e-09 4.978001879239002301e-14 1.889357638091836613e-09 5.011240826288812338e-09 4.973966429742562989e-14
3.689621347227101182e+02 9.813490670674221350e-10 2.417800045732754801e-09 3.197908956512786688e-14 7.944866448700049057e-10 2.205433851288931329e-09 3.194672283084766305e-14
4.920189143094656856e+02 4.007331949394931709e-10 1.065458690369927697e-09 1.990740222867555895e-14 3.239889660206561166e-10 9.517374475253108132e-10 1.988342931122369589e-14
6.561177672614023777e+02 1.587336028602277729e-10 4.627017736004253568e-10 1.201848174971324362e-14 1.280194818514978277e-10 4.026458011361196522e-10 1.200205156659600441e-14
8.749471046662279150e+02 6.100006427403284667e-11 1.981544080760251818e-10 7.029678857315640920e-15 4.902364490671522318e-11 1.670232144380838377e-10 7.019258012933375289e-15
1.166760716081661940e+03 2.277276608675326782e-11 8.381418116323886826e-11 3.967496050426910815e-15 1.821711961187736121e-11 6.802790748366652439e-11 3.961233400792350883e-15
1.555900421101123356e+03 8.279769741201517948e-12 3.508428893887647492e-11 2.150922682247431748e-15 6.586210852535194022e-12 2.726067480232016725e-11 2.147419313470587459e-15
2.074826557850288737e+03 2.943134514687228695e-12 1.455432519159084625e-11 1.120457816013744508e-15 2.326873349771733770e-12 1.078418477031844867e-11 1.118607823415418891e-15
2.766825682915017296e+03 1.028315103193148601e-12 6.004812738434231135e-12 5.654008497145852157e-16 8.079597795734847308e-13 4.225597990096939327e-12 5.644660266838666992e-16
3.689621347227101069e+03 3.558041186110126173e-13 2.471774302097655854e-12 2.802875577957625516e-16 2.777146022172965725e-13 1.647822891118261464e-12 2.798224296843598262e-16
4.920189143094656174e+03 1.230033232218913202e-13 1.017576889935936249e-12 1.382243407475980942e-16 9.528039260929712101e-14 6.432650844087915541e-13 1.379940021021136652e-16
6.561177672614025141e+03 4.283269692122145268e-14 4.194468840810921501e-13 6.815248966769724043e-17 3.288064971722561169e-14 2.526172552220935603e-13 6.803834137525599528e-17
8.749471046662278241e+03 1.512172185672331356e-14 1.730765566529753049e-13 3.357751884677263482e-17 1.147742828670039001e-14 9.992320788571023125e-14 3.352080889566756302e-17
1.166760716081662031e+04 5.432338078514913914e-15 7.148306058495138634e-14 1.648968780084557087e-17 4.064765082607122261e-15 3.973748623842207095e-14 1.646148373707665073e-17
1.555900421101123356e+04 1.985117476983539334e-15 2.950997209374226994e-14 8.046835154717783325e-18 1.459972221681612949e-15 1.584423778187509010e-14 8.032877766494253675e-18
2.074826557850289100e+04 7.354817156226681849e-16 1.212184163606890679e-14 3.889165221173489189e-18 5.301537674943516162e-16 6.300259046559260611e-15 3.882287075444717111e-18
2.766825682915017387e+04 2.749503897848306837e-16 4.929912920610158607e-15 1.855806983870115454e-18 1.937028149237273642e-16 2.480096424805235825e-15 1.852450921412913958e-18
3.689621347227100341e+04 1.030908566988040917e-16 1.981364658686537781e-15 8.717243919963398423e-19 7.085731786379252138e-17 9.611237425320694074e-16 8.701136899948720456e-19
4.920189143094656174e+04 3.856657798565713528e-17 7.823043030518980602e-16 4.019603779867763551e-19 2.583759090592247461e-17 3.641448522861701310e-16 4.012029102505650398e-19
6.561177672614024777e+04 1.433835343282100694e-17 3.022021888819563236e-16 1.814332034664448176e-19 9.363871605563880253e-18 1.341613972090002705e-16 1.810846315670472035e-19
8.749471046662278241e+04 5.276861748822008617e-18 1.139454432173230441e-16 7.992105275791901532e-20 3.361115751089424794e-18 4.799519616816147977e-17 7.976489019363182430e-20
1.166760716081661958e+05 1.918157913029006585e-18 4.178059998622579926e-17 3.424375094336412042e-20 1.191842477173908864e-18 1.662958195154872328e-17 3.417582108664695071e-20
1.555900421101123211e+05 6.870417993254761944e-19 1.488748430168548003e-17 1.422152688538847228e-20 4.162200402395445093e-19 5.564547056934277176e-18 1.419294940990190981e-20
2.074826557850289100e+05 2.415536884792291211e-19 5.165040157616950687e-18 5.704303942274343456e-21 1.426721051871073781e-19 1.796276952867895801e-18 5.692727652261175635e-21
2.766825682915017242e+05 8.308745180970265995e-20 1.738366764250942877e-18 2.202362213416969104e-21 4.785289522654927154e-20 5.580056179114581508e-19 2.197862000518004610e-21
3.689621347227101214e+05 2.790770269011929528e-20 5.655277668283008494e-19 8.161304052222705147e-22 1.565435113223880552e-20 1.666317886222452125e-19 8.144576952959329239e-22
4.920189143094656756e+05 9.115030549968615308e-21 1.789096531306327756e-19 2.897104324193961421e-22 4.975528586845989229e-21 4.806899441146967665e-20 2.891169261130610991e-22
6.561177672614024486e+05 2.880481556084623244e-21 5.490904794985154123e-20 9.845118417011388044e-23 1.530991744905022316e-21 1.333397967070310440e-20 9.824995932247080187e-23
8.749471046662279405e+05 8.783126408509476336e-22 1.622578731330601112e-20 3.206389732008607131e-23 4.557956422327914976e-22 3.540775569257849594e-21 3.199865867088612653e-23
1.166760716081662104e+06 2.588236568854848362e-22 4.575981642883327457e-21 1.004022373611525547e-23 1.315870377394587754e-22 9.059836995565473052e-22 1.001990139564605121e-23
1.555900421101123560e+06 7.396748367109611328e-23 1.229839414982964245e-21 3.038543557144987687e-24 3.698900595761498757e-23 2.234449931500724529e-22 3.032425787486355390e-24
2.074826557850289159e+06 2.061652399485747689e-23 3.151717374436493027e-22 8.946230059483961800e-25 1.018913645345631819e-23 5.327264177218838058e-23 8.928296818550981118e-25
2.766825682915017474e+06 5.642225510878521420e-24 7.703971556837459723e-23 2.580249399281996831e-25 2.766453214719655653e-24 1.236590558126127939e-23 2.575094341864023207e-25
3.689621347227101214e+06 1.528411101408119592e-24 1.807492022219329092e-23 7.335061385072556582e-26 7.462471245758509853e-25 2.823986919548450684e-24 7.320445852595927966e-26
4.920189143094656989e+06 4.122606736728123825e-25 4.097967385943059601e-24 2.065069304523221271e-26 2.008256570784606813e-25 6.423339292001376350e-25 2.060961247039987989e-26
6.561177672614024952e+06 1.111716746708772590e-25 9.071735985918434355e-25 5.776586808296105144e-27 5.405789343718662503e-26 1.461917884831011505e-25 5.765109039860138028e-27
8.749471046662278473e+06 3.004278865470865944e-26 1.983998972685039864e-25 1.608810632645824459e-27 1.458824759023463599e-26 3.352931763942896489e-26 1.605616103035094054e-27
1.166760716081662104e+07 8.146891584452014005e-27 4.309259774501210130e-26 4.466786361291649237e-28 3.951275745632280357e-27 7.804154154065612279e-27 4.457919479173505992e-28
1.555900421101123467e+07 2.215430365839730867e-27 9.404015052767956207e-27 1.237293774149887414e-28 1.072553768648290268e-27 1.860818634624246899e-27 1.234838254179660676e-28
2.074826557850288972e+07 6.036687788043167694e-28 2.072181847511184696e-27 3.419096903165119539e-29 2.914931579283573134e-28 4.497749662619076481e-28 3.412311478144763814e-29
2.766825682915017009e+07 1.645153401349608951e-28 4.628906248835703828e-28 9.411958779542972769e-30 7.910618323951989708e-29 1.107476432645808412e-28 9.393287535165988448e-30
3.689621347227101028e+07 4.474539255441874626e-29 1.049999201104121378e-28 2.575121199137476513e-30 2.138961012367026016e-29 2.765015269320082494e-29 2.570020110047924960e-30
4.920189143094656616e+07 1.213198327632529290e-29 2.435161966978399813e-29 7.001115962548128092e-31 5.766873922979034932e-30 6.986306836524391911e-30 6.987268622287468148e-31
6.561177672614024580e+07 3.281349482971054550e-30 5.716700380792512698e-30 1.895486888075650713e-31 1.552489677839879507e-30 1.787965655405513858e-30 1.891739375404800809e-31
8.749471046662279963e+07 8.857821081902398468e-31 1.369945884342317379e-30 5.113759238148593429e-32 4.168923303359394152e-31 4.618246905914703496e-31 5.103654632358848181e-32
1.166760716081662029e+08 2.385485603302198924e-31 3.350838975811522272e-31 1.373200553197183678e-32 1.115243066192078672e-31 1.197323936315562167e-31 1.370489097908290306e-32
1.555900421101123393e+08 6.402625667068614637e-32 8.296410338183035240e-32 3.664760513258775810e-33 2.967299918354892269e-32 3.109932590809449384e-32 3.657531852200379052e-33
2.074826557850289047e+08 1.710530850188286960e-32 2.075310063093588614e-32 9.701178062640417945e-34 7.838234655461836666e-33 8.066731781440031951e-33 9.682070641136649011e-34
2.766825682915017605e+08 4.542532518875476110e-33 5.223012587963758054e-33 2.540903208181472576e-34 2.051459914365280952e-33 2.081966752445050204e-33 2.535908711773984679e-34
3.689621347227101326e+08 1.197199034229047084e-33 1.320769474461167009e-33 6.563905828733081779e-35 5.307761868134651367e-34 5.330914870299112749e-34 6.551039278002299749e-35
4.920189143094656467e+08 3.125931383607405212e-34 3.338306154888448819e-34 1.665840231174258586e-35 1.354322477058584405e-34 1.350341925390873538e-34 1.662587238801701187e-35
6.561177672614024878e+08 8.071255801737233036e-35 8.399827740242362829e-35 4.133882952520870586e-36 3.400075459677900139e-35 3.372654737058662387e-35 4.125851481701983056e-36
8.749471046662279367e+08 2.056947333642190782e-35 2.098704499275040932e-35 9.977229280031464815e-37 8.380986488940305411e-36 8.284225536999600450e-36 9.957974367756834466e-37
1.166760716081662178e+09 5.164102876222846357e-36 5.184941512245205689e-36 2.328611550513761523e-37 2.024748622132794518e-36 1.996476819268624324e-36 2.324155644513095916e-37
1.555900421101123333e+09 1.274634513806905304e-36 1.264083541755719950e-36 5.225936082482148673e-38 4.786828736471221633e-37 4.712890190415793219e-37 5.216039233146606967e-38
2.074826557850289106e+09 3.086385997946358024e-37 3.030026251101997223e-37 1.122013092482195390e-38 1.105703781324725953e-37 1.087859558658446555e-37 1.119913864950191282e-38
2.766825682915017128e+09 7.312737546730853151e-38 7.122556289007388998e-38 2.295130536793790303e-39 2.490136666742500278e-38 2.449947614298783315e-38 2.290894041446109771e-39
3.689621347227100849e+09 1.689711809816111158e-38 1.634792120316923413e-38 4.458295447272349253e-40 5.446694417323512073e-39 5.360684760933965780e-39 4.450184891469997841e-40
4.920189143094656944e+09 3.788393268524468579e-39 3.644162881205199438e-39 8.193937285594114028e-41 1.148270364429838722e-39 1.131110487781265439e-39 8.179269273286063685e-41
6.561177672614025116e+09 8.172667300664736970e-40 7.821925769602178826e-40 1.415480900702991452e-41 2.299140919789301308e-40 2.268939446245873325e-40 1.412997029451025080e-41
8.749471046662279129e+09 1.672488451121571215e-40 1.592983130160787185e-40 2.265943645275211902e-42 4.258104732855048303e-41 4.217741886105530126e-41 2.262079319699956630e-42
1.166760716081661987e+10 3.172221251292013075e-41 3.007012780376312636e-41 3.267454211597015133e-43 6.975722386068279064e-42 6.962539727819416618e-42 3.262130918493718140e-43
1.555900421101123428e+10 5.379152252822339401e-42 5.075210003744865212e-42 4.034118954061969561e-44 9.389426329996821289e-43 9.528098120821974816e-43 4.028056254389171833e-44
2.074826557850289154e+10 7.727882448882634927e-43 7.267758336432625567e-43 3.909721971103655089e-45 9.159242536388285827e-44 9.675479066982455616e-44 3.904696739885212722e-45
2.766825682915017319e+10 8.678468052729069851e-44 8.227092234238769143e-44 2.549378800016613728e-46 5.103141897032059983e-45 6.083503693974211306e-45 2.547026685955074216e-46
3.689621347227101135e+10 6.693075612316855760e-45 6.792427351561913341e-45 8.013995910930743227e-48 9.121217602031310931e-47 1.905380880103492967e-46 8.010675258424447320e-48
4.920189143094656372e+10 2.805337921509407542e-46 4.143582767871472372e-46 0.000000000000000000e+00 5.753535419059924797e-49 6.154452497835622020e-48 0.000000000000000000e+00
6.561177672614024353e+10 4.300224866231778409e-48 2.500467709969153409e-47 0.000000000000000000e+00 2.061859697958820219e-50 2.914217673749548860e-49 0.000000000000000000e+00
8.749471046662280273e+10 3.476901883331340650e-52 7.727145440379528950e-49 0.000000000000000000e+00 1.397113889297645473e-52 5.062952345216345153e-51 0.000000000000000000e+00
