1.166760716081661986e+00 6.508450619740602629e-04 1.214960224245771646e-03 5.330388102766309450e-13 5.645354740346166965e-04 1.216328969941474387e-03 5.360320186451405626e-13
1.555900421101123365e+00 4.391120769521199350e-04 8.288199691265759261e-04 5.739073825227079746e-13 3.794519329838059313e-04 8.281575921478463199e-04 5.753960083241466705e-13
2.074826557850288911e+00 2.889718973420674140e-04 5.483007233229696001e-04 5.978971713241048712e-13 2.479877042849703726e-04 5.483351004745081088e-04 5.989462180830060895e-13
2.766825682915017293e+00 1.841955895339154805e-04 3.505118199625450928e-04 5.985238041032520778e-13 1.566950708619529867e-04 3.510184903926504029e-04 5.985650427435335530e-13
3.689621347227101111e+00 1.132818788684082271e-04 2.159165553433703270e-04 5.981827790135578482e-13 9.536274073044137978e-05 2.164665363849979792e-04 5.985379646260928039e-13
4.920189143094656714e+00 6.712890875389359961e-05 1.278247931438864936e-04 5.982425731347165596e-13 5.578971862881307021e-05 1.283434997523622153e-04 5.982800188102226886e-13
6.561177672614024736e+00 3.825411601484125795e-05 7.258314137871947451e-05 5.979796353178173053e-13 3.132216352752142171e-05 7.303530429001981155e-05 5.980624354946054885e-13
8.749471046662279150e+00 2.090722057716660028e-05 3.942620204012579812e-05 5.973524855156473241e-13 1.685137896434491230e-05 3.981059056249498394e-05 5.979409962344028838e-13
1.166760716081661897e+01 1.093475379257083498e-05 2.046138876654221924e-05 5.932812452558299838e-13 8.689248051552594647e-06 2.076906237599851157e-05 5.940868455161656523e-13
1.555900421101123499e+01 5.477476457711539131e-06 1.020637403381690097e-05 5.860577356735763575e-13 4.309626353957583013e-06 1.039642142933986415e-05 5.868249120401400114e-13
2.074826557850288822e+01 2.646648765490227907e-06 4.959526532839943084e-06 5.575336607717299469e-13 2.073936215716220073e-06 5.034888985631488499e-06 5.581981527906354903e-13
2.766825682915017381e+01 1.250400827125810712e-06 2.376586763288018504e-06 4.863416358475904666e-13 9.807504769320834431e-07 2.388124805346368858e-06 4.868707939422317239e-13
3.689621347227100756e+01 5.854475762891251009e-07 1.132498756647692528e-06 4.066864309358402128e-13 4.610763227755312390e-07 1.122252914655050723e-06 4.070468935034789138e-13
4.920189143094656714e+01 2.735980553701587451e-07 5.369407214436589277e-07 3.320118801364282361e-13 2.166591220549126171e-07 5.261426766051870854e-07 3.322174896729662457e-13
6.561177672614024914e+01 1.276963214852442450e-07 2.536927693069745635e-07 2.655276267284909995e-13 1.016878757622154754e-07 2.465724418160972171e-07 2.656174546929111849e-13
8.749471046662279150e+01 5.935320185387201374e-08 1.196556012673417082e-07 2.062407699879205709e-13 4.751334057713854376e-08 1.153673282718727626e-07 2.062491063648528150e-13
1.166760716081661968e+02 2.737661870186294982e-08 5.618429713582542637e-08 1.530160004721553666e-13 2.201420531794750523e-08 5.377265463161304330e-08 1.529861665301351356e-13
1.555900421101123356e+02 1.247367078951465923e-08 2.620526783978759068e-08 1.089036177720798337e-13 1.006633143770190007e-08 2.489293919619026461e-08 1.088606245746391039e-13
2.074826557850288964e+02 5.584524719383292599e-09 1.210656192219471478e-08 7.476411298484209390e-14 4.517527366942770111e-09 1.140369035276323535e-08 7.471821169478610846e-14
2.766825682915017524e+02 2.443917139336335678e-09 5.523747932978829338e-09 4.962236002133270356e-14 1.979056714678948390e-09 5.149971334010280054e-09 4.958215478265470193e-14
3.689621347227101182e+02 1.040849579430094033e-09 2.485174401101361380e-09 3.188018331213200612e-14 8.427781418432001957e-10 2.284818883404287402e-09 3.184793251120801696e-14
4.920189143094656856e+02 4.302280008688914075e-10 1.101428107115795995e-09 1.984751960675977156e-14 3.479533649084532026e-10 9.936497984527105996e-10 1.982363009164014183e-14
6.561177672614023777e+02 1.723744474901005418e-10 4.807365996275569539e-10 1.198350025573427481e-14 1.391048134494135819e-10 4.233623650336337977e-10 1.196712546260569917e-14
8.749471046662279150e+02 6.694143010397321859e-11 2.067625954973977101e-10 7.010021304050941193e-15 5.384941554336641259e-11 1.767327175797263315e-10 6.999634376865561879e-15
1.166760716081661940e+03 2.522836036864349581e-11 8.776716602589973910e-11 3.956956255173220635e-15 2.020923016405652612e-11 7.238744398095934220e-11 3.950713061217044446e-15
1.555900421101123356e+03 9.248382019032720047e-12 3.684213737900591541e-11 2.145590389721096010e-15 7.370610261688914658e-12 2.914910212405565244e-11 2.142097248891215314e-15
2.074826557850288737e+03 3.309398083503262120e-12 1.531439832977549634e-11 1.117931695916761975e-15 2.623021040739348390e-12 1.157710910178507234e-11 1.116086667487679143e-15
2.766825682915017296e+03 1.161659569233052347e-12 6.325602763879561169e-12 5.642790022462994267e-16 9.157291396041343053e-13 4.549178594566128386e-12 5.633464142411348680e-16
3.689621347227101069e+03 4.028257214203101317e-13 2.604495898618972808e-12 2.798152088056667625e-16 3.157434224256654347e-13 1.776654457051842608e-12 2.793510358539483437e-16
4.920189143094656174e+03 1.391989225960101697e-13 1.071814614626705681e-12 1.380330464442414084e-16 1.083934428567643650e-13 6.936591798269575580e-13 1.378031008738740782e-16
6.561177672614025141e+03 4.833721620318687348e-14 4.415871387441079171e-13 6.807755117132437360e-17 3.734221506774138600e-14 2.721587726461611095e-13 6.796355927195552400e-17
8.749471046662278241e+03 1.698942640965104531e-14 1.822156105281795601e-13 3.354926358299656967e-17 1.299048277244609034e-14 1.075108446504935416e-13 3.349261354550321840e-17
1.166760716081662031e+04 6.071990209033507584e-15 7.533738046824260466e-14 1.647955457146101543e-17 4.580550247886060842e-15 4.271477740665749373e-14 1.645137241677069449e-17
1.555900421101123356e+04 2.207921829838417481e-15 3.117792817090237335e-14 8.043449917323901351e-18 1.637610418888712437e-15 1.703195628588922437e-14 8.029500034728678747e-18
2.074826557850289100e+04 8.146029050150338481e-16 1.285867839777038998e-14 3.888156027700853527e-18 5.920153416590843864e-16 6.781987100111791958e-15 3.881280222866517025e-18
2.766825682915017387e+04 3.035035382131208466e-16 5.258382126229153045e-15 1.855568597884049689e-18 2.154145368667304750e-16 2.677336916265663818e-15 1.852213144552376292e-18
3.689621347227100341e+04 1.134821116327931633e-16 2.127188237803986841e-15 8.717034446016718703e-19 7.848981098436105337e-17 1.041823623778547470e-15 8.700928349265009055e-19
4.920189143094656174e+04 4.234511498470126774e-17 8.458316842981833606e-16 4.019835556183490151e-19 2.850569147663925047e-17 3.966614887420006040e-16 4.012260587987048060e-19
6.561177672614024777e+04 1.569927654878898011e-17 3.290660609292069616e-16 1.814550061314148334e-19 1.028523314638282054e-17 1.469106897839564673e-16 1.811063956800064803e-19
8.749471046662278241e+04 5.758589794638932618e-18 1.248948276122952991e-16 7.993440961723480184e-20 3.673364547666104793e-18 5.282118238616089779e-17 7.977822151171558467e-20
1.166760716081661958e+05 2.084951815290016333e-18 4.606143429129961820e-17 3.425065690133850946e-20 1.295237592607612835e-18 1.838302546037073485e-17 3.418271335343600080e-20
1.555900421101123211e+05 7.433434028017733016e-19 1.649215345710105019e-17 1.422474885806204889e-20 4.495486548653477353e-19 6.173676679722525053e-18 1.419616485922716130e-20
2.074826557850289100e+05 2.600149890974263899e-19 5.743485971663112683e-18 5.705696032851465499e-21 1.531030532213109515e-19 1.998349047939429221e-18 5.694116887177694654e-21
2.766825682915017242e+05 8.895650349365641551e-20 1.938516284820848726e-18 2.202924038764840681e-21 5.101940727068730854e-20 6.219148649073260957e-19 2.198422668632513380e-21
3.689621347227101214e+05 2.971908716240109640e-20 6.319011252938461747e-19 8.163440990459868842e-22 1.658675451594786574e-20 1.858978102471566332e-19 8.146709468981252291e-22
4.920189143094656756e+05 9.656401944205178163e-21 2.001722098376190814e-19 2.897869482119596793e-22 5.241348335509672662e-21 5.364041425050814057e-20 2.891932843606237681e-22
6.561177672614024486e+05 3.036105153885474608e-21 6.148503418816347509e-20 9.847713841775859599e-23 1.604041641130167444e-21 1.487398198000493019e-20 9.827586037732590630e-23
8.749471046662279405e+05 9.210856141080665632e-22 1.817632494699187105e-20 3.207232598504008106e-23 4.751195442175739221e-22 3.945961021968330241e-21 3.200707016924509094e-23
1.166760716081662104e+06 2.700611767980696443e-22 5.126247108110485046e-21 1.004287191899688968e-23 1.365146749483861089e-22 1.008153678510084100e-21 1.002254421687514224e-23
1.555900421101123560e+06 7.679150170436035000e-23 1.377317016003829360e-21 3.039359306362835771e-24 3.820268424345228243e-23 2.481287415311059464e-22 3.033239893036372368e-24
2.074826557850289159e+06 2.129697803957311372e-23 3.527429831974150405e-22 8.948731806322508071e-25 1.047939491037085993e-23 5.899509679251064749e-23 8.930793537794206758e-25
2.766825682915017474e+06 5.799938777284144646e-24 8.613666222535907324e-23 2.581025210093647224e-25 2.833903543185948109e-24 1.364544544501027255e-23 2.575868594022253962e-25
3.689621347227101214e+06 1.563892488975362278e-24 2.018009670086641737e-23 7.337525910240150951e-26 7.616640023056180578e-25 3.102231527560960693e-24 7.322905418935069155e-26
4.920189143094656989e+06 4.200662008494403871e-25 4.566173548650686319e-24 2.065877380106164220e-26 2.043007133052751283e-25 7.018014372799044785e-25 2.061767691609629482e-26
6.561177672614024952e+06 1.128602443253331365e-25 1.008151994394659548e-24 5.779323944351157775e-27 5.482955951472522048e-26 1.586900832563831942e-25 5.767840631978020696e-27
8.749471046662278473e+06 3.040463738120517186e-26 2.197371174589399559e-25 1.609764360403644023e-27 1.475870169446568264e-26 3.612384788086871546e-26 1.606567892153641291e-27
1.166760716081662104e+07 8.224651613262615132e-27 4.752144734425564662e-26 4.470182111392724318e-28 3.989228795831072429e-27 8.339027977506559320e-27 4.461308305085691180e-28
1.555900421101123467e+07 2.232245838034296108e-27 1.031609670811818691e-26 1.238520672947060021e-28 1.081046625612491052e-27 1.972008355208887972e-27 1.236062645308059564e-28
2.074826557850288972e+07 6.073813353063182874e-28 2.259067067913577564e-27 3.423566537109538920e-29 2.934426431927633893e-28 4.726516356338771753e-28 3.416771957857650454e-29
2.766825682915017009e+07 1.653667489788019090e-28 5.010885936184858066e-28 9.428279848984049140e-30 7.957428975904180188e-29 1.154833874869683779e-28 9.409575129885677517e-30
3.689621347227101028e+07 4.495205732788715342e-29 1.127946621811447972e-28 2.581066840080583126e-30 2.150901732939336831e-29 2.863714203813939158e-29 2.575953552054391507e-30
4.920189143094656616e+07 1.218559864810361048e-29 2.595808595222087403e-29 7.022691091110263699e-31 5.799563053662079530e-30 7.194405661224445851e-30 7.008799480302450895e-31
6.561177672614024580e+07 3.296376001016455517e-30 6.045620474113409524e-30 1.903289501702096355e-31 1.562091656538476616e-30 1.833183697731813431e-30 1.899525964877725522e-31
8.749471046662279963e+07 8.902971541339834775e-31 1.438116669962923350e-30 5.141859055782766142e-32 4.198782323947977265e-31 4.720751062190544353e-31 5.131696691698641587e-32
1.166760716081662029e+08 2.399776621302091222e-31 3.495474940374434532e-31 1.383257798229149406e-32 1.124907596449522139e-31 1.221605326881032862e-31 1.380525652508647606e-32
1.555900421101123393e+08 6.449366489466680637e-32 8.608640056849076990e-32 3.700449731205077935e-33 2.999236449617165845e-32 3.171047016310869646e-32 3.693147597455880703e-33
2.074826557850289047e+08 1.726057102202754678e-32 2.144712461184728723e-32 9.826394335259011714e-34 7.944319829257711181e-33 8.230401182235627035e-33 9.807029017417019478e-34
2.766825682915017605e+08 4.594218586720311462e-33 5.382967432009506787e-33 2.584188422999221132e-34 2.086454970177817503e-33 2.128030979287119224e-33 2.579104777492615684e-34
3.689621347227101326e+08 1.214261436373082111e-33 1.359606785453550366e-33 6.710694909222723708e-35 5.421300631007616552e-34 5.464966981770105077e-34 6.697526261139902175e-35
4.920189143094656467e+08 3.181363662205951471e-34 3.437144668691057066e-34 1.714415123186049555e-35 1.390271232793000503e-34 1.389922700937473931e-34 1.711062344810437109e-35
6.561177672614024878e+08 8.247522881964747492e-35 8.661098225823862315e-35 4.289726162661811193e-36 3.510475031045789918e-35 3.488922650701346234e-35 4.281375628474015041e-36
8.749471046662279367e+08 2.111593150769507577e-35 2.169751912680408281e-35 1.045834325119760214e-36 8.708336057685925732e-36 8.619496698496768932e-36 1.043810860950711228e-36
1.166760716081662178e+09 5.328822656819448211e-36 5.380097152554737303e-36 2.470326891801163655e-37 2.118173165130104222e-36 2.090486248835948164e-36 2.465584656991531575e-37
1.555900421101123333e+09 1.322800442846552725e-36 1.317679609449674945e-36 5.620694788435283672e-38 5.042921700931730037e-37 4.967840709384605765e-37 5.610008903017314488e-38
2.074826557850289106e+09 3.222673525585668158e-37 3.175191403257416241e-37 1.225132555945998883e-38 1.173014682116398235e-37 1.154465873681701196e-37 1.222830074252052873e-38
2.766825682915017128e+09 7.684677548257521018e-38 7.507083912690430460e-38 2.546006136277804537e-39 2.659439458216247862e-38 2.616988816220304916e-38 2.541283480533816397e-39
3.689621347227100849e+09 1.787181324389662892e-38 1.733409035297202907e-38 5.023985400017672004e-40 5.852837039434403586e-39 5.760901528083767573e-39 5.014799824632000694e-40
4.920189143094656944e+09 4.032166996150894196e-39 3.886873671212290376e-39 9.371707233343770856e-41 1.240578394184828584e-39 1.222078862347049166e-39 9.354849883446627985e-41
6.561177672614025116e+09 8.749337392669456796e-40 8.389132079077761297e-40 1.640660339466820033e-41 2.495314024021570571e-40 2.462569310118914308e-40 1.637768626136522284e-41
8.749471046662279129e+09 1.799729750195741393e-40 1.716919488977589932e-40 2.656572159545936155e-42 4.638564407637330920e-41 4.594680545118494151e-41 2.652023901109194206e-42
1.166760716081661987e+10 3.428396679887114965e-41 3.254579903638568598e-41 3.866915459631795848e-43 7.621193368440427727e-42 7.607138619373069923e-42 3.860593813020352877e-43
1.555900421101123428e+10 5.834051207862713511e-42 5.512197995533050106e-42 4.810266899386754733e-44 1.028137354303527162e-42 1.043434121632071668e-42 4.803015944710994456e-44
2.074826557850289154e+10 8.404853226070479633e-43 7.916516488662147732e-43 4.689452790514430269e-45 1.004662801610714012e-43 1.061573262838102829e-43 4.683409591007301747e-45
2.766825682915017319e+10 9.459816902053586961e-44 8.985498437435317129e-44 3.071780589175242542e-46 5.604888282176055345e-45 6.687268555264581485e-45 3.068940627585614913e-46
3.689621347227101135e+10 7.309351599816966568e-45 7.442007488636007693e-45 9.690832608425591867e-48 1.002820084238511197e-46 2.102932298256673864e-46 9.686816070481518666e-48
4.920189143094656372e+10 3.068652742593930184e-46 4.561475165740972892e-46 0.000000000000000000e+00 6.372649077831857449e-49 6.853732624617308592e-48 0.000000000000000000e+00
6.561177672614024353e+10 4.711789497325504972e-48 2.763748192414059283e-47 0.000000000000000000e+00 2.282754475411965352e-50 3.254860260096786057e-49 0.000000000000000000e+00
8.749471046662280273e+10 3.846030567575686026e-52 8.546668946746101776e-49 0.000000000000000000e+00 1.546094954079408661e-52 5.685347602053644686e-51 0.000000000000000000e+00
