1.166760716081661986e+00 6.509453634597714986e-04 1.215231139501120718e-03 5.353923816154919196e-13 5.646365564960552710e-04 1.216593789453499939e-03 5.383991932761069417e-13
1.555900421101123365e+00 4.391630681902899589e-04 8.289874448755627087e-04 5.764414564807144740e-13 3.795061349985810479e-04 8.283211735090489523e-04 5.779364416940915863e-13
2.074826557850288911e+00 2.889919397482602187e-04 5.483982046775794268e-04 6.005372489806790350e-13 2.480124231831119623e-04 5.484292106895301841e-04 6.015908235161457569e-13
2.766825682915017293e+00 1.841988330713715985e-04 3.505644275927401730e-04 6.011669230526673903e-13 1.567032026733699288e-04 3.510681291415844777e-04 6.012078837097751419e-13
3.689621347227101111e+00 1.132776748491317562e-04 2.159425071757967488e-04 6.008242114321647257e-13 9.536290147449288566e-05 2.164901473953355024e-04 6.011807630840549488e-13
4.920189143094656714e+00 6.712244184012360981e-05 1.278361436884850339e-04 6.008842462286340701e-13 5.578689528767080588e-05 1.283530779608271885e-04 6.009216261758925314e-13
6.561177672614024736e+00 3.824793187814527545e-05 7.258729790173937030e-05 6.006199439188016806e-13 3.131890620430412227e-05 7.303807634141101768e-05 6.007032427937201516e-13
8.749471046662279150e+00 2.090235231257037059e-05 3.942735924792101676e-05 5.999900303022032558e-13 1.684876275356934954e-05 3.981061183022026285e-05 6.005813089000586812e-13
1.166760716081661897e+01 1.093138574907501402e-05 2.046162395258166892e-05 5.958995255371407610e-13 8.687510274352391160e-06 2.076835870676168675e-05 5.967088329617120650e-13
1.555900421101123499e+01 5.475349209871496959e-06 1.020646465751140169e-05 5.886423673250690694e-13 4.308592785843190072e-06 1.039579657978413232e-05 5.894129832460236879e-13
2.074826557850288822e+01 2.645324299800118813e-06 4.959588126979781897e-06 5.599840913809062008e-13 2.073303878934271837e-06 5.034467904920420169e-06 5.606515152111022329e-13
2.766825682915017381e+01 1.249470562148910726e-06 2.376531955944505274e-06 4.884587281071515927e-13 9.802595038432322192e-07 2.387764098445070740e-06 4.889901703058119407e-13
3.689621347227100756e+01 5.846549033917176743e-07 1.132274810806631003e-06 4.084390859087240726e-13 4.605827014278949620e-07 1.121824537434310601e-06 4.088010429736875434e-13
4.920189143094656714e+01 2.728439095391384217e-07 5.365706820339784409e-07 3.334300481083052410e-13 2.161282953754608000e-07 5.256161940156882963e-07 3.336364724582239898e-13
6.561177672614024914e+01 1.269820288488927280e-07 2.532357541219421582e-07 2.666526263630821542e-13 1.011501844855795785e-07 2.459833958432727727e-07 2.667427640631155514e-13
8.749471046662279150e+01 5.872146474157230535e-08 1.191840194176171470e-07 2.071066359618515579e-13 4.702099046125572031e-08 1.147825541339469444e-07 2.071149382796671651e-13
1.166760716081661968e+02 2.686930548449954889e-08 5.576201290623516084e-08 1.536502771914835028e-13 2.161147587059895891e-08 5.325812217992393818e-08 1.536202622584029097e-13
1.555900421101123356e+02 1.210786770492510531e-08 2.587245120421012753e-08 1.093480141085132955e-13 9.772903655447818914e-09 2.449149411032615326e-08 1.093047998620873535e-13
2.074826557850288964e+02 5.347764886146908971e-09 1.187351717424534378e-08 7.506373684530271059e-14 4.326448163535390368e-09 1.112473750523993877e-08 7.501761627886015148e-14
2.766825682915017524e+02 2.305449859774493538e-09 5.377094847772203657e-09 4.981715341351269892e-14 1.866902700437338111e-09 4.975745037153897475e-09 4.977676356863254831e-14
3.689621347227101182e+02 9.669012110322583876e-10 2.401021401044028573e-09 3.200236522691722099e-14 7.827550096395491157e-10 2.185732501648453532e-09 3.196997107506257689e-14
4.920189143094656856e+02 3.937447706776224055e-10 1.056698586035027407e-09 1.992148082753852864e-14 3.183080938840041611e-10 9.415804411537846728e-10 1.989748821259939306e-14
6.561177672614023777e+02 1.555644054019559918e-10 4.583787549373356498e-10 1.202669715141167930e-14 1.254426824502914755e-10 3.977126952452594400e-10 1.201025390504379593e-14
8.749471046662279150e+02 5.964112220197481160e-11 1.961129226912254934e-10 7.034289607294962266e-15 4.791930464905834399e-11 1.647396228753912766e-10 7.023860776565556360e-15
1.166760716081661940e+03 2.221815191198039738e-11 8.288330514145683238e-11 3.969964213649343473e-15 1.776697484130953118e-11 6.701143061984323742e-11 3.963696991896957890e-15
1.555900421101123356e+03 8.063269424747135071e-12 3.467241040420208752e-11 2.152168627877161374e-15 6.410814779184142630e-12 2.682316958778359740e-11 2.148662861430116438e-15
2.074826557850288737e+03 2.861981686633158797e-12 1.437695761899444459e-11 1.121046286065158078e-15 2.261235295690989077e-12 1.060143169302318891e-11 1.119195133394329056e-15
2.766825682915017296e+03 9.989821940444840777e-13 5.930206889756581278e-12 5.656611435651350780e-16 7.842473792528384667e-13 4.151351245542902454e-12 5.647258003087026453e-16
3.689621347227101069e+03 3.455161659560580717e-13 2.440973377995597205e-12 2.803966071904292872e-16 2.693931271272087560e-13 1.618365946820466747e-12 2.799312578087821136e-16
4.920189143094656174e+03 1.194707520440234476e-13 1.004989395308939798e-12 1.382682410865800656e-16 9.242034990227011675e-14 6.317645584800584648e-13 1.380378118617408459e-16
6.561177672614025141e+03 4.163234119306166832e-14 4.142932828133527488e-13 6.816956150994776175e-17 3.190819888233587620e-14 2.481557071784301348e-13 6.805537740121975898e-17
8.749471046662278241e+03 1.471330140730247595e-14 1.709367743491305651e-13 3.358389277798667309e-17 1.114700125219217707e-14 9.818547944134967379e-14 3.352716921623083200e-17
1.166760716081662031e+04 5.291702850499908907e-15 7.057381195318345697e-14 1.649194080934459360e-17 3.951665148493083842e-15 3.905195963652260854e-14 1.646373182600000975e-17
1.555900421101123356e+04 1.935786330489034316e-15 2.911368912817576717e-14 8.047569978111838003e-18 1.420810348610545607e-15 1.556899535922444048e-14 8.033610935640596017e-18
2.074826557850289100e+04 7.178361643672605305e-16 1.194598556354248786e-14 3.889374129936793236e-18 5.164386008428542157e-16 6.187969014215852172e-15 3.882495485911844632e-18
2.766825682915017387e+04 2.685426703403107821e-16 4.851460965839645378e-15 1.855850060135309412e-18 1.888648233030552204e-16 2.433950052156604538e-15 1.852493878751654976e-18
3.689621347227100341e+04 1.007483773831989681e-16 1.946637273153811579e-15 8.717234771548453326e-19 6.914987502925697480e-17 9.422290451860115311e-16 8.701127645943427785e-19
4.920189143094656174e+04 3.771250186796779793e-17 7.672608746787331500e-16 4.019523459988196769e-19 2.523909649598118449e-17 3.565468422990130049e-16 4.011948901212510158e-19
6.561177672614024777e+04 1.403036888024521095e-17 2.958861311635142881e-16 1.814269611391314298e-19 9.156843337392345065e-18 1.311942824248496697e-16 1.810784005149388636e-19
8.749471046662278241e+04 5.167821029489246228e-18 1.113902138750292840e-16 7.991744310176833613e-20 3.290882183363419566e-18 4.687760738955450848e-17 7.976128748703702965e-20
1.166760716081661958e+05 1.880414101569722419e-18 4.078853991550604866e-17 3.424193643848449985e-20 1.168570308238519885e-18 1.622557158427164875e-17 3.417401018948843081e-20
1.555900421101123211e+05 6.743061917848801122e-19 1.451785255364942683e-17 1.422069469138529467e-20 4.087139157763951669e-19 5.424846450728151768e-18 1.419211890302603249e-20
2.074826557850289100e+05 2.373788769130483560e-19 5.032448626222770454e-18 5.703948643871786022e-21 1.403212257023982847e-19 1.750113366178617482e-18 5.692373083097165744e-21
2.766825682915017242e+05 8.176035747263928913e-20 1.692661735591887019e-18 2.202220129789415445e-21 4.713858602577992770e-20 5.434506244261262905e-19 2.197720209532716036e-21
3.689621347227101214e+05 2.749805792247373925e-20 5.504136452622020086e-19 8.160767570378606493e-22 1.544377515786260862e-20 1.622541256896234188e-19 8.144041581015385734e-22
4.920189143094656756e+05 8.992553598942372518e-21 1.740775017542400631e-19 2.896913394491884042e-22 4.915411105115633531e-21 4.680507900632564585e-20 2.890978724294011097e-22
6.561177672614024486e+05 2.845251942552018390e-21 5.341662839611666206e-20 9.844473860472655140e-23 1.514442134817826215e-21 1.298499196003561729e-20 9.824352695658794508e-23
8.749471046662279405e+05 8.686211899114043189e-22 1.578350094526535124e-20 3.206181022615315821e-23 4.514084645155466396e-22 3.449013002102497810e-21 3.199657582434548085e-23
1.166760716081662104e+06 2.562745615128617129e-22 4.451270292003411569e-21 1.003956835847308450e-23 1.304655016895087809e-22 8.828515250634228664e-22 1.001924734409954040e-23
1.555900421101123560e+06 7.332602652736863184e-23 1.196422304008309645e-21 3.038341207575592065e-24 3.671200657194236470e-23 2.178563910174439718e-22 3.032223845522552529e-24
2.074826557850289159e+06 2.046173662337594865e-23 3.066583553924725602e-22 8.945606157914847945e-25 1.012270541948394183e-23 5.197679746785788484e-23 8.927674170995859338e-25
2.766825682915017474e+06 5.606296394272667844e-24 7.497805928209034873e-23 2.580054361378696379e-25 2.750976634255518711e-24 1.207606791187779202e-23 2.574899696032363106e-25
3.689621347227101214e+06 1.520316548744468149e-24 1.759768376163646151e-23 7.334435778987384036e-26 7.427025957974847538e-25 2.760937557741060796e-24 7.319821506388210432e-26
4.920189143094656989e+06 4.104775810428205832e-25 3.991786278936578006e-24 2.064862141260381839e-26 2.000255512923856491e-25 6.288538212402633270e-25 2.060754502325925403e-26
6.561177672614024952e+06 1.107853704719760236e-25 8.842630056612191925e-25 5.775878915018761562e-27 5.387998380286315532e-26 1.433575228460299848e-25 5.764402581705204710e-27
8.749471046662278473e+06 2.995984113313289895e-26 1.935563156799026402e-25 1.608562262059119000e-27 1.454887645433808258e-26 3.294069030435996229e-26 1.605368237692948437e-27
1.166760716081662104e+07 8.129009530941850790e-27 4.208666654752689815e-26 4.465897657377533136e-28 3.942480350475637262e-27 7.682733269913680126e-27 4.457032588435872562e-28
1.555900421101123467e+07 2.211542420338057459e-27 9.196718389433936099e-27 1.236971641427402727e-28 1.070573239833266000e-27 1.835555213644168014e-27 1.234516780144158160e-28
2.074826557850288972e+07 6.028028396985095611e-28 2.029674799631486269e-27 3.417921096384318994e-29 2.910338490616222727e-28 4.445698426418869016e-28 3.411138080278879979e-29
2.766825682915017009e+07 1.643141515007046003e-28 4.541945702813171010e-28 9.407661010704312109e-30 7.899426447095903971e-29 1.096676759893966299e-28 9.388998583291796051e-30
3.689621347227101028e+07 4.469571435937151882e-29 1.032233019015222608e-28 2.573555060531660594e-30 2.136053966003850995e-29 2.742425076321917303e-29 2.568457185458533059e-30
4.920189143094656616e+07 1.211883848420035996e-29 2.398487646496338035e-29 6.995434087946471651e-31 5.758763408688005129e-30 6.938397906453313388e-30 6.981598408878969564e-31
6.561177672614024580e+07 3.277594919015921226e-30 5.641433549827085825e-30 1.893433470617565199e-31 1.550067474214875837e-30 1.777463507224380976e-30 1.889690175880594355e-31
8.749471046662279963e+07 8.846365521216967117e-31 1.354291619138185966e-30 5.106372920904756194e-32 4.161298305282091564e-31 4.594148739797746019e-31 5.096283500350294659e-32
1.166760716081662029e+08 2.381821620777047378e-31 3.317456151436757972e-31 1.370561445404793083e-32 1.112757011331172951e-31 1.191527038981174720e-31 1.367855420349139335e-32
1.555900421101123393e+08 6.390572824382603140e-32 8.223816651497230359e-32 3.655417261330545989e-33 2.959059599368951883e-32 3.095097459594856970e-32 3.648207837155331479e-33
2.074826557850289047e+08 1.706519212173478676e-32 2.059014515149275942e-32 9.668498114202682388e-34 7.810869515019006772e-33 8.026401593952307212e-33 9.649458001788234527e-34
2.766825682915017605e+08 4.529189480852167519e-33 5.184998944639966707e-33 2.529651243310593207e-34 2.042458036003842790e-33 2.070489442084231139e-33 2.524679918210650829e-34
3.689621347227101326e+08 1.192807024437051776e-33 1.311421976151071284e-33 6.525941334747495586e-35 5.278694880866233823e-34 5.297312906826167620e-34 6.513152889409202011e-35
4.920189143094656467e+08 3.111724646345670230e-34 3.314243131699013897e-34 1.653357083799514633e-35 1.345177078046060062e-34 1.340409003116392463e-34 1.650129718466792843e-35
6.561177672614024878e+08 8.026322662634232074e-35 8.335663885694435418e-35 4.094149156579873879e-36 3.372198496507532578e-35 3.343550158640844030e-35 4.086198947834137881e-36
8.749471046662279367e+08 2.043101372318597489e-35 2.081169322508694880e-35 9.855747522344712566e-37 8.299006665526494586e-36 8.200721782705251265e-36 9.836739600651116164e-37
1.166760716081662178e+09 5.122637323421735656e-36 5.136694706433945044e-36 2.293241674157149707e-37 2.001554319753216743e-36 1.973216518598384401e-36 2.288857071897203905e-37
1.555900421101123333e+09 1.262592230993192627e-36 1.250850270699866117e-36 5.128732773382323210e-38 4.723808946720047945e-37 4.650280396555437059e-37 5.119029635616956427e-38
2.074826557850289106e+09 3.052555212389555438e-37 2.994305684710016389e-37 1.097000937494561394e-38 1.089284202089664226e-37 1.071631499705443517e-37 1.094950827713667394e-38
2.766825682915017128e+09 7.221097157576846733e-38 7.028411735578159912e-38 2.235241545305328752e-39 2.449184236609508865e-38 2.409570251098912801e-38 2.231120608420997443e-39
3.689621347227100849e+09 1.665879781128325671e-38 1.610793141857773867e-38 4.325392716150026700e-40 5.349221395544327517e-39 5.264669919450635382e-39 4.317533563404696461e-40
4.920189143094656944e+09 3.729240075918474496e-39 3.585482599417571268e-39 7.921391884578863741e-41 1.126272106787970999e-39 1.109435613922601082e-39 7.907228174689100872e-41
6.561177672614025116e+09 8.033744622291365716e-40 7.685685259972763617e-40 1.364079339201682313e-41 2.252673003382985323e-40 2.223078380112760360e-40 1.361688161715196891e-41
8.749471046662279129e+09 1.642036613093693354e-40 1.563395474638059650e-40 2.177818456735467184e-42 4.168438204652965614e-41 4.128910564882324838e-41 2.174107814686127328e-42
1.166760716081661987e+10 3.111262357553935215e-41 2.948230854569032446e-41 3.133531855404242307e-43 6.824217860380147913e-42 6.811250042725468210e-42 3.128430807078702459e-43
1.555900421101123428e+10 5.271423341436963662e-42 4.971937823477063541e-42 3.862086347385995171e-44 9.180746353257561467e-43 9.316099420838882351e-43 3.856286189159665310e-44
2.074826557850289154e+10 7.568192190272771748e-43 7.115060225370665922e-43 3.737970221584353169e-45 8.952157231371629865e-44 9.456121004768353481e-44 3.733168591777760312e-45
2.766825682915017319e+10 8.494754271450192918e-44 8.049265737676839051e-44 2.434869794839471982e-46 4.986280786423209335e-45 5.943012844021041465e-45 2.432624375050174347e-46
3.689621347227101135e+10 6.548577174241270370e-45 6.640784139793193848e-45 7.647860764470091293e-48 8.910268600685209946e-47 1.859625311632907300e-46 7.644692014685176429e-48
4.920189143094656372e+10 2.743747335581128274e-46 4.046616374105571590e-46 0.000000000000000000e+00 5.610816702652463711e-49 5.993843941057522766e-48 0.000000000000000000e+00
6.561177672614024353e+10 4.204194138001334894e-48 2.439666704682634017e-47 0.000000000000000000e+00 2.010923368246804927e-50 2.836088208155061847e-49 0.000000000000000000e+00
8.749471046662280273e+10 3.391738562579188696e-52 7.538057729677695940e-49 0.000000000000000000e+00 1.362750565427678839e-52 4.920518022287667984e-51 0.000000000000000000e+00
