1.166760716081661986e+00 6.507391752155740425e-04 1.214669726144522585e-03 5.299158984261553804e-13 5.644282670338474648e-04 1.216045626737011264e-03 5.328911179398541421e-13
1.555900421101123365e+00 4.390582532940956960e-04 8.286398689821713147e-04 5.705449839801604604e-13 3.793943044571700530e-04 8.279821359302087140e-04 5.720251118037597388e-13
2.074826557850288911e+00 2.889507518712337332e-04 5.481954577936786355e-04 5.943941135636523907e-13 2.479612783926717556e-04 5.482338046742334624e-04 5.954371355102517704e-13
2.766825682915017293e+00 1.841921211785009505e-04 3.504545931627100737e-04 5.950167756906909439e-13 1.566861738672653223e-04 3.509647104295302500e-04 5.950582712817365155e-13
3.689621347227101111e+00 1.132861688781418709e-04 2.158879043783663593e-04 5.946779421937407304e-13 9.536223071470263169e-05 2.164405836487076054e-04 5.950312772101608312e-13
4.920189143094656714e+00 6.713547168362546716e-05 1.278118308157755786e-04 5.947374041694232261e-13 5.579231544764966081e-05 1.283325600601563365e-04 5.947749016111343742e-13
6.561177672614024736e+00 3.826028171223722004e-05 7.257794879662238425e-05 5.944762240967623406e-13 3.132518458502268422e-05 7.303165924291233420e-05 5.945584201194675186e-13
8.749471046662279150e+00 2.091193360502766440e-05 3.942429896015743217e-05 5.938527471201428398e-13 1.685371250420200352e-05 3.980991754182077217e-05 5.944376379522878478e-13
1.166760716081661897e+01 1.093785917719315693e-05 2.046055816041083563e-05 5.898067059536362973e-13 8.690667266277457627e-06 2.076921193869200985e-05 5.906074130463960776e-13
1.555900421101123499e+01 5.479280518267653146e-06 1.020578319363229241e-05 5.826274105553363796e-13 4.310330987148954037e-06 1.039654849719542359e-05 5.833900265081875616e-13
2.074826557850288822e+01 2.647631896333070660e-06 4.959042670883872387e-06 5.542791266520428947e-13 2.074251451515660481e-06 5.034864701911329975e-06 5.549397199446508493e-13
2.766825682915017381e+01 1.250999807556691871e-06 2.376288432294617099e-06 4.835244250961805200e-13 9.809490525565608467e-07 2.388095785392697934e-06 4.840505334974106938e-13
3.689621347227100756e+01 5.859357991039878249e-07 1.132427838221695550e-06 4.043505182984845282e-13 4.613090217561187190e-07 1.122344906156177297e-06 4.047089733952993114e-13
4.920189143094656714e+01 2.740885817409787864e-07 5.370653905996254599e-07 3.301197165538869706e-13 2.169677600094803805e-07 5.263829170910763964e-07 3.303242245684988055e-13
6.561177672614024914e+01 1.282032726558642357e-07 2.539531056005781313e-07 2.640253296837846210e-13 1.020523179637298987e-07 2.469287498326757552e-07 2.641147297060915471e-13
8.749471046662279150e+01 5.984597358601402709e-08 1.199843410645643357e-07 2.050833162326298599e-13 4.788992874396202520e-08 1.157817493471551301e-07 2.050916856456639261e-13
1.166760716081661968e+02 2.781306266043513481e-08 5.652045187498895274e-08 1.521667483299315459e-13 2.235769257794247991e-08 5.418426669428264141e-08 1.521371475506954281e-13
1.555900421101123356e+02 1.282105620800386165e-08 2.650150181260092007e-08 1.083074899466206401e-13 1.034387580179675867e-08 2.525099744304603050e-08 1.082647866997858310e-13
2.074826557850288964e+02 5.831810857770283840e-09 1.233596850407624379e-08 7.436141293560189159e-14 4.716690392786482027e-09 1.167893762881521368e-08 7.431580164050585317e-14
2.766825682915017524e+02 2.601667935342864477e-09 5.681591036646136342e-09 4.936002875505223141e-14 2.106661070275542395e-09 5.338251050452400142e-09 4.932006877376617675e-14
3.689621347227101182e+02 1.131704999790321990e-09 2.582829303826731123e-09 3.171528571547911335e-14 9.164442648978837946e-10 2.400556216247174976e-09 3.168322606139683307e-14
4.920189143094656856e+02 4.779723986962798038e-10 1.156529082332572578e-09 1.974746765326151802e-14 3.867078108604530907e-10 1.058414906040736417e-09 1.972371607829599740e-14
6.561177672614023777e+02 1.955316383582784168e-10 5.095300601574979346e-10 1.192491388462820437e-14 1.579050233364300490e-10 4.568372357150116477e-10 1.190863099786544043e-14
8.749471046662279150e+02 7.742120556598766499e-11 2.209103078810445129e-10 6.977008079736394730e-15 6.235304944597369599e-11 1.929422283542705753e-10 6.966677634408859455e-15
1.166760716081661940e+03 2.969531363286559894e-11 9.439132882796553011e-11 3.939193449436897073e-15 2.382973810274164885e-11 7.983535606793092839e-11 3.932982799279771326e-15
1.555900421101123356e+03 1.105536004299036192e-11 3.982670895357417780e-11 2.136561138338030945e-15 8.832792821318950131e-12 3.242881097302612167e-11 2.133085200086056632e-15
2.074826557850288737e+03 4.007148620540849010e-12 1.661741021990947891e-11 1.113626604401773380e-15 3.186860565877821854e-12 1.297140027668860319e-11 1.111789982888815015e-15
2.766825682915017296e+03 1.420140106762627318e-12 6.879728238735467756e-12 5.623511331775283248e-16 1.124547432438182771e-12 5.123917115714445459e-12 5.614223626463189346e-16
3.689621347227101069e+03 4.952237231717680898e-13 2.834954859660503963e-12 2.789952833663344998e-16 3.904526572629165732e-13 2.007309933197799526e-12 2.785327579788729918e-16
4.920189143094656174e+03 1.713096914972438838e-13 1.166114410757585933e-12 1.376971364004905235e-16 1.343928636043910121e-13 7.843258101414458004e-13 1.374678759807178987e-16
6.561177672614025141e+03 5.928541682831308627e-14 4.799109572318025688e-13 6.794416493261100508e-17 4.622139263296981615e-14 3.073311485717621274e-13 6.783044884077647047e-17
8.749471046662278241e+03 2.069160795059153579e-14 1.978651172248347823e-13 3.349809024467669830e-17 1.599539915119836304e-14 1.210981901681524487e-13 3.344154742220793580e-17
1.166760716081662031e+04 7.327674749563134493e-15 8.183487849805371501e-14 1.646074706659716367e-17 5.597332284582501837e-15 4.799119898710103666e-14 1.643260491656046467e-17
1.555900421101123356e+04 2.639051175645532318e-15 3.394290971022885804e-14 8.036921278983225741e-18 1.983878947223821371e-15 1.910782659475510063e-14 8.022985529273623376e-18
2.074826557850289100e+04 9.652138944226877742e-16 1.406426634809509727e-14 3.886070475321246385e-18 7.110504364572051711e-16 7.612116223791429018e-15 3.879199319779838564e-18
2.766825682915017387e+04 3.570200890755830757e-16 5.792713711363351555e-15 1.854990090568423361e-18 2.566728925722256487e-16 3.013583497038056971e-15 1.851635993568337289e-18
3.689621347227100341e+04 1.327171975660156540e-16 2.364972665853894759e-15 8.715882675427645038e-19 9.284112651314275076e-17 1.178720564736794043e-15 8.699779653238454626e-19
4.920189143094656174e+04 4.928002489881040641e-17 9.503911640177997734e-16 4.019871602579873931e-19 3.348271172298150767e-17 4.518975148621854679e-16 4.012296830568926959e-19
6.561177672614024777e+04 1.818473885152005753e-17 3.738915726270146523e-16 1.814763533437357025e-19 1.199446083126300460e-17 1.687097796999840190e-16 1.811277082922393210e-19
8.749471046662278241e+04 6.636423308314367079e-18 1.434473802637235195e-16 7.995040647283274297e-20 4.250515696168046556e-18 6.115103049836587663e-17 7.979418838399784604e-20
1.166760716081661958e+05 2.388705176066299265e-18 5.342423393017185838e-17 3.425962561098730098e-20 1.485875455516723030e-18 2.144107244710693274e-17 3.419166441387068430e-20
1.555900421101123211e+05 8.458790311111264324e-19 1.928913313363935839e-17 1.422912395744836141e-20 5.108771363782737502e-19 7.246609188231465558e-18 1.420053112883776550e-20
2.074826557850289100e+05 2.936406365044279070e-19 6.762910767600794306e-18 5.707642214184818632e-21 1.722597558548825413e-19 2.357358864626448396e-18 5.696059081566248395e-21
2.766825682915017242e+05 9.964561298176755953e-20 2.294307873499534945e-18 2.203726520211016978e-21 5.682203121486811431e-20 7.362529468308884358e-19 2.199223497240775514e-21
3.689621347227101214e+05 3.301660347757701858e-20 7.506560401808586096e-19 8.166545100895591936e-22 1.829104688720351768e-20 2.205478718525283623e-19 8.149807152797928774e-22
4.920189143094656756e+05 1.064110483049429900e-20 2.383921068126121218e-19 2.898996601904648458e-22 5.725796295827284771e-21 6.369818967278341730e-20 2.893057639780186854e-22
6.561177672614024486e+05 3.318798551341758972e-21 7.334378418753005846e-20 9.851580679276035205e-23 1.736699146024538306e-21 1.766110615194683847e-20 9.831444937409644688e-23
8.749471046662279405e+05 9.986430044882992435e-22 2.170122886628627544e-20 3.208498295597895630e-23 5.100603360671047228e-22 4.680421656998264432e-21 3.201970131791904688e-23
1.166760716081662104e+06 2.903902201235912086e-22 6.121885496110016026e-21 1.004686219778042999e-23 1.453793380163809953e-22 1.193488172163236894e-21 1.002652640499844085e-23
1.555900421101123560e+06 8.188612661684601186e-23 1.644313682455449519e-21 3.040585848465475701e-24 4.037351972915733393e-23 2.929093284905841670e-22 3.034463961641639393e-24
2.074826557850289159e+06 2.252076505562034100e-23 4.207679494441042507e-22 8.952461883616563924e-25 1.099545397709811977e-23 6.937315204675654556e-23 8.934516118964953076e-25
2.766825682915017474e+06 6.082680796868242045e-24 1.026023467174727487e-22 2.582165377076824829e-25 2.953140276980763840e-24 1.596450137924657145e-23 2.577006472415388181e-25
3.689621347227101214e+06 1.627304898235297337e-24 2.398837574768846264e-23 7.341080396841190870e-26 7.887884788513293664e-25 3.606133160707867883e-24 7.326452765365970647e-26
4.920189143094656989e+06 4.339760101843339973e-25 5.412509006364548941e-24 2.067019260115989661e-26 2.103936183727684591e-25 8.094082927659621085e-25 2.062907271511802117e-26
6.561177672614024952e+06 1.158604743842907325e-25 1.190511266570384655e-24 5.783118588632304387e-27 5.617866388159643942e-26 1.812856705641169312e-25 5.771627605800103579e-27
8.749471046662278473e+06 3.104523922814388624e-26 2.582303060344523664e-25 1.611065970943673176e-27 1.505574822689584849e-26 4.081017206921738429e-26 1.607866861482958801e-27
1.166760716081662104e+07 8.361564030622588553e-27 5.550196513777739011e-26 4.474763123095347208e-28 4.055015011435019903e-27 9.304012608696925375e-27 4.465879988375092538e-28
1.555900421101123467e+07 2.261581661132644292e-27 1.195748198747995916e-26 1.240162983924748478e-28 1.095615402058734966e-27 2.172284458396788306e-27 1.237701602914523237e-28
2.074826557850288972e+07 6.137608646929254190e-28 2.594890392591131883e-27 3.429521157901022026e-29 2.967280394585853263e-28 5.137556187302423695e-28 3.422714392043564191e-29
2.766825682915017009e+07 1.667961803668884997e-28 5.696095381876250070e-28 9.449968233752599090e-30 8.034244971450505996e-29 1.239591955353536694e-28 9.431219057091022233e-30
3.689621347227101028e+07 4.528809144496446686e-29 1.267469178996553437e-28 2.588960184958126018e-30 2.169825652523373596e-29 3.039257551210000696e-29 2.583830709763159792e-30
4.920189143094656616e+07 1.226943125966571034e-29 2.882529968992061320e-29 7.051340935030108069e-31 5.849392881839088864e-30 7.560799648873293662e-30 7.037390563692057696e-31
6.561177672614024580e+07 3.318946444880743211e-30 6.630244328541846052e-30 1.913663948579039611e-31 1.576204453874786607e-30 1.911572829008372482e-30 1.909879115239997769e-31
8.749471046662279963e+07 8.968480935937920764e-31 1.558543166287368956e-30 5.179306597840602441e-32 4.241424613730989928e-31 4.894565336501397711e-31 5.169067293962258729e-32
1.166760716081662029e+08 2.419995619772569620e-31 3.748701743596336002e-31 1.396706073295084434e-32 1.138456478286727385e-31 1.261591366224126190e-31 1.393946271234843585e-32
1.555900421101123393e+08 6.514503749050509821e-32 9.148187184948889499e-32 3.748393249177952673e-33 3.043602461050751641e-32 3.268366919508347734e-32 3.740992442489363208e-33
2.074826557850289047e+08 1.747553672983197480e-32 2.262494485542880560e-32 9.995629156716447210e-34 8.091464355349530705e-33 8.482714751129929069e-33 9.975915320781214772e-34
2.766825682915017605e+08 4.665786714275731982e-33 5.648215006741628557e-33 2.643148653189173197e-34 2.135201322692178518e-33 2.197221043668133534e-33 2.637943556376641287e-34
3.689621347227101326e+08 1.238001999316926715e-33 1.422382886293397359e-33 6.912630235425902174e-35 5.580833736618387093e-34 5.663115349088013786e-34 6.899045768793072987e-35
4.920189143094656467e+08 3.259130940929470585e-34 3.593027365567581218e-34 1.782072693358765413e-35 1.441398915917749938e-34 1.448107133713491180e-34 1.778580772408286189e-35
6.561177672614024878e+08 8.497466761149911571e-35 9.065008872512483105e-35 4.510151783149714551e-36 3.669826702804576775e-35 3.660329400977218856e-35 4.501349111751425503e-36
8.749471046662279367e+08 2.190040600642478982e-35 2.278209371205394610e-35 1.115173619947366134e-36 9.188777528863544623e-36 9.118189976254475387e-36 1.113008548064185053e-36
1.166760716081662178e+09 5.568482215725121546e-36 5.676362498372182646e-36 2.679238300031163214e-37 2.257757422562804871e-36 2.232115286490493269e-36 2.674072230682557581e-37
1.555900421101123333e+09 1.393881811991821886e-36 1.399128870120790937e-36 6.218269994526721098e-38 5.432640737318506750e-37 5.357784172195907950e-37 6.206383010547497776e-38
2.074826557850289106e+09 3.426817805245770570e-37 3.397106504316555132e-37 1.385986923788187576e-38 1.277348664438548136e-37 1.258016857482786866e-37 1.383365120533206612e-38
2.766825682915017128e+09 8.250525107505754590e-38 8.100659187990620752e-38 2.950231950695724063e-39 2.926612422136456796e-38 2.881046783034073228e-38 2.944719274171361954e-39
3.689621347227100849e+09 1.937859282186142505e-38 1.887505838776188624e-38 5.966227366495074887e-40 6.504733991650940341e-39 6.403879920880302024e-39 5.955234251848004734e-40
4.920189143094656944e+09 4.415132983333866369e-39 4.271314696908299122e-39 1.139773769957878697e-40 1.391059162464329012e-39 1.370441966527069678e-39 1.137707745617564310e-40
6.561177672614025116e+09 9.669526070326480435e-40 9.300179702491676103e-40 2.039717922470622171e-41 2.819521618432714261e-40 2.782634127036091562e-40 2.036096579184582265e-41
8.749471046662279129e+09 2.005729964205843722e-40 1.918669837581106950e-40 3.367230340092319820e-42 5.274710256469062853e-41 5.224981387422846892e-41 3.361426749940887000e-42
1.166760716081661987e+10 3.848516373002203946e-41 3.662542174410493252e-41 4.982037885041488305e-43 8.710936848065690349e-42 8.695452219201247006e-42 4.973843880836615953e-43
1.555900421101123428e+10 6.588375964085918666e-42 6.240137674206115890e-42 6.280777285401272733e-44 1.179912696715885465e-42 1.197657738421505891e-42 6.271258182602743031e-44
2.074826557850289154e+10 9.537938484486516397e-43 9.007602445326123650e-43 6.188745601142777519e-45 1.156615991329297986e-43 1.222637452720177573e-43 6.180731811317829852e-45
2.766825682915017319e+10 1.077794919912728432e-43 1.027253340695532935e-43 4.088159117774120944e-46 6.468282929801358055e-45 7.727648957220276046e-45 4.084364768015767068e-46
3.689621347227101135e+10 8.356116305263009341e-45 8.555469299728194529e-45 1.298431298492413243e-47 1.159391095563649718e-46 2.446241708026075933e-46 1.297892874415703345e-47
4.920189143094656372e+10 3.518529033150397052e-46 5.287218236354695696e-46 0.000000000000000000e+00 7.461139186628244331e-49 8.084646665363766989e-48 0.000000000000000000e+00
6.561177672614024353e+10 5.419107663002251337e-48 3.225625793396662532e-47 0.000000000000000000e+00 2.671083945431327498e-50 3.853898086009627288e-49 0.000000000000000000e+00
8.749471046662280273e+10 4.495037320147287979e-52 9.987577331758151925e-49 0.000000000000000000e+00 1.808013438334195397e-52 6.777514969299941773e-51 0.000000000000000000e+00
