1.017789999999999928e+01 1.660801168208033383e-04 1.637626385429076720e-04 1.632434117787765046e-04
1.043200000000000038e+01 1.555476093114334141e-04 1.547918751336112644e-04 1.558458499263810611e-04
1.068609999999999971e+01 1.496538957872287621e-04 1.462129188475520022e-04 1.459720411320396868e-04
1.094030000000000058e+01 1.367502656122898024e-04 1.407606609870042536e-04 1.400499183686223061e-04
1.119439999999999991e+01 1.332703276455916234e-04 1.319785502985677979e-04 1.311015313565033974e-04
1.144849999999999923e+01 1.299408062907047136e-04 1.235322338136763830e-04 1.226057379571534429e-04
1.171439999999999948e+01 1.206619515497195009e-04 1.174491506676249487e-04 1.178501491682175509e-04
1.205320000000000036e+01 1.126817996157311190e-04 1.101994343333795849e-04 1.097059076192354862e-04
1.239209999999999923e+01 1.055219297703670833e-04 1.030465922046014946e-04 1.029385791695378998e-04
1.273099999999999987e+01 9.689094031837426071e-05 9.778538748804327927e-05 9.739619290716231774e-05
1.306990000000000052e+01 9.229346713797746205e-05 9.070390979286666955e-05 9.116508798722393727e-05
1.340879999999999939e+01 8.503529716030519396e-05 8.612619110487752317e-05 8.638604967673071532e-05
1.374770000000000003e+01 8.214649848438841998e-05 8.015717700392686776e-05 8.002101560403816088e-05
1.408660000000000068e+01 7.918119749344186087e-05 7.462933611029318225e-05 7.453261035748781518e-05
1.442549999999999955e+01 7.277007938928774244e-05 7.141081886436655493e-05 7.101123098269254209e-05
1.476440000000000019e+01 6.685565027082339005e-05 6.793658862640593993e-05 6.831692052813722411e-05
1.510330000000000084e+01 6.746771592439154361e-05 6.267020833590880829e-05 6.173078074722962384e-05
1.544209999999999994e+01 6.195208765516453187e-05 5.989951900813992225e-05 5.959537823933473797e-05
1.585510000000000019e+01 5.600632962165434485e-05 5.688566357410117306e-05 5.714663860134533863e-05
1.630699999999999861e+01 5.373752048942461525e-05 5.273263112577339010e-05 5.206728025866752519e-05
1.675890000000000057e+01 4.851429791813386436e-05 4.972378530299136832e-05 4.990058765023604214e-05
1.721079999999999899e+01 4.712296429181144007e-05 4.593354463686105096e-05 4.550892049113815837e-05
1.766280000000000072e+01 4.408401348266709739e-05 4.297736286435686041e-05 4.275858248922510021e-05
1.811469999999999914e+01 4.012572476224270633e-05 4.063294278088677909e-05 4.090759416167762190e-05
1.856660000000000110e+01 3.761628806999141816e-05 3.817329260244448660e-05 3.840971717272356951e-05
1.901849999999999952e+01 3.578047046582968465e-05 3.581166832939907904e-05 3.570866053912637742e-05
1.947040000000000148e+01 3.470208100187906029e-05 3.321795663972437686e-05 3.297881067786558441e-05
1.992229999999999990e+01 3.094271307478465405e-05 3.194800059902798840e-05 3.205635301593255930e-05
2.037430000000000163e+01 2.940999616393802653e-05 3.006202333859205324e-05 3.000669004276273398e-05
2.085219999999999985e+01 2.780182829849148863e-05 2.816070902961867291e-05 2.818664677160765634e-05
2.145479999999999876e+01 2.612060817393809084e-05 2.608850588271571756e-05 2.610317333795909579e-05
2.205750000000000099e+01 2.365041463482469002e-05 2.459741708030267990e-05 2.474416822442207240e-05
2.266009999999999991e+01 2.270351690792130503e-05 2.257549996168865670e-05 2.284259168780877042e-05
2.326269999999999882e+01 2.083282158825021163e-05 2.141905740700549620e-05 2.138982171839291229e-05
2.386540000000000106e+01 1.899847799098432457e-05 2.021570713808115561e-05 2.031609758376168548e-05
2.446799999999999997e+01 1.810363526070632572e-05 1.887406928022771613e-05 1.877004356687099183e-05
2.507069999999999865e+01 1.759611081619881327e-05 1.741574307562447467e-05 1.724202919901528469e-05
2.567330000000000112e+01 1.642599847251191147e-05 1.630357227957681841e-05 1.627778029947677286e-05
2.627590000000000003e+01 1.535019606983756824e-05 1.548040358501016930e-05 1.520091112812641389e-05
2.687859999999999872e+01 1.390083837759304392e-05 1.464499589112085550e-05 1.467371241144916212e-05
2.748120000000000118e+01 1.385585467420521352e-05 1.346528508541377947e-05 1.335145162866748765e-05
2.822250000000000014e+01 1.245777072017760254e-05 1.262121330842954392e-05 1.280530590894819057e-05
2.902609999999999957e+01 1.181233252295214761e-05 1.175735191294153929e-05 1.176688580985959151e-05
2.982979999999999876e+01 1.085513544475756751e-05 1.101253391122515650e-05 1.103155471972358905e-05
3.063340000000000174e+01 1.038312237505936104e-05 1.015179060321158698e-05 1.055321895665872119e-05
3.143700000000000117e+01 9.569306389298531045e-06 9.549557642353554402e-06 9.538328782056436345e-06
3.224069999999999681e+01 8.758784782244645098e-06 9.023095723912156124e-06 9.029238200350426385e-06
3.304429999999999978e+01 8.255481327600096281e-06 8.458331043746485089e-06 8.295411430195919969e-06
3.384790000000000276e+01 8.075677594800350701e-06 7.787986987224051365e-06 7.650491513732195483e-06
3.465160000000000196e+01 7.014815065486313871e-06 7.534409242300947931e-06 7.484270272799721303e-06
3.545519999999999783e+01 6.910985232346102098e-06 6.900904909174222170e-06 6.836478820046514322e-06
3.625880000000000081e+01 6.566296411523284176e-06 6.417659315620052991e-06 6.413336204432030539e-06
3.711789999999999878e+01 6.079558195682162500e-06 6.051589189150540059e-06 6.043214844217828991e-06
3.818959999999999866e+01 5.481473455686470978e-06 5.661201345349237837e-06 5.737430322630435606e-06
3.926129999999999853e+01 5.262722104023571399e-06 5.223807948853232696e-06 5.222221289774697382e-06
4.033290000000000219e+01 5.010227049807714612e-06 4.819048323040580503e-06 4.805943824231490460e-06
4.140460000000000207e+01 4.364529707810683980e-06 4.643656460723282422e-06 4.627325741462678016e-06
4.247630000000000194e+01 4.310598637896534292e-06 4.181522900184974382e-06 4.260820864720439020e-06
4.354789999999999850e+01 3.875548980077123836e-06 3.991642781401983312e-06 4.055495435797637403e-06
4.461959999999999837e+01 3.631346476684709138e-06 3.770939884668796482e-06 3.731369587514757034e-06
4.569129999999999825e+01 3.462875637505343190e-06 3.474847638422184486e-06 3.489609668618106979e-06
4.676290000000000191e+01 3.208680486996009128e-06 3.272953740028466822e-06 3.277126339026702156e-06
4.783460000000000178e+01 2.998001700774259004e-06 3.074372637471529163e-06 3.078845510437815431e-06
4.890630000000000166e+01 2.882204615386139053e-06 2.851736126361703523e-06 2.841883957426390445e-06
5.023669999999999902e+01 2.673563894287877922e-06 2.652439074240416196e-06 2.662329914996078344e-06
5.166579999999999728e+01 2.438220199207689844e-06 2.493308642148138572e-06 2.493210208909840317e-06
5.309490000000000265e+01 2.315409463249251319e-06 2.301685097065013552e-06 2.295149536459046931e-06
5.452400000000000091e+01 2.130562445976422328e-06 2.159393469332952504e-06 2.154101032741425499e-06
5.595309999999999917e+01 1.988191419789807166e-06 2.008891131922417249e-06 2.001060642217475232e-06
5.738219999999999743e+01 1.831066563097588860e-06 1.867757744916210723e-06 1.879720788200274799e-06
5.881130000000000280e+01 1.717688093824161987e-06 1.774965973031476877e-06 1.741875253422909909e-06
6.024040000000000106e+01 1.643054281901667899e-06 1.611439241050175355e-06 1.639151987894850834e-06
6.166949999999999932e+01 1.472320020156908682e-06 1.552686173477180355e-06 1.539603350042282745e-06
6.309859999999999758e+01 1.417183528912437154e-06 1.425234734083215830e-06 1.435359813121806799e-06
6.452760000000000673e+01 1.346963556536478820e-06 1.330418736100365138e-06 1.316338596141527594e-06
6.607179999999999609e+01 1.249762786623903065e-06 1.252921788564164335e-06 1.242439214198100156e-06
6.797750000000000625e+01 1.149076817921440356e-06 1.165765226850481625e-06 1.155536837412487996e-06
6.988320000000000221e+01 1.069986584914931701e-06 1.080919434613831944e-06 1.082563770523274817e-06
7.178889999999999816e+01 9.718513659429116097e-07 1.016261000320845384e-06 1.016435716369919920e-06
7.369469999999999743e+01 9.392115798089863592e-07 9.234476054976145136e-07 9.347537131263514265e-07
7.560039999999999338e+01 8.750658973088074130e-07 8.858157359557557280e-07 8.705931602452786563e-07
7.750610000000000355e+01 8.130164885276322572e-07 8.056577054359212337e-07 8.181840301702775965e-07
7.941179999999999950e+01 7.537587777440399397e-07 7.607782703687978655e-07 7.605988295416960543e-07
8.131749999999999545e+01 6.964092141413429929e-07 7.188797534687217152e-07 7.050305646619555487e-07
8.322329999999999472e+01 6.545618660101438536e-07 6.700769879534113961e-07 6.611815716709113748e-07
8.512900000000000489e+01 6.471806854204855240e-07 6.117577143909542368e-07 6.253466140148802221e-07
8.703470000000000084e+01 5.802202089141593591e-07 5.725745264826492777e-07 5.955819711441103671e-07
8.942260000000000275e+01 5.216593840737338635e-07 5.468209642886380426e-07 5.501583104351498441e-07
9.196389999999999532e+01 4.899606250989497192e-07 5.117296800185580627e-07 4.981500148127221787e-07
9.450520000000000209e+01 4.649706113905455640e-07 4.856087008041510188e-07 4.652240578832487730e-07
9.704659999999999798e+01 4.326366611112205074e-07 4.377284633684804277e-07 4.330738535392402855e-07
9.958790000000000475e+01 3.997229823396755639e-07 4.037564521189364532e-07 4.023559305456575830e-07
1.021290000000000049e+02 3.722779444870948217e-07 3.801338541182853528e-07 3.808114916370057170e-07
1.046710000000000065e+02 3.488352784449536756e-07 3.531307039362943864e-07 3.515340001764977671e-07
1.072120000000000033e+02 3.280250595845294196e-07 3.350403477433440997e-07 3.225898588772673051e-07
1.097530000000000001e+02 3.062584221565563426e-07 3.109437912655160210e-07 3.012102617596049881e-07
1.122939999999999969e+02 2.851555605057128498e-07 2.851733674821644954e-07 2.998680382713022453e-07
1.148359999999999985e+02 2.695563148570702969e-07 2.662341072238053131e-07 2.638711199760473701e-07
1.176110000000000042e+02 2.503666023594131195e-07 2.537149985322651132e-07 2.483574927948618485e-07
1.210000000000000000e+02 2.319374802180463067e-07 2.178089207772055258e-07 2.439995681247483480e-07
1.243889999999999958e+02 2.159486788923772086e-07 2.141156849735002882e-07 2.130618455166648184e-07
1.277780000000000058e+02 1.980331458535099506e-07 1.976060049671121403e-07 2.013344377653911656e-07
1.311670000000000016e+02 1.855049266862666650e-07 1.922666269403274625e-07 1.771220091965849343e-07
1.345550000000000068e+02 1.699002630678041740e-07 1.792948164005298384e-07 1.666073301316660408e-07
1.379439999999999884e+02 1.553440073328364517e-07 1.684682392026651432e-07 1.565555318644984574e-07
1.413329999999999984e+02 1.458328048822939859e-07 1.507067310772531414e-07 1.438998667806679441e-07
1.447220000000000084e+02 1.390075181461755412e-07 1.404545877018913703e-07 1.368148782093578037e-07
1.481109999999999900e+02 1.292078579578567119e-07 1.245758063910734981e-07 1.353901289562794297e-07
1.515000000000000000e+02 1.208164720527190722e-07 1.227820572539512662e-07 1.199912550133297351e-07
1.548890000000000100e+02 1.136483215244875649e-07 1.105799555311465121e-07 1.154419185443659491e-07
1.591740000000000066e+02 1.044514338288523073e-07 1.053238480631363025e-07 1.049260466680114394e-07
1.636930000000000121e+02 9.534671251508682418e-08 9.780545462988755486e-08 9.812296197502568920e-08
1.682129999999999939e+02 8.728839651857391333e-08 9.188432938744525106e-08 9.063892161398085784e-08
1.727319999999999993e+02 8.064775628394535936e-08 8.296207128197674352e-08 8.677824779407793687e-08
1.772510000000000048e+02 7.680814680902431129e-08 7.767788782836729531e-08 7.799943952260842306e-08
1.817700000000000102e+02 7.087453722819553883e-08 7.357816884743510206e-08 7.162100848436940419e-08
1.862889999999999873e+02 6.658438707511261543e-08 6.640992915189785359e-08 6.799719145298955546e-08
1.908079999999999927e+02 6.205599643896162509e-08 6.270844448299636201e-08 6.228064128230527670e-08
1.953280000000000030e+02 5.789198213858962573e-08 5.855120781190746615e-08 5.783859508950293338e-08
1.998470000000000084e+02 5.414184549314099659e-08 5.313505822451618515e-08 5.516072444234283779e-08
2.043660000000000139e+02 5.002703090566631970e-08 5.124078771449386750e-08 5.017035433983983472e-08
2.093530000000000086e+02 4.729109002559662626e-08 4.615423845614655907e-08 4.742397069425683598e-08
2.153789999999999907e+02 4.315520979913508905e-08 4.534112061130834402e-08 4.164382474155658873e-08
2.214060000000000059e+02 3.976151659369632494e-08 3.949677807686512475e-08 4.111817671343857450e-08
2.274319999999999879e+02 3.663285798300150684e-08 3.733575328407533066e-08 3.750400835103302422e-08
2.334590000000000032e+02 3.379751620326292701e-08 3.448783898270163753e-08 3.504615908603544860e-08
2.394850000000000136e+02 3.089859363776982820e-08 3.159534244111032982e-08 3.334508956111985158e-08
2.455109999999999957e+02 2.893099524652474170e-08 2.906687194464513665e-08 3.102729617683013730e-08
2.515380000000000109e+02 2.642494990085480741e-08 2.749472854807690205e-08 2.880487600706831031e-08
2.575640000000000214e+02 2.475483353983075540e-08 2.683329590767342978e-08 2.533578145649582950e-08
2.635910000000000082e+02 2.293707530198255476e-08 2.500128438611584092e-08 2.361128493590160922e-08
2.696170000000000186e+02 2.215121632397643101e-08 2.230760189104667725e-08 2.216223085697690301e-08
2.756440000000000055e+02 2.083171828164720352e-08 2.063750740904168402e-08 2.057655080211112239e-08
2.833330000000000268e+02 1.864374229524131957e-08 1.951393197668083561e-08 1.916520586807785709e-08
2.913700000000000045e+02 1.722159902743487589e-08 1.783069458314590509e-08 1.788021554141922903e-08
2.994060000000000059e+02 1.620867678621043196e-08 1.634809621964807347e-08 1.635308576694150693e-08
3.074420000000000073e+02 1.440391239038638914e-08 1.484379161268774640e-08 1.602784098412586995e-08
3.154789999999999850e+02 1.378701523763119348e-08 1.425318585918184955e-08 1.394942638444816735e-08
3.235149999999999864e+02 1.280936981024313420e-08 1.297846039632760594e-08 1.308135866622926623e-08
3.315509999999999877e+02 1.148396011231288218e-08 1.212697305179599160e-08 1.243394881349113308e-08
3.395880000000000223e+02 1.113025239567392692e-08 1.122622924133161059e-08 1.111587791659446818e-08
3.476240000000000236e+02 1.021485250759276540e-08 1.046945206841611124e-08 1.025802338708404701e-08
3.556610000000000014e+02 9.203102577234491720e-09 9.842044907194012093e-09 9.843527617971499990e-09
3.636970000000000027e+02 8.835240163143768237e-09 8.960536210284684990e-09 9.050976554998885130e-09
3.726580000000000155e+02 8.262397700358932710e-09 8.319129206098607182e-09 8.311686801542463211e-09
3.833740000000000236e+02 7.295862022222621044e-09 7.827430420995228079e-09 7.826406561502154661e-09
3.940910000000000082e+02 6.944836607051610011e-09 7.097587897644820181e-09 7.139714036423573525e-09
4.048079999999999927e+02 6.508787444429382598e-09 6.539639982360734472e-09 6.522557409129887996e-09
4.155240000000000009e+02 5.678009646334575155e-09 6.209426040358181479e-09 6.202590014267246962e-09
4.262409999999999854e+02 5.313816039609170290e-09 5.637822574632783787e-09 5.798190083838049962e-09
4.369569999999999936e+02 5.191402051420257442e-09 5.139860768704680645e-09 5.179969977075065950e-09
4.476739999999999782e+02 4.622002712833309326e-09 4.889042968080576295e-09 4.862883041326116478e-09
4.583910000000000196e+02 4.005049638861043835e-09 4.744658377763182289e-09 4.659420037381501658e-09
4.691070000000000277e+02 3.842395083183887961e-09 4.215029156797725823e-09 4.305757561938388697e-09
4.798240000000000123e+02 3.848753288876271359e-09 3.766260669774270337e-09 3.856379739837461030e-09
4.905409999999999968e+02 3.545381149334021553e-09 3.628727421826541583e-09 3.474866841591438425e-09
5.043389999999999986e+02 2.944002287772852838e-09 3.443153560961379689e-09 3.425702873737768248e-09
5.186299999999999955e+02 2.642355223286628631e-09 3.164325521260033753e-09 3.230395236917338384e-09
5.329199999999999591e+02 2.739562333844540931e-09 2.760439366478737957e-09 2.839882202748721794e-09
5.472110000000000127e+02 2.631506176680395251e-09 2.516368475900142489e-09 2.551275752571463601e-09
5.615019999999999527e+02 2.253575886246137417e-09 2.548393494219520437e-09 2.311771409406343274e-09
5.757930000000000064e+02 1.913056070158246348e-09 2.199637980909124188e-09 2.465322693956630392e-09
5.900839999999999463e+02 1.794518957508555200e-09 2.098069882883053091e-09 2.191315707188551190e-09
6.043750000000000000e+02 1.844851840270529441e-09 1.774752428799456288e-09 2.014870755155614846e-09
6.186660000000000537e+02 1.822868049200130960e-09 1.685995158106469962e-09 1.709573648658999861e-09
6.329569999999999936e+02 1.577347886882378033e-09 1.626268126662269725e-09 1.629538996420152800e-09
6.472480000000000473e+02 1.347339144394126844e-09 1.588563016203698578e-09 1.545239817891775274e-09
6.633460000000000036e+02 1.201030784266346652e-09 1.461869647216787183e-09 1.477738209896067025e-09
6.824039999999999964e+02 1.195555205964294068e-09 1.288883241515005237e-09 1.325645193643101470e-09
7.014610000000000127e+02 1.190334549056398851e-09 1.148612831393695955e-09 1.168888139677471805e-09
7.205180000000000291e+02 1.087470522507813104e-09 1.074870687695263886e-09 1.087845817557919137e-09
7.395750000000000455e+02 9.254634421613389277e-10 1.035040305425867517e-09 1.024404896488394143e-09
7.586319999999999482e+02 7.922883605274472667e-10 9.805119280624630806e-10 9.850279307920102795e-10
7.776900000000000546e+02 7.295488552881826897e-10 9.037266301989227944e-10 9.149798951784701375e-10
7.967469999999999573e+02 7.162496012280234034e-10 8.095510229917352132e-10 8.301633671916815723e-10
8.158039999999999736e+02 7.270608415877868227e-10 7.127130911236843565e-10 7.443417387134140622e-10
8.348609999999999900e+02 6.985630112860012405e-10 6.470959344108502822e-10 6.706521261057889088e-10
8.539180000000000064e+02 6.408213387369438417e-10 6.124794852473950591e-10 6.126748713241415183e-10
8.729759999999999991e+02 5.556975833183270801e-10 5.910019265171935034e-10 5.808280676621596326e-10
8.977309999999999945e+02 4.550238918455436602e-10 5.687121933857625667e-10 5.638079275937341022e-10
9.231449999999999818e+02 3.834029223876041258e-10 5.470286423914861289e-10 5.310127921256858737e-10
9.485579999999999927e+02 3.669795184628137584e-10 4.886668452227763201e-10 4.893730147179668001e-10
9.739710000000000036e+02 3.761117294431987875e-10 4.248183438165235984e-10 4.391566596190298420e-10
9.993840000000000146e+02 3.870838256350469778e-10 3.681968725959309337e-10 3.884250657853102915e-10
1.024799999999999955e+03 3.764351589796508382e-10 3.345145507548670550e-10 3.440017947075462976e-10
1.050210000000000036e+03 3.411373589590625776e-10 3.146943619274068867e-10 3.188515999564867671e-10
1.075619999999999891e+03 2.893080697625860759e-10 3.090666539435916002e-10 3.019314015473433295e-10
1.101039999999999964e+03 2.346015843984763525e-10 3.072183244300052291e-10 2.891501859338253656e-10
1.126450000000000045e+03 1.929220026201405074e-10 2.944447054151069307e-10 2.812843367053199050e-10
1.151859999999999900e+03 1.679171912797038482e-10 2.696425195238199026e-10 2.733489322098672718e-10
1.180779999999999973e+03 1.592708970725446223e-10 2.434892718894487043e-10 2.525314570378128689e-10
1.214670000000000073e+03 1.678899814343046246e-10 2.132114971077891926e-10 2.209458334735641985e-10
1.248559999999999945e+03 1.775525568182584605e-10 1.812306761819004093e-10 1.949273498099067877e-10
1.282450000000000045e+03 1.775465358411975693e-10 1.601219651738341792e-10 1.717074301425037779e-10
1.316339999999999918e+03 1.660860313600720388e-10 1.496899350303263252e-10 1.537868155609542089e-10
1.350230000000000018e+03 1.451291558374604294e-10 1.411145155742324970e-10 1.465712889574224340e-10
1.384119999999999891e+03 1.233608690240423973e-10 1.415603501081691505e-10 1.342903536860560513e-10
1.418009999999999991e+03 9.627954937714332684e-11 1.384660791770821077e-10 1.334437684416073634e-10
1.451900000000000091e+03 8.265871750891640114e-11 1.355356045348847885e-10 1.219273329769077969e-10
1.485789999999999964e+03 6.529641727180639521e-11 1.167938966877585883e-10 1.319413521604161869e-10
1.519670000000000073e+03 5.749926093496635107e-11 1.103533226477278925e-10 1.221767047347430197e-10
1.553559999999999945e+03 5.657139593811544816e-11 1.024667224849824593e-10 1.086661617887934335e-10
1.597980000000000018e+03 5.894854529358367408e-11 8.764820004759036037e-11 9.936854932988544211e-11
1.643170000000000073e+03 6.406730900881920158e-11 7.909139836373663571e-11 8.276676502983543765e-11
1.688359999999999900e+03 6.543836569608616174e-11 6.924211823991857271e-11 7.304461104972107039e-11
1.733549999999999955e+03 6.541000172880999750e-11 5.895422288949475982e-11 6.679811400755990239e-11
1.778740000000000009e+03 6.282731583256611295e-11 5.473906146372606306e-11 5.848692875342611985e-11
1.823930000000000064e+03 5.778756866315991882e-11 5.231486293566713374e-11 5.202609707799682704e-11
1.869130000000000109e+03 5.141775881090455453e-11 5.210692306928042415e-11 4.604896962510310759e-11
1.914319999999999936e+03 4.400717591904043750e-11 5.228877203289809408e-11 4.165639841608708285e-11
1.959509999999999991e+03 3.663967615289686187e-11 4.455551095528355234e-11 4.608715363463583346e-11
2.004700000000000045e+03 3.173490104577633200e-11 3.848297751017332860e-11 4.717522674573390450e-11
2.049889999999999873e+03 2.564979022565617802e-11 4.950516374853315069e-11 3.323932122431067226e-11
2.101840000000000146e+03 1.972587677380477704e-11 4.215883037049151732e-11 3.786418137399915660e-11
2.162110000000000127e+03 1.595986100940731789e-11 3.739627871926094128e-11 3.819175110809940252e-11
2.222369999999999891e+03 1.437176732378184360e-11 2.943206260919094312e-11 4.030527343552656672e-11
2.282630000000000109e+03 1.470359673668490459e-11 2.862373764585220099e-11 3.394575184560436695e-11
2.342900000000000091e+03 1.308041604288766952e-11 3.278287981607422970e-11 2.529773609873166815e-11
2.403159999999999854e+03 1.275125394519591239e-11 2.239258506703808933e-11 3.037789867525626976e-11
2.463429999999999836e+03 1.356181610702337675e-11 2.486373715448786761e-11 2.194195637146011598e-11
2.523690000000000055e+03 1.345958539710557001e-11 1.826991915510990064e-11 2.387639431432943904e-11
2.583960000000000036e+03 1.339700104585301983e-11 1.864146328065163589e-11 1.927144325012668100e-11
2.644219999999999800e+03 1.386339099679474837e-11 1.620298559228065772e-11 1.725173263814422259e-11
2.704480000000000018e+03 1.359457593406313937e-11 1.387206198667598402e-11 1.615261788955417853e-11
2.764750000000000000e+03 1.324663176597912638e-11 1.266378770280536405e-11 1.436115554754397558e-11
2.844420000000000073e+03 1.289958176442647220e-11 1.126784179725146786e-11 1.276110688495118446e-11
2.924780000000000200e+03 1.237248270074754686e-11 1.051246537825989304e-11 1.100958253321426847e-11
3.005150000000000091e+03 1.161309920115378267e-11 9.302651617806743162e-12 1.022575817783410616e-11
3.085510000000000218e+03 1.063155920892724491e-11 8.646158196351530235e-12 9.360159791853882372e-12
3.165869999999999891e+03 9.748971466025245705e-12 8.299553433420171621e-12 8.282505259457727558e-12
3.246239999999999782e+03 8.843518988185313974e-12 7.819388835468681908e-12 7.606092801762713764e-12
3.326599999999999909e+03 7.865744793679652192e-12 7.330342171480674547e-12 7.158861622128154708e-12
3.406960000000000036e+03 6.912023115051499634e-12 6.917386768047304642e-12 6.772884129385520639e-12
3.487329999999999927e+03 6.027878250960861318e-12 6.537136240007952649e-12 6.414204011027310101e-12
3.567690000000000055e+03 5.250824497224591555e-12 6.171639979003401219e-12 6.091693010017510205e-12
3.648050000000000182e+03 4.581906820075994143e-12 5.834815007246120657e-12 5.732381608400225078e-12
3.741360000000000127e+03 3.875172764511874820e-12 5.513291042858635972e-12 5.459831023077280015e-12
3.848519999999999982e+03 3.141910531670125348e-12 5.209496284838602363e-12 5.269149555441733839e-12
3.955690000000000055e+03 2.564592745267483684e-12 4.918834951809797251e-12 5.008772930821697095e-12
4.062860000000000127e+03 2.127882290935645524e-12 4.614497960062901967e-12 4.750996505697880825e-12
4.170020000000000437e+03 1.811019390331947078e-12 4.316081545281968590e-12 4.442205562935075368e-12
4.277189999999999600e+03 1.606543652813020559e-12 4.100360195034528712e-12 4.020519061442534993e-12
4.384359999999999673e+03 1.449805819194974771e-12 3.961057676111025497e-12 3.547471233556376380e-12
4.491520000000000437e+03 1.225695005606732639e-12 3.715854563532513228e-12 3.304351464840071120e-12
4.598689999999999600e+03 9.574305240937388114e-13 3.284951403558086762e-12 3.363563954913166593e-12
4.705859999999999673e+03 8.626493198461241465e-13 2.987236674831483964e-12 3.161124159751586335e-12
4.813020000000000437e+03 8.999798058659856995e-13 2.889985013518685684e-12 2.669010426146950136e-12
4.920189999999999600e+03 7.659318398677992521e-13 2.552954729288025781e-12 2.642299320894544468e-12
5.063100000000000364e+03 6.913481545146605228e-13 2.255234824426518501e-12 2.516631631858702627e-12
5.206010000000000218e+03 6.812600665403672390e-13 2.084240220420881348e-12 2.247196171604002897e-12
5.348920000000000073e+03 7.188379052707481061e-13 1.956665539963165575e-12 1.928732830055889884e-12
5.491819999999999709e+03 7.115567468547946489e-13 1.696581051293300348e-12 1.824800116118063487e-12
5.634729999999999563e+03 6.699483938417898552e-13 1.496050129144833769e-12 1.723661016017762590e-12
5.777640000000000327e+03 6.834647870123553546e-13 1.421469795141139351e-12 1.479654264863108292e-12
5.920550000000000182e+03 6.807536490883639530e-13 1.218827470194791625e-12 1.401666325561884972e-12
6.063460000000000036e+03 6.591596717555391483e-13 1.128301919410209324e-12 1.254459811000103628e-12
6.206369999999999891e+03 6.571730253136646721e-13 1.000446565039835733e-12 1.143470104716451608e-12
6.349279999999999745e+03 6.383253913644590094e-13 9.138193482689541906e-13 1.032617507594365467e-12
6.492189999999999600e+03 6.236315162419718306e-13 8.062483633523643712e-13 9.533378240189347246e-13
6.659750000000000000e+03 6.096115519926059502e-13 7.513731463268887977e-13 8.295174675135522271e-13
6.850319999999999709e+03 5.911746424796957941e-13 6.244812944715649564e-13 7.899580571278903457e-13
7.040890000000000327e+03 5.743805522248746574e-13 6.126009779278881653e-13 6.570852944306005018e-13
7.231470000000000255e+03 5.542744959885482321e-13 5.005425221836615040e-13 6.391521990909753746e-13
7.422039999999999964e+03 5.291935102679922574e-13 4.951690438968884277e-13 5.332085629384553889e-13
7.612609999999999673e+03 5.070216293504135769e-13 3.984071305149298419e-13 5.279142822923263992e-13
7.803180000000000291e+03 4.790714427199649772e-13 4.279876033689948614e-13 4.110915374619820008e-13
7.993750000000000000e+03 4.569433513002765119e-13 2.898787280125973887e-13 4.691230359777180323e-13
8.184329999999999927e+03 4.268709805682763402e-13 3.956875890992336803e-13 2.978570651762315233e-13
8.374899999999999636e+03 4.079211027651531825e-13 2.207875392679228677e-13 4.041309410582504400e-13
8.565469999999999345e+03 3.750751159740602835e-13 2.991172315602686208e-13 2.770887687420771908e-13
8.758229999999999563e+03 3.563996721521880904e-13 2.732950698939658844e-13 2.482751524121042112e-13
9.012370000000000800e+03 3.290486780862306957e-13 1.803270520620514966e-13 2.951194250171119252e-13
9.266500000000000000e+03 3.059931772165631384e-13 2.688875959804130577e-13 1.631879100419852923e-13
9.520629999999999200e+03 2.873276247632676040e-13 1.039599453610659119e-13 2.865903180952724854e-13
9.774760000000000218e+03 2.552773538796263973e-13 2.510448216594959389e-13 1.157885093455783935e-13
1.002889999999999964e+04 2.498834395428531396e-13 1.242875217162522838e-13 1.990912183654653817e-13
1.028300000000000000e+04 2.192716845879171900e-13 1.126513174537745411e-13 1.956512404237371106e-13
1.053720000000000073e+04 2.016391305269099403e-13 2.167484952819496008e-13 6.751519863924909799e-14
1.079129999999999927e+04 1.970849365112288945e-13 7.872781472310389469e-14 1.713206263140893966e-13
1.104539999999999964e+04 1.695427615942811095e-13 8.036349806038226538e-14 1.629068334370146465e-13
1.129960000000000036e+04 1.531442601645301388e-13 1.821509051506688420e-13 4.525909718199681153e-14
1.155370000000000073e+04 1.532855453331237770e-13 1.004080023564307749e-13 9.731335831702514121e-14
1.185460000000000036e+04 1.333929315543209044e-13 3.441468525575555676e-14 1.547896139809485635e-13
1.219350000000000000e+04 1.131865781019252395e-13 1.461782434145606266e-13 3.575680709958878994e-14
1.253239999999999964e+04 1.165570437162915520e-13 8.264431296923100570e-14 7.219224138008613411e-14
1.287129999999999927e+04 1.001215871112131104e-13 2.013311318799348624e-14 1.290328607549979177e-13
1.321010000000000036e+04 8.196862695668297031e-14 1.054679197591454678e-13 4.178531152878293385e-14
1.354900000000000000e+04 8.415640069968295289e-14 1.039352811160346810e-13 2.286148845847050613e-14
1.388789999999999964e+04 8.054729420724672497e-14 2.091158796226619606e-14 9.245462757687987501e-14
1.422679999999999927e+04 6.369279717528524581e-14 2.835825570802893816e-14 8.687919896164078999e-14
1.456570000000000073e+04 5.445294907649940451e-14 8.960812583520938583e-14 2.083421873776176710e-14
1.490460000000000036e+04 5.713670481943864031e-14 8.267816587553491134e-14 1.198209760948620624e-14
1.524350000000000000e+04 5.643765812578772973e-14 2.523676313651055950e-14 5.855575535626723563e-14
1.559020000000000073e+04 4.588770338427283742e-14 6.844908951210654203e-15 7.651775711556678953e-14
1.604210000000000036e+04 3.476260071425453705e-14 5.615338702525073872e-14 2.747101242083030393e-14
1.649400000000000000e+04 3.668420881226257218e-14 6.909599220584683434e-14 2.795432969879009253e-15
1.694590000000000146e+04 3.806994701601059375e-14 2.361893699720869153e-14 3.799909030270310318e-14
1.739779999999999927e+04 3.022490757623245036e-14 3.115058868024379099e-15 5.805042683044728084e-14
1.784979999999999927e+04 2.202601865143656379e-14 3.021342206248489668e-14 3.196750773699495653e-14
1.830170000000000073e+04 2.099056531604803393e-14 5.375544889299106400e-14 2.726627328730412368e-15
1.875359999999999854e+04 2.371482712354871539e-14 4.148827887174152479e-14 6.128596666932870975e-15
1.920550000000000000e+04 2.332952805499762141e-14 1.321105112457344138e-14 2.904717543143681117e-14
1.965740000000000146e+04 1.864260747151731941e-14 1.145074712687161023e-15 4.076287918174484395e-14
2.010929999999999927e+04 1.330735040327149719e-14 1.210194627427847709e-14 3.039967441999562695e-14
2.056129999999999927e+04 1.090844868506266418e-14 2.955538680824330597e-14 1.100698887667580603e-14
2.110150000000000000e+04 1.203121075423857013e-14 3.567667695235255312e-14 -5.938784386350498350e-16
2.170420000000000073e+04 1.390121767220906251e-14 2.062504051562187195e-14 8.746258251872387166e-15
2.230679999999999927e+04 1.249417266726279185e-14 3.575410569635301072e-15 2.359468415960279856e-14
2.290950000000000000e+04 8.806364289447859488e-15 1.815138378468337848e-15 2.577730584742452606e-14
2.351209999999999854e+04 5.928444966641254738e-15 1.225817249003170166e-14 1.524951560506439565e-14
2.411470000000000073e+04 5.394110552586333629e-15 2.182996126265003386e-14 3.438564888536389991e-15
2.471740000000000146e+04 6.459641920885175923e-15 2.239760118489657709e-14 -5.842178469804885987e-16
2.532000000000000000e+04 7.401189326498193579e-15 1.494049067694158055e-14 3.666855438642905054e-15
2.592270000000000073e+04 7.179814349098623286e-15 5.869541549117354613e-15 1.089192184079458740e-14
2.652529999999999927e+04 5.826361516171865495e-15 6.746655289855204306e-16 1.550144968006367166e-14
2.712800000000000000e+04 4.103197244218278876e-15 9.731838012009767072e-16 1.523032317015368782e-14
2.775140000000000146e+04 2.706488152443931971e-15 5.139621277670246290e-15 1.084309977622634173e-14
2.855500000000000000e+04 2.126999118288351115e-15 1.112269160754194472e-14 3.846901619407885695e-15
2.935870000000000073e+04 2.595497143567539620e-15 1.318819310153151238e-14 -1.248553585160770730e-16
3.016229999999999927e+04 3.281574851312800338e-15 1.060008270366479018e-14 4.280315236048993875e-16
3.096590000000000146e+04 3.544939169016770595e-15 5.886398722423682632e-15 3.736586635679632123e-15
3.176959999999999854e+04 3.172365871533210205e-15 1.840662579765294696e-15 7.071231787913746107e-15
3.257320000000000073e+04 2.394062367415510693e-15 1.083419441006734933e-16 8.598583192549153926e-15
3.337680000000000291e+04 1.560307242747307706e-15 7.015946065920948429e-16 7.914789649874263693e-15
3.418050000000000000e+04 9.607442066424986702e-16 2.644526026595062478e-15 5.779907963337471749e-15
3.498409999999999854e+04 6.916493956294386422e-16 4.730627233534939184e-15 3.205641801178031463e-15
3.578780000000000291e+04 7.168457313415180041e-16 6.097564532005906435e-15 1.122989086902322196e-15
3.659140000000000146e+04 9.095418129495746434e-16 6.375541191712585510e-15 -4.122459885303190143e-18
3.756140000000000146e+04 1.201085245194011689e-15 5.562959258279238094e-15 -7.192977939216991023e-17
3.863309999999999854e+04 1.395258985224482106e-15 3.756677406390950128e-15 9.635449672595261729e-16
3.970469999999999709e+04 1.368989031700717810e-15 1.876767782426808627e-15 2.349343248216222827e-15
4.077640000000000146e+04 1.155802022844370125e-15 5.616224251477938795e-16 3.407474665724988097e-15
4.184800000000000000e+04 8.492177061807275019e-16 3.613371732396841661e-17 3.813156671219813674e-15
4.291969999999999709e+04 5.437972507848002272e-16 1.955755134677039893e-16 3.556047007881908879e-15
4.399140000000000146e+04 3.115097684648354105e-16 7.701870886136374343e-16 2.871434447764942670e-15
4.506300000000000000e+04 1.749575616042760840e-16 1.464309051499981637e-15 1.988935905158992035e-15
4.613469999999999709e+04 1.311881883226674642e-16 2.052836364820030366e-15 1.147898122968415665e-15
4.720640000000000146e+04 1.558746732475856846e-16 2.401596049644036907e-15 4.941133431280300600e-16
4.827800000000000000e+04 2.196655252442294084e-16 2.495361279429910883e-15 9.416182728823850102e-17
4.939900000000000000e+04 2.976552907454473742e-16 2.344377564525120417e-15 -6.430398655372450343e-17
5.082809999999999854e+04 3.854594679093505271e-16 1.936408444772543128e-15 3.097230754815474886e-17
5.225719999999999709e+04 4.294550398226940320e-16 1.389520221009476414e-15 3.213092652285029516e-16
5.368630000000000291e+04 4.294209746339972903e-16 8.662654762021078591e-16 6.697308478531160159e-16
5.511540000000000146e+04 3.876742903136840930e-16 4.414926290621707701e-16 9.675736234133591315e-16
5.654450000000000000e+04 3.212074575867765843e-16 1.624391728674248930e-16 1.160579386784737972e-15
5.797350000000000000e+04 2.450325747936480779e-16 2.770909798974496015e-17 1.233077253472167738e-15
5.940259999999999854e+04 1.707457676637785301e-16 1.117020143106503015e-17 1.192859344077452553e-15
6.083169999999999709e+04 1.083032027353891989e-16 7.630754106868367401e-17 1.079415227010882738e-15
6.226080000000000291e+04 6.008450217603259775e-17 1.859524304565663150e-16 9.118169682065478524e-16
6.368990000000000146e+04 2.751901171947440610e-17 3.080437220802623891e-16 7.220687793003345517e-16
6.511900000000000000e+04 9.443312994034235803e-18 4.229711755624396161e-16 5.403851886351009985e-16
6.686039999999999418e+04 2.968231982221524886e-18 5.365765965018349256e-16 3.475922972634234489e-16
6.876610000000000582e+04 9.366162112070618773e-18 6.154295670291964744e-16 1.833774303363123611e-16
7.067180000000000291e+04 2.361197691473594524e-17 6.419704661458946888e-16 7.144164765283139229e-17
7.257750000000000000e+04 4.049945681758208509e-17 6.234518694619511701e-16 8.801803660886165808e-18
7.448319999999999709e+04 5.606301340869370137e-17 5.688536416736400975e-16 -1.328578316707527898e-17
7.638900000000000000e+04 6.880440206431495693e-17 4.983539218405924374e-16 -6.014168892817175730e-18
7.829469999999999709e+04 7.691682319829299826e-17 4.154355358398564410e-16 1.992455662899166630e-17
8.020039999999999418e+04 8.061596319262164105e-17 3.321483433136383716e-16 5.514770607569935269e-17
8.210610000000000582e+04 8.003516835493030832e-17 2.536590558392430714e-16 9.213657507896838322e-17
8.401180000000000291e+04 7.681024731547184076e-17 1.866294353812404425e-16 1.269048749872720853e-16
8.591760000000000582e+04 7.086418934838253072e-17 1.300221517578216128e-16 1.552459418546384639e-16
8.793289999999999418e+04 6.326508554752396176e-17 8.352552388358867946e-17 1.779332304073978708e-16
9.047419999999999709e+04 5.357351163999716247e-17 4.289052786853986165e-17 1.982898729480073578e-16
9.301550000000000000e+04 4.311125962961972912e-17 1.749481230562883410e-17 2.053892070704177233e-16
9.555680000000000291e+04 3.353019393901372461e-17 4.674426232646517859e-18 2.044284600268142765e-16
9.809810000000000582e+04 2.470172973322756972e-17 9.496694696050108870e-19 1.942996566635750562e-16
1.006390000000000000e+05 1.724448242484113653e-17 3.465426153511499852e-18 1.791957255548980368e-16
