1.017789999999999928e+01 1.731357890175197109e-04 1.700332568939849154e-04 1.694049457832509035e-04
1.043200000000000038e+01 1.621281285175866181e-04 1.607584054489814851e-04 1.618500509093809357e-04
1.068609999999999971e+01 1.559377216652997654e-04 1.519017444518125815e-04 1.520342345595778442e-04
1.094030000000000058e+01 1.424848028013364350e-04 1.462316879210387942e-04 1.455241361362564676e-04
1.119439999999999991e+01 1.387399370387596288e-04 1.371076976293001673e-04 1.363612128161659394e-04
1.144849999999999923e+01 1.353683178910457577e-04 1.283784377903393094e-04 1.274126337406099904e-04
1.171439999999999948e+01 1.257060265853171240e-04 1.216703792205421132e-04 1.225324458072402025e-04
1.205320000000000036e+01 1.172755774371946492e-04 1.146200708897185443e-04 1.141476301185857442e-04
1.239209999999999923e+01 1.100497507743655176e-04 1.070987600812037840e-04 1.069223868635466946e-04
1.273099999999999987e+01 1.011211522774719190e-04 1.018434567665662415e-04 1.011665512704926608e-04
1.306990000000000052e+01 9.628036070920330345e-05 9.420408545009934279e-05 9.473634696986808854e-05
1.340879999999999939e+01 8.870824681723126328e-05 8.955033524599471007e-05 8.979520688977206833e-05
1.374770000000000003e+01 8.582884170601720077e-05 8.325597545017751535e-05 8.307911723064466121e-05
1.408660000000000068e+01 8.259720507128212163e-05 7.757564511939560889e-05 7.744105421430514335e-05
1.442549999999999955e+01 7.595841727257104947e-05 7.426629847454478629e-05 7.382842420443938266e-05
1.476440000000000019e+01 6.990436576464407721e-05 7.063798644178254126e-05 6.905763235865431770e-05
1.510330000000000084e+01 7.039357440976724367e-05 6.520840548720761615e-05 6.421695886597380035e-05
1.544209999999999994e+01 6.478349438671038242e-05 6.225553667172496980e-05 6.191448559679147323e-05
1.585510000000000019e+01 5.866090138696554044e-05 5.909963521778056130e-05 5.923917626916759695e-05
1.630699999999999861e+01 5.615377135074278920e-05 5.484955806526999663e-05 5.415771367128771255e-05
1.675890000000000057e+01 5.076922070470590940e-05 5.171667014609756104e-05 5.185270400401071120e-05
1.721079999999999899e+01 4.933104253482953951e-05 4.777574115488575064e-05 4.741948030487675732e-05
1.766280000000000072e+01 4.620526192454648697e-05 4.464279484239379775e-05 4.442755770620502280e-05
1.811469999999999914e+01 4.204836275441420232e-05 4.226767548443173588e-05 4.254512712285648521e-05
1.856660000000000110e+01 3.936364686767906653e-05 3.973442325933141523e-05 3.996197681627899250e-05
1.901849999999999952e+01 3.748445513074093833e-05 3.726285761704820228e-05 3.712285335432725280e-05
1.947040000000000148e+01 3.641896252542807701e-05 3.455802291207439516e-05 3.426509894930025566e-05
1.992229999999999990e+01 3.247753701679601608e-05 3.326043113864444230e-05 3.332413748205970757e-05
2.037430000000000163e+01 3.088384132158053362e-05 3.127186693297754662e-05 3.119122776504935435e-05
2.085219999999999985e+01 2.916440580528874974e-05 2.933523885357740898e-05 2.931499077988481593e-05
2.145479999999999876e+01 2.737602565939598805e-05 2.717175197627490359e-05 2.716720263410156829e-05
2.205750000000000099e+01 2.480856551482236904e-05 2.561723500674246192e-05 2.574628913299644559e-05
2.266009999999999991e+01 2.384757044631826152e-05 2.354458181744733955e-05 2.376447251926326463e-05
2.326269999999999882e+01 2.188694435187469374e-05 2.230275412454143635e-05 2.226337095356734958e-05
2.386540000000000106e+01 1.999030422787264726e-05 2.106006523201032644e-05 2.113972609827583695e-05
2.446799999999999997e+01 1.898486790336199165e-05 1.968905177879306623e-05 1.956591698637671000e-05
2.507069999999999865e+01 1.851899212291430776e-05 1.813496722154516862e-05 1.794707058618457134e-05
2.567330000000000112e+01 1.724622638120765778e-05 1.701563707008068855e-05 1.696050490095211930e-05
2.627590000000000003e+01 1.613282834237622201e-05 1.614027842371007328e-05 1.582261834790418616e-05
2.687859999999999872e+01 1.462395830381710232e-05 1.533082230472500795e-05 1.529383984093546795e-05
2.748120000000000118e+01 1.455638426416851018e-05 1.406665760641275332e-05 1.392665258363281794e-05
2.822250000000000014e+01 1.312936187997325560e-05 1.315404276551046587e-05 1.333678024826628119e-05
2.902609999999999957e+01 1.239647408643272546e-05 1.228133758306661502e-05 1.229587692386835925e-05
2.982979999999999876e+01 1.143743430892592423e-05 1.148748538458638571e-05 1.150254546873080961e-05
3.063340000000000174e+01 1.095390595204737439e-05 1.058495691454719648e-05 1.080437107009979460e-05
3.143700000000000117e+01 1.007998426448760610e-05 9.970391404151330929e-06 9.954074687007663416e-06
3.224069999999999681e+01 9.221113643822422559e-06 9.417472732897779345e-06 9.428371185972322875e-06
3.304429999999999978e+01 8.707910385056665624e-06 8.830275036618427697e-06 8.709156624155913113e-06
3.384790000000000276e+01 8.501985681570048219e-06 8.108765147710160967e-06 7.992720676577041807e-06
3.465160000000000196e+01 7.416765301659753216e-06 7.867871354172844422e-06 7.812782710233348406e-06
3.545519999999999783e+01 7.307706937771190042e-06 7.205510159899106826e-06 7.130079535314204879e-06
3.625880000000000081e+01 6.940806644100713555e-06 6.706384462343904306e-06 6.700560109557674514e-06
3.711789999999999878e+01 6.418714453171737487e-06 6.328029788297140294e-06 6.318860771176558799e-06
3.818959999999999866e+01 5.801326659410612011e-06 5.922923382149289537e-06 5.991076662237011205e-06
3.926129999999999853e+01 5.553072762671976980e-06 5.476419085897085264e-06 5.463748092453519498e-06
4.033290000000000219e+01 5.293837240776902453e-06 5.044720824250141855e-06 5.020831021395450082e-06
4.140460000000000207e+01 4.625774097031286209e-06 4.859706904788278385e-06 4.837516629890511072e-06
4.247630000000000194e+01 4.565198367139746502e-06 4.378808856024286392e-06 4.454549765128046264e-06
4.354789999999999850e+01 4.095233786568534165e-06 4.153345884883026457e-06 4.244060497691089004e-06
4.461959999999999837e+01 3.849963041888697292e-06 3.948667395519294281e-06 3.904095156235985315e-06
4.569129999999999825e+01 3.656469845384827229e-06 3.646179042840982084e-06 3.658644239028489180e-06
4.676290000000000191e+01 3.409416621661794429e-06 3.426333506075487910e-06 3.425948486787320946e-06
4.783460000000000178e+01 3.186951914342233492e-06 3.219136052133678883e-06 3.220235999496157947e-06
4.890630000000000166e+01 3.058287071867193404e-06 2.990055568399184332e-06 2.975627537634541375e-06
5.023669999999999902e+01 2.832188073602335296e-06 2.781371521470817429e-06 2.792333576602432033e-06
5.166579999999999728e+01 2.584199452663435475e-06 2.616517105105192982e-06 2.613516042914779921e-06
5.309490000000000265e+01 2.451030221669085466e-06 2.417986734469165540e-06 2.404011165154066752e-06
5.452400000000000091e+01 2.261836261962465987e-06 2.261344416018012185e-06 2.258389661342904272e-06
5.595309999999999917e+01 2.104068181320449067e-06 2.110108396307769731e-06 2.108076879368804785e-06
5.738219999999999743e+01 1.931441295641645485e-06 1.976179784000576580e-06 1.973036779751335701e-06
5.881130000000000280e+01 1.825573838832622065e-06 1.865375209003152157e-06 1.829803142791978349e-06
6.024040000000000106e+01 1.740748985813909344e-06 1.691563257639408281e-06 1.722226471322718911e-06
6.166949999999999932e+01 1.565806790458865030e-06 1.632278301830581642e-06 1.616239270283166950e-06
6.309859999999999758e+01 1.512282253139036230e-06 1.498053031222393669e-06 1.498089354431133234e-06
6.452760000000000673e+01 1.428936215323899434e-06 1.407066468885581799e-06 1.382407431744112780e-06
6.607179999999999609e+01 1.331180911375124590e-06 1.313495006860253536e-06 1.304670470275123296e-06
6.797750000000000625e+01 1.228571813143057202e-06 1.225100715356288823e-06 1.212314263316194421e-06
6.988320000000000221e+01 1.142077583736748345e-06 1.139822213962579338e-06 1.137213013436347939e-06
7.178889999999999816e+01 1.034595430598365414e-06 1.070447514706767191e-06 1.069902207327742436e-06
7.369469999999999743e+01 9.971667798239610838e-07 9.759095186914828179e-07 9.841137042111125647e-07
7.560039999999999338e+01 9.341515472915416305e-07 9.305516995382156934e-07 9.173393362229302382e-07
7.750610000000000355e+01 8.599646655401184606e-07 8.493775224457568694e-07 8.619998053812700670e-07
7.941179999999999950e+01 7.972355309595469758e-07 7.999582506764936919e-07 8.014369145831035532e-07
8.131749999999999545e+01 7.423329450899928498e-07 7.594266194182259943e-07 7.419319878608783709e-07
8.322329999999999472e+01 6.972821427631854689e-07 7.069822876396944021e-07 6.991908184660092104e-07
8.512900000000000489e+01 6.889245698157688104e-07 6.452350541933140723e-07 6.594454224888455924e-07
8.703470000000000084e+01 6.185369000046949015e-07 6.022739293732682732e-07 6.279956001157922483e-07
8.942260000000000275e+01 5.572580700095476382e-07 5.774462179368523352e-07 5.794373628112517530e-07
9.196389999999999532e+01 5.227924966264237320e-07 5.398476700352327839e-07 5.250601106700766406e-07
9.450520000000000209e+01 4.949803650206321905e-07 5.129473731061872237e-07 4.946763187679543392e-07
9.704659999999999798e+01 4.612999651970061127e-07 4.623896157466093890e-07 4.574189108115813286e-07
9.958790000000000475e+01 4.269064042495579103e-07 4.264351116043257666e-07 4.246711078364034208e-07
1.021290000000000049e+02 3.972897256684806661e-07 4.018889719301253246e-07 4.020115755214716852e-07
1.046710000000000065e+02 3.716736443848107497e-07 3.736916312323418722e-07 3.707397648542958716e-07
1.072120000000000033e+02 3.491553099393890933e-07 3.533725801939092763e-07 3.422514306253001398e-07
1.097530000000000001e+02 3.257020149977811065e-07 3.297029761347660554e-07 3.190346729372611458e-07
1.122939999999999969e+02 3.034900548814924814e-07 3.001237760445492241e-07 3.175432158444819345e-07
1.148359999999999985e+02 2.873322759621055627e-07 2.837084229186291853e-07 2.793088751644416791e-07
1.176110000000000042e+02 2.673573657805166182e-07 2.689799033539756867e-07 2.626209341385965651e-07
1.210000000000000000e+02 2.470705547132706683e-07 2.315639207211003197e-07 2.545516446374239979e-07
1.243889999999999958e+02 2.262950918184616673e-07 2.274912559332842019e-07 2.258164872374288226e-07
1.277780000000000058e+02 2.109249442777859107e-07 2.099631912728182911e-07 2.134377646563819503e-07
1.311670000000000016e+02 1.978417112114698911e-07 2.039383995384958767e-07 1.877721854900343729e-07
1.345550000000000068e+02 1.818984473043041688e-07 1.899247616527456731e-07 1.765093126429501816e-07
1.379439999999999884e+02 1.669736041578374591e-07 1.782115494237097690e-07 1.656051112184528265e-07
1.413329999999999984e+02 1.565752315568354642e-07 1.596811419096743632e-07 1.523441263847110997e-07
1.447220000000000084e+02 1.484018520115327243e-07 1.491111545122627298e-07 1.453912414356442736e-07
1.481109999999999900e+02 1.379416355054281907e-07 1.325129187104164165e-07 1.437066083936502359e-07
1.515000000000000000e+02 1.294337751510809495e-07 1.303275008496282696e-07 1.272836791192908432e-07
1.548890000000000100e+02 1.214473232340507370e-07 1.175871486913177324e-07 1.226593133546315826e-07
1.591740000000000066e+02 1.115471884249950820e-07 1.120823926107216108e-07 1.115507988042833922e-07
1.636930000000000121e+02 1.021474821479823431e-07 1.041534297582341431e-07 1.041368141466871028e-07
1.682129999999999939e+02 9.399336054071438306e-08 9.748656665870178093e-08 9.600907552058383257e-08
1.727319999999999993e+02 8.682407880430999720e-08 8.804590357016232023e-08 9.198147922552772226e-08
1.772510000000000048e+02 8.244171342904803137e-08 8.257801694640028000e-08 8.280884538455171806e-08
1.817700000000000102e+02 7.630487345911137547e-08 7.806303666745338673e-08 7.602083787343526258e-08
1.862889999999999873e+02 7.150385399014564783e-08 7.064275674280921675e-08 7.221396574704517402e-08
1.908079999999999927e+02 6.652851775110775762e-08 6.675203749474437710e-08 6.625762821863545347e-08
1.953280000000000030e+02 6.202202664247017538e-08 6.237398021718656008e-08 6.157681618034327075e-08
1.998470000000000084e+02 5.793808040291480404e-08 5.666407994364707278e-08 5.878095061343816732e-08
2.043660000000000139e+02 5.352299258707038934e-08 5.465521903125773496e-08 5.351207182167188991e-08
2.093530000000000086e+02 5.058698142697505359e-08 4.926448894497816645e-08 5.059527096404680093e-08
2.153789999999999907e+02 4.617836180798092095e-08 4.837403996115825180e-08 4.446283021486084363e-08
2.214060000000000059e+02 4.259437477134119392e-08 4.217113123254703225e-08 4.384621443611180365e-08
2.274319999999999879e+02 3.926697072610800960e-08 3.984238414017710074e-08 4.001432593893021642e-08
2.334590000000000032e+02 3.625691139370531425e-08 3.681794084960955524e-08 3.737327894868514873e-08
2.394850000000000136e+02 3.316897288210910613e-08 3.372321252532886612e-08 3.557087742456204831e-08
2.455109999999999957e+02 3.106434671724014045e-08 3.104625411792774562e-08 3.309041668483213402e-08
2.515380000000000109e+02 2.835133507049382517e-08 2.937991621210673998e-08 3.075422860539944664e-08
2.575640000000000214e+02 2.660904058211117695e-08 2.864052479455038083e-08 2.705284758333846671e-08
2.635910000000000082e+02 2.459068487357806331e-08 2.671819170767911598e-08 2.526450127474283385e-08
2.696170000000000186e+02 2.381289899269488391e-08 2.384637354303181369e-08 2.366000167227331316e-08
2.756440000000000055e+02 2.236879873080340564e-08 2.208473838841624696e-08 2.198782662718035329e-08
2.833330000000000268e+02 1.998649804302695201e-08 2.086991393498008336e-08 2.049959350589118302e-08
2.913700000000000045e+02 1.853829754242330520e-08 1.906699740992043046e-08 1.909999373565626744e-08
2.994060000000000059e+02 1.739367914527506451e-08 1.751082455099262989e-08 1.750195225333230933e-08
3.074420000000000073e+02 1.556093803303238203e-08 1.586810318006390832e-08 1.709358028290371955e-08
3.154789999999999850e+02 1.480837552207023413e-08 1.526902516157203494e-08 1.493295660074869259e-08
3.235149999999999864e+02 1.379350191780526386e-08 1.388390114524696349e-08 1.399816962494777900e-08
3.315509999999999877e+02 1.242625080281708478e-08 1.296391412282463806e-08 1.327223934008985748e-08
3.395880000000000223e+02 1.195055932365692951e-08 1.204066301236262473e-08 1.191561341758044987e-08
3.476240000000000236e+02 1.100553539568013880e-08 1.120526054091377460e-08 1.099363798809849503e-08
3.556610000000000014e+02 9.972851896397125645e-09 1.051806799915049093e-08 1.051569574445238861e-08
3.636970000000000027e+02 9.511073522950587864e-09 9.617113329203076249e-09 9.695297017613390550e-09
3.726580000000000155e+02 8.883933571603327003e-09 8.929515497051450813e-09 8.919795719345225862e-09
3.833740000000000236e+02 7.920764366328127147e-09 8.369559307960458631e-09 8.360566883631417981e-09
3.940910000000000082e+02 7.487849130731677647e-09 7.617125201398957485e-09 7.652000966109369661e-09
4.048079999999999927e+02 6.999761300195373269e-09 7.023565730302917446e-09 7.007217365341714795e-09
4.155240000000000009e+02 6.175961637532296591e-09 6.636095279788150703e-09 6.631429126999556776e-09
4.262409999999999854e+02 5.766598341815033583e-09 6.043656037471715771e-09 6.197016969673253851e-09
4.369569999999999936e+02 5.577881295988311937e-09 5.534802050981443373e-09 5.567130726950247256e-09
4.476739999999999782e+02 4.993271409558296244e-09 5.243143785972189466e-09 5.224411507669515880e-09
4.583910000000000196e+02 4.374163341425502796e-09 5.071175236724823187e-09 4.980678557057429054e-09
4.691070000000000277e+02 4.179716831816727121e-09 4.521634152765324249e-09 4.604207995417951645e-09
4.798240000000000123e+02 4.143125311040536483e-09 4.064001091216252999e-09 4.142409070623212103e-09
4.905409999999999968e+02 3.815344996462512191e-09 3.907024994516249514e-09 3.745484243245240104e-09
5.043389999999999986e+02 3.209175259750494880e-09 3.689002741380246996e-09 3.671566594637260414e-09
5.186299999999999955e+02 2.885523219634836623e-09 3.392602249714828184e-09 3.458000222234336429e-09
5.329199999999999591e+02 2.955702081237044263e-09 2.977405075728570800e-09 3.053857637258386654e-09
5.472110000000000127e+02 2.832981357627058841e-09 2.713032785849506204e-09 2.752390958491436369e-09
5.615019999999999527e+02 2.445754396534815420e-09 2.735928238722042452e-09 2.487580641679144139e-09
5.757930000000000064e+02 2.088342320392846935e-09 2.361311898453996305e-09 2.643828646689157427e-09
5.900839999999999463e+02 1.951134131212706806e-09 2.259513278904455442e-09 2.351731738930838454e-09
6.043750000000000000e+02 1.990847929775731574e-09 1.919025938598725693e-09 2.169426943237543600e-09
6.186660000000000537e+02 1.963743463912726622e-09 1.821387351345988331e-09 1.846938092565286228e-09
6.329569999999999936e+02 1.706948315000097840e-09 1.753254767671561094e-09 1.757663971257941960e-09
6.472480000000000473e+02 1.466697414540188366e-09 1.708720647074422718e-09 1.664010245361389503e-09
6.633460000000000036e+02 1.310168687585540433e-09 1.573325355987878306e-09 1.589488679728981687e-09
6.824039999999999964e+02 1.297066546506404012e-09 1.391246225692674598e-09 1.428393942229722046e-09
7.014610000000000127e+02 1.284970958957055834e-09 1.242921078307528846e-09 1.263018302651997627e-09
7.205180000000000291e+02 1.174418066559962471e-09 1.162355826533186316e-09 1.193407278467638815e-09
7.395750000000000455e+02 1.004587547932235604e-09 1.116443178801510443e-09 1.106202997091134477e-09
7.586319999999999482e+02 8.648418267259359706e-10 1.056101261544990920e-09 1.061496380772353746e-09
7.776900000000000546e+02 7.968502007979334245e-10 9.744333516607401808e-10 9.852164838198705107e-10
7.967469999999999573e+02 7.792736097588536815e-10 8.742302103373894915e-10 8.956772847417572688e-10
8.158039999999999736e+02 7.871990626486933065e-10 7.721704846001534254e-10 8.045374501048370868e-10
8.348609999999999900e+02 7.548342091106237868e-10 7.018718654973287071e-10 7.262436984558878959e-10
8.539180000000000064e+02 6.932496631547581801e-10 6.636645133157285583e-10 6.639181106097536822e-10
8.729759999999999991e+02 6.034809142552991283e-10 6.392269182292851765e-10 6.288248259723758255e-10
8.977309999999999945e+02 4.972625029217698081e-10 6.138218619432617772e-10 6.091520832227285178e-10
9.231449999999999818e+02 4.206723491427828883e-10 5.903015736258472456e-10 5.729517188187141017e-10
9.485579999999999927e+02 4.015295273018634347e-10 5.283216170025498236e-10 5.282022247284161135e-10
9.739710000000000036e+02 4.092514517029122347e-10 4.605126690225863774e-10 4.748431412679016304e-10
9.993840000000000146e+02 4.194763847024942652e-10 3.999780303908803322e-10 4.209430513277936657e-10
1.024799999999999955e+03 4.075205585078248196e-10 3.634505498595667978e-10 3.734551394171446374e-10
1.050210000000000036e+03 3.699014697659496777e-10 3.415164669716883313e-10 3.462173539656838229e-10
1.075619999999999891e+03 3.148601109519084478e-10 3.349203602405794515e-10 3.274207903469106526e-10
1.101039999999999964e+03 2.566146353318129303e-10 3.325667337151183864e-10 3.130345889887425726e-10
1.126450000000000045e+03 2.119861315681252535e-10 3.186381540157011337e-10 3.041901019066840289e-10
1.151859999999999900e+03 1.848435439867206837e-10 2.919087916886388298e-10 2.956099427569909832e-10
1.180779999999999973e+03 1.750377351496999307e-10 2.639633171510678992e-10 2.731380783710973033e-10
1.214670000000000073e+03 1.835565619405331617e-10 2.312984405870471562e-10 2.395436183942169499e-10
1.248559999999999945e+03 1.932601464361336989e-10 1.971363144242575584e-10 2.115812656609341709e-10
1.282450000000000045e+03 1.928319493198150135e-10 1.744091259325137150e-10 1.866513059522852116e-10
1.316339999999999918e+03 1.803167098675752386e-10 1.630370641630465511e-10 1.673591027170653887e-10
1.350230000000000018e+03 1.577554512762052977e-10 1.536123396670877016e-10 1.594861462551237183e-10
1.384119999999999891e+03 1.344003814369013443e-10 1.538884858067317214e-10 1.461146224273316043e-10
1.418009999999999991e+03 1.053059802791942417e-10 1.503771820819824299e-10 1.450671189768856985e-10
1.451900000000000091e+03 9.069968716436263707e-11 1.471059976110795023e-10 1.324974560116666713e-10
1.485789999999999964e+03 7.195025432089851376e-11 1.267994983263746042e-10 1.432483023805874140e-10
1.519670000000000073e+03 6.345668752887298209e-11 1.198434859591528706e-10 1.326567920363090609e-10
1.553559999999999945e+03 6.235105071040891667e-11 1.113458082828728465e-10 1.180363194257394842e-10
1.597980000000000018e+03 6.477878999535776636e-11 9.533422892055390378e-11 1.079772291240574800e-10
1.643170000000000073e+03 7.016261580278176738e-11 8.610951943141938369e-11 9.001792978732943175e-11
1.688359999999999900e+03 7.149004804289296474e-11 7.548354745224203260e-11 7.951684157298082988e-11
1.733549999999999955e+03 7.134254161504639229e-11 6.434922536797089602e-11 7.277937064968418813e-11
1.778740000000000009e+03 6.846835190825796928e-11 5.977778336709036660e-11 6.378686393958082103e-11
1.823930000000000064e+03 6.296248698935708319e-11 5.713782234256797679e-11 5.678185453085023510e-11
1.869130000000000109e+03 5.603949668866486435e-11 5.689738444023867362e-11 5.028525503576234204e-11
1.914319999999999936e+03 4.800051789933832087e-11 5.707270441158533037e-11 4.550382152265586662e-11
1.959509999999999991e+03 4.001389046443684898e-11 4.862607787711513589e-11 5.032606832931140761e-11
2.004700000000000045e+03 3.470333818676164154e-11 4.200644321405275889e-11 5.149443875174778713e-11
2.049889999999999873e+03 2.809367461526379422e-11 5.402072066883274294e-11 3.629706004178547054e-11
2.101840000000000146e+03 2.165574812526811619e-11 4.599263864210347278e-11 4.134461632087369785e-11
2.162110000000000127e+03 1.756068011798944349e-11 4.079123365337365789e-11 4.169510569990122056e-11
2.222369999999999891e+03 1.583155398849667449e-11 3.210065440199764831e-11 4.400044401042525549e-11
2.282630000000000109e+03 1.618720398558565669e-11 3.123938260431778506e-11 3.704854381998044768e-11
2.342900000000000091e+03 1.439746175795189254e-11 3.580046044618751261e-11 2.760980647825937702e-11
2.403159999999999854e+03 1.402549341610269610e-11 2.444794764862896076e-11 3.318202057396583959e-11
2.463429999999999836e+03 1.489373481441200066e-11 2.717673238850504991e-11 2.396175601382095977e-11
2.523690000000000055e+03 1.476977818809341269e-11 1.996940413966944804e-11 2.609764457260386504e-11
2.583960000000000036e+03 1.468795404366835221e-11 2.039187981762656578e-11 2.106997575339733601e-11
2.644219999999999800e+03 1.519176396392390231e-11 1.773426011238119423e-11 1.886817030020505571e-11
2.704480000000000018e+03 1.489328573643898598e-11 1.518748160795241580e-11 1.767715437181720627e-11
2.764750000000000000e+03 1.451054217067928561e-11 1.387060126178040841e-11 1.572399112606933549e-11
2.844420000000000073e+03 1.412795197436830071e-11 1.234456603961841511e-11 1.397612901940941298e-11
2.924780000000000200e+03 1.355011507751005736e-11 1.152057010670353198e-11 1.205922586438403323e-11
3.005150000000000091e+03 1.271974194932404197e-11 1.019450346174592532e-11 1.120420760201660313e-11
3.085510000000000218e+03 1.164521709386313721e-11 9.474839677129856245e-12 1.025969728807212509e-11
3.165869999999999891e+03 1.068003784861792798e-11 9.098067591364863327e-12 9.078019363500131801e-12
3.246239999999999782e+03 9.690645496463181222e-12 8.573978405002586467e-12 8.335845476004970000e-12
3.326599999999999909e+03 8.621480620043478124e-12 8.038727215551603802e-12 7.846301369223365396e-12
3.406960000000000036e+03 7.577825330419960772e-12 7.586765611503594597e-12 7.424488219857310481e-12
3.487329999999999927e+03 6.609648677668418675e-12 7.171033244654686834e-12 7.032600853930466850e-12
3.567690000000000055e+03 5.758209408901582200e-12 6.771764625185276805e-12 6.680508424742654009e-12
3.648050000000000182e+03 5.024693923340071778e-12 6.403726256298763143e-12 6.288525581239736314e-12
3.741360000000000127e+03 4.249292876577776342e-12 6.052108708086595423e-12 5.990863923584442369e-12
3.848519999999999982e+03 3.444475132194130236e-12 5.719461364669834823e-12 5.782280163828536850e-12
3.955690000000000055e+03 2.810523245272904614e-12 5.401088070935510796e-12 5.497501864554049218e-12
4.062860000000000127e+03 2.330781777402279219e-12 5.067714493796462661e-12 5.215578595138470795e-12
4.170020000000000437e+03 1.982583369720737187e-12 4.740660270366203955e-12 4.877693582451598421e-12
4.277189999999999600e+03 1.757794753097922904e-12 4.504105540986583376e-12 4.415966595139561714e-12
4.384359999999999673e+03 1.585521930675889800e-12 4.351419761773996254e-12 3.897722342471011172e-12
4.491520000000000437e+03 1.339373642875655007e-12 4.082815640617411963e-12 3.631308567657031863e-12
4.598689999999999600e+03 1.044728306738797871e-12 3.610580927851548731e-12 3.696526205366621424e-12
4.705859999999999673e+03 9.407069855819422542e-13 3.283978196367195293e-12 3.474818885884073284e-12
4.813020000000000437e+03 9.819834280991593724e-13 3.177107748361154362e-12 2.935097110723519202e-12
4.920189999999999600e+03 8.348693046707692911e-13 2.807470177541939403e-12 2.906052708221750455e-12
5.063100000000000364e+03 7.534868621087193967e-13 2.480282674221395184e-12 2.767872136054056806e-12
5.206010000000000218e+03 7.430430183111335889e-13 2.292154673604919462e-12 2.471806117682275959e-12
5.348920000000000073e+03 7.850625727280208781e-13 2.151577395718065753e-12 2.121890378312876703e-12
5.491819999999999709e+03 7.776999283969256977e-13 1.865571543871052692e-12 2.007595914417811092e-12
5.634729999999999563e+03 7.324879454453398520e-13 1.645201004059770810e-12 1.896256029908517995e-12
5.777640000000000327e+03 7.479462304065666860e-13 1.563018355562716711e-12 1.628034577822330654e-12
5.920550000000000182e+03 7.455208479319878073e-13 1.340120796501335602e-12 1.542257775044886526e-12
6.063460000000000036e+03 7.222367813448976900e-13 1.240614224633816187e-12 1.380309148092164580e-12
6.206369999999999891e+03 7.205534160306180371e-13 1.099896266489193869e-12 1.258274022879882120e-12
6.349279999999999745e+03 7.002333974186476737e-13 1.004665344127228627e-12 1.136305398688070750e-12
6.492189999999999600e+03 6.844785401828405528e-13 8.863095146638218938e-13 1.049114438553143795e-12
6.659750000000000000e+03 6.694424587457698362e-13 8.259245723737825306e-13 9.128045692802469257e-13
6.850319999999999709e+03 6.495115538378039239e-13 6.862181590723271478e-13 8.691949174516783002e-13
7.040890000000000327e+03 6.313044017142876548e-13 6.732126600761278964e-13 7.228286493487173342e-13
7.231470000000000255e+03 6.094466405762467023e-13 5.497653518893018556e-13 7.031362399544415952e-13
7.422039999999999964e+03 5.820035631803808740e-13 5.440420520257863674e-13 5.863671955806275877e-13
7.612609999999999673e+03 5.578044868097578369e-13 4.373804634659068032e-13 5.806683592007746298e-13
7.803180000000000291e+03 5.271228483661594668e-13 4.702064185656713281e-13 4.518966060539998798e-13
7.993750000000000000e+03 5.029253069667119900e-13 3.179981818952858660e-13 5.159559464589144573e-13
8.184329999999999927e+03 4.698575625451463563e-13 4.347397269374163987e-13 3.272719271234190588e-13
8.374899999999999636e+03 4.491052339831316336e-13 2.421382988888129465e-13 4.443621267824620899e-13
8.565469999999999345e+03 4.129919205282651838e-13 3.283869131950870905e-13 3.045709385062858843e-13
8.758229999999999563e+03 3.924454435769078162e-13 3.002452546388959144e-13 2.726742725695041346e-13
9.012370000000000800e+03 3.623937829581743075e-13 1.976268928780107867e-13 3.245263630998976456e-13
9.266500000000000000e+03 3.369466044559670797e-13 2.955294700064431744e-13 1.790088618826024037e-13
9.520629999999999200e+03 3.164519955238376998e-13 1.136806053702383350e-13 3.151459256848108288e-13
9.774760000000000218e+03 2.810887949172987892e-13 2.758902078457760640e-13 1.269637920642363454e-13
1.002889999999999964e+04 2.751664723315215160e-13 1.363717168806745681e-13 2.186785108971355469e-13
1.028300000000000000e+04 2.414579502688807441e-13 1.233862384237483110e-13 2.151224005435346232e-13
1.053720000000000073e+04 2.219693960741920980e-13 2.383472416752489808e-13 7.381777190338252993e-14
1.079129999999999927e+04 2.169875943519197949e-13 8.629708675966247761e-14 1.882110083900796593e-13
1.104539999999999964e+04 1.866469870795011858e-13 8.796251456979813203e-14 1.791400069521819147e-13
1.129960000000000036e+04 1.685236287586231735e-13 2.003211918039876148e-13 4.942743015266627508e-14
1.155370000000000073e+04 1.686948983998100299e-13 1.103560233485555395e-13 1.067269042060606973e-13
1.185460000000000036e+04 1.468018661614347628e-13 3.747731607018742750e-14 1.702536847460422165e-13
1.219350000000000000e+04 1.244779918708620044e-13 1.607622531804227688e-13 3.907405129461696201e-14
1.253239999999999964e+04 1.281985173049327891e-13 9.087671194704615169e-14 7.914278283794857198e-14
1.287129999999999927e+04 1.101132176295801747e-13 2.186000242865243209e-14 1.419335010418451725e-13
1.321010000000000036e+04 9.007083546162930632e-14 1.159449783570401457e-13 4.582367310628138898e-14
1.354900000000000000e+04 9.247033452078788185e-14 1.144027037673617789e-13 2.487606039514272121e-14
1.388789999999999964e+04 8.852591884415802787e-14 2.287555962624902849e-14 1.016095765897116786e-13
1.422679999999999927e+04 6.995479584332575144e-14 3.100407841831774602e-14 9.557542830345861959e-14
1.456570000000000073e+04 5.974669995532920383e-14 9.856130649188883120e-14 2.279329732168854367e-14
1.490460000000000036e+04 6.270267784182857750e-14 9.102144640535816239e-14 1.297462307265721133e-14
1.524350000000000000e+04 6.195728474374541217e-14 2.771952775066591123e-14 6.430316653438420870e-14
1.559020000000000073e+04 5.034695715225331657e-14 7.388979200255909396e-15 8.417163767276102540e-14
1.604210000000000036e+04 3.807225818304845775e-14 6.172381481421112938e-14 3.016899187052697095e-14
1.649400000000000000e+04 4.018293612986370892e-14 7.606677843771469258e-14 2.929851784908427196e-15
1.694590000000000146e+04 4.173124887719591348e-14 2.597624732192735492e-14 4.170210319501626864e-14
1.739779999999999927e+04 3.310552711790379570e-14 3.337415310080985803e-15 6.384647408170818476e-14
1.784979999999999927e+04 2.406857006221471489e-14 3.317257360767164342e-14 3.515219530488887356e-14
1.830170000000000073e+04 2.292096322695453959e-14 5.914381086312457032e-14 2.926890095309134572e-15
1.875359999999999854e+04 2.592893495595973740e-14 4.567064470407734757e-14 6.642844267472242453e-15
1.920550000000000000e+04 2.552173313465895265e-14 1.452551804391207617e-14 3.188278109485592635e-14
1.965740000000000146e+04 2.037225331715137974e-14 1.209497943349754268e-15 4.481226650874621385e-14
2.010929999999999927e+04 1.449953665713812578e-14 1.325510774276156434e-14 3.342862552412704637e-14
2.056129999999999927e+04 1.185550585840180172e-14 3.247753293198591481e-14 1.208308213521871200e-14
2.110150000000000000e+04 1.309275054088120605e-14 3.924361896562949785e-14 -7.050701671384041137e-16
2.170420000000000073e+04 1.516144656150962428e-14 2.269400849363394931e-14 9.557465604967882589e-15
2.230679999999999927e+04 1.362653704528930259e-14 3.919542753441223554e-15 2.590529673066081902e-14
2.290950000000000000e+04 9.575969262952070757e-15 1.962741293546591805e-15 2.832730882079887886e-14
2.351209999999999854e+04 6.410768246168491696e-15 1.344487343615196221e-14 1.675793790080089408e-14
2.411470000000000073e+04 5.823259305464222566e-15 2.398249405666728808e-14 3.763437162345240076e-15
2.471740000000000146e+04 6.998096417291642226e-15 2.461988867949201897e-14 -6.720952536831950993e-16
2.532000000000000000e+04 8.040259483990667768e-15 1.642665167896465723e-14 3.993479965662545703e-15
2.592270000000000073e+04 7.804758986290973655e-15 6.451046698254109195e-15 1.193566302222547662e-14
2.652529999999999927e+04 6.323640230791806019e-15 7.321965059464364468e-16 1.700800657843857041e-14
2.712800000000000000e+04 4.433672806815212732e-15 1.051589792342607885e-15 1.671744717651224007e-14
2.775140000000000146e+04 2.900973494796299986e-15 5.624569753654180270e-15 1.190253759553155970e-14
2.855500000000000000e+04 2.265543512807475782e-15 1.219907038627154948e-14 4.218540741103317406e-15
2.935870000000000073e+04 2.782349948636484246e-15 1.447434068163838986e-14 -1.487142387859012872e-16
3.016229999999999927e+04 3.540078022517603914e-15 1.163771097991478739e-14 4.523680073016138638e-16
3.096590000000000146e+04 3.834194835580485670e-15 6.463547486768450570e-15 4.081585964528269918e-15
3.176959999999999854e+04 3.430159424829387741e-15 2.019637678290231789e-15 7.742592008162994488e-15
3.257320000000000073e+04 2.579801879173964309e-15 1.138435137842226847e-16 9.421788701672879580e-15
3.337680000000000291e+04 1.667672164827522805e-15 7.606982097249481071e-16 8.674951496860536343e-15
3.418050000000000000e+04 1.011494397523565042e-15 2.889635557900148674e-15 6.335302495770622996e-15
3.498409999999999854e+04 7.176811956938008393e-16 5.176908960756594259e-15 3.512671864791343137e-15
3.578780000000000291e+04 7.466290248451421113e-16 6.676284891440131449e-15 1.228310057375968213e-15
3.659140000000000146e+04 9.595440840583129357e-16 6.982035948375191172e-15 -8.900896715989798000e-18
3.756140000000000146e+04 1.281082065312298915e-15 6.093388554427183308e-15 -8.569428653203063991e-17
3.863309999999999854e+04 1.496570390181518579e-15 4.115652563941754201e-15 1.046619279899256118e-15
3.970469999999999709e+04 1.470545916927082025e-15 2.056205772748531328e-15 2.563659248770835658e-15
4.077640000000000146e+04 1.239508645412540872e-15 6.146487776971841273e-16 3.722677641996669674e-15
4.184800000000000000e+04 9.058022660740363243e-16 3.757838400299991977e-17 4.167769626914663577e-15
4.291969999999999709e+04 5.730816084436353578e-16 2.104944193068233498e-16 3.887450357825288397e-15
4.399140000000000146e+04 3.199865527098337748e-16 8.380675819261576000e-16 3.139136120020891279e-15
4.506300000000000000e+04 1.715569556172276759e-16 1.596699445482580919e-15 2.174175192944818783e-15
4.613469999999999709e+04 1.245425001743142657e-16 2.240011083852614128e-15 1.254419943245212432e-15
4.720640000000000146e+04 1.524233281098425919e-16 2.621226521746407914e-15 5.393462021573905807e-16
4.827800000000000000e+04 2.229533698232646763e-16 2.723704227758854541e-15 1.017244415935408318e-16
4.939900000000000000e+04 3.090617900484026909e-16 2.558820581737121341e-15 -7.203459435328736297e-17
5.082809999999999854e+04 4.060823996554924574e-16 2.113778155052579297e-15 3.118993296005518221e-17
5.225719999999999709e+04 4.553173200344881709e-16 1.516886051458124190e-15 3.475439213096173317e-16
5.368630000000000291e+04 4.563003449838459788e-16 9.456719023650991588e-16 7.274214371073324864e-16
5.511540000000000146e+04 4.117382591676885658e-16 4.818763027355403846e-16 1.052235231067197052e-15
5.654450000000000000e+04 3.400962250905632373e-16 1.770682122215083235e-16 1.262743594593255259e-15
5.797350000000000000e+04 2.577657633728955156e-16 2.971024198630435967e-17 1.341857144443382307e-15
5.940259999999999854e+04 1.774450879112282113e-16 1.127025086378802698e-17 1.298101185783256951e-15
6.083169999999999709e+04 1.099077097924469002e-16 8.188374435846434403e-17 1.174533217392949790e-15
6.226080000000000291e+04 5.785733822133680651e-17 2.010110236141088971e-16 9.919956034189631489e-16
6.368990000000000146e+04 2.284294982383175275e-17 3.336936593274628343e-16 7.853761084306079339e-16
6.511900000000000000e+04 3.524083234250159840e-18 4.585373239867492280e-16 5.875792596254497393e-16
6.686039999999999418e+04 -3.126252178774874655e-18 5.819772359968300285e-16 3.778456220002605764e-16
6.876610000000000582e+04 4.214761685807579264e-18 6.676659938137599705e-16 1.992320351601058421e-16
7.067180000000000291e+04 2.006417686543433682e-17 6.964855763212133444e-16 7.745896254031506431e-17
7.257750000000000000e+04 3.876167765523267157e-17 6.763334211230147551e-16 9.269773069705682312e-18
7.448319999999999709e+04 5.602212066222117804e-17 6.170013116921485778e-16 -1.485309654469586908e-17
7.638900000000000000e+04 7.014717406168809643e-17 5.404061944919597069e-16 -7.093447095675521662e-18
7.829469999999999709e+04 7.924926598041905234e-17 4.503618999326106090e-16 2.092892259874664238e-17
8.020039999999999418e+04 8.353576330512955541e-17 3.599503559018355951e-16 5.901488647785049585e-17
8.210610000000000582e+04 8.317176678587326819e-17 2.747841053627230272e-16 9.900420228160785357e-17
8.401180000000000291e+04 7.989141953192858634e-17 2.020791913973929110e-16 1.365601089868190508e-16
8.591760000000000582e+04 7.366201116105913089e-17 1.407087747239659300e-16 1.671377277913415969e-16
8.793289999999999418e+04 6.563655703530419906e-17 9.033077029943827768e-17 1.915819622384645962e-16
9.047419999999999709e+04 5.538518061623428604e-17 4.634103250547550559e-17 2.135502584424647867e-16
9.301550000000000000e+04 4.429520766541278583e-17 1.883931222383724643e-17 2.211949556702760762e-16
9.555680000000000291e+04 3.411324936301032034e-17 4.936048917935739618e-18 2.201245458338400141e-16
9.809810000000000582e+04 2.474432217342699955e-17 8.644278403814978115e-19 2.091595545676989109e-16
1.006390000000000000e+05 1.683799322020903143e-17 3.532599754724404483e-18 1.928285522895665305e-16
