1.017789999999999928e+01 1.499922597595340287e-04 1.478113195941148969e-04 1.474093085673145874e-04
1.043200000000000038e+01 1.405113004335339097e-04 1.398039735543224211e-04 1.407774606362950014e-04
1.068609999999999971e+01 1.352081262309067736e-04 1.315855513938399919e-04 1.318597339376017326e-04
1.094030000000000058e+01 1.235789986720240937e-04 1.271810897380311616e-04 1.265384163521888778e-04
1.119439999999999991e+01 1.204433126581246359e-04 1.192718403090606738e-04 1.184806027946866202e-04
1.144849999999999923e+01 1.174686381268069777e-04 1.116600776513568597e-04 1.108221460109671283e-04
1.171439999999999948e+01 1.091022890174560994e-04 1.061845704256014192e-04 1.065780059445212917e-04
1.205320000000000036e+01 1.018957660435989014e-04 9.965423003322699592e-05 9.921345721654587413e-05
1.239209999999999923e+01 9.546014339317768671e-05 9.320242955739092535e-05 9.310435501038398639e-05
1.273099999999999987e+01 8.766109731419419182e-05 8.848176235659639829e-05 8.810988638037508310e-05
1.306990000000000052e+01 8.353222975528406527e-05 8.207733782985085231e-05 8.249026779934097572e-05
1.340879999999999939e+01 7.698049459007374204e-05 7.795394192664455548e-05 7.818741834983899876e-05
1.374770000000000003e+01 7.439995563542520728e-05 7.256424166509287674e-05 7.243781134841268765e-05
1.408660000000000068e+01 7.163588149638777961e-05 6.757913098772607547e-05 6.749014116150275390e-05
1.442549999999999955e+01 6.592828735514163097e-05 6.468282091476749355e-05 6.431961083977496651e-05
1.476440000000000019e+01 6.059010006525389477e-05 6.154978781734558348e-05 6.189237687253152384e-05
1.510330000000000084e+01 6.115473427144329415e-05 5.679647384097112232e-05 5.594445042875930535e-05
1.544209999999999994e+01 5.617697659291252127e-05 5.429772424748288055e-05 5.401948524440324477e-05
1.585510000000000019e+01 5.080329389663723914e-05 5.157738920281577976e-05 5.181193380062512475e-05
1.630699999999999861e+01 4.875133621528917200e-05 4.782735935197013832e-05 4.722344007711087963e-05
1.675890000000000057e+01 4.405708218892750674e-05 4.511012121669350248e-05 4.526816144147345828e-05
1.721079999999999899e+01 4.277539249827243218e-05 4.168305104769882410e-05 4.129617697384214183e-05
1.766280000000000072e+01 4.003291724513453404e-05 3.900986280704585340e-05 3.880963222330041879e-05
1.811469999999999914e+01 3.644903333918018788e-05 3.689146925584069702e-05 3.714136790456911666e-05
1.856660000000000110e+01 3.417732476968976020e-05 3.467252074456257931e-05 3.488606395439606406e-05
1.901849999999999952e+01 3.252117332438476114e-05 3.253708978034618610e-05 3.244196292373372013e-05
1.947040000000000148e+01 3.155426082724804078e-05 3.018860061513437871e-05 2.996991582040095764e-05
1.992229999999999990e+01 2.814539900901798762e-05 2.904454280101609115e-05 2.874267202573709798e-05
2.037430000000000163e+01 2.676072385027932540e-05 2.733904320119089561e-05 2.728756300512254852e-05
2.085219999999999985e+01 2.530597542882302958e-05 2.561999503712586573e-05 2.564179682010607285e-05
2.145479999999999876e+01 2.378058204539845001e-05 2.374212966026230799e-05 2.375433107118800520e-05
2.205750000000000099e+01 2.153879577990169746e-05 2.238326621848482357e-05 2.252455724286672815e-05
2.266009999999999991e+01 2.067175608755469611e-05 2.055717337059724976e-05 2.079942565367177935e-05
2.326269999999999882e+01 1.898691766732938749e-05 1.951049024495006475e-05 1.947739770449466237e-05
2.386540000000000106e+01 1.732335209481976112e-05 1.838228037681189053e-05 1.851114607070449523e-05
2.446799999999999997e+01 1.650868784869672439e-05 1.720237463559628349e-05 1.713142941847350982e-05
2.507069999999999865e+01 1.605017935271871565e-05 1.588009409077887661e-05 1.572110049551275385e-05
2.567330000000000112e+01 1.498372839770767802e-05 1.487277685440237647e-05 1.484800818233022109e-05
2.627590000000000003e+01 1.401674231858674435e-05 1.412689087253622112e-05 1.386951454871645412e-05
2.687859999999999872e+01 1.268828860286852480e-05 1.337119973731723606e-05 1.342560871199366344e-05
2.748120000000000118e+01 1.266039206026009369e-05 1.229827673671135600e-05 1.219392324386841204e-05
2.822250000000000014e+01 1.138947569172359312e-05 1.153351487652754647e-05 1.166303386957394096e-05
2.902609999999999957e+01 1.079854173921657016e-05 1.074587330485047575e-05 1.074995807881040741e-05
2.982979999999999876e+01 9.932784264154150353e-06 1.006781099826755893e-05 1.008497264999484972e-05
3.063340000000000174e+01 9.495911685798421659e-06 9.281160542185619205e-06 9.293295956195027401e-06
3.143700000000000117e+01 8.760250419620448710e-06 8.737553924398304682e-06 8.725977262736256995e-06
3.224069999999999681e+01 8.021210550400473691e-06 8.252099816295015134e-06 8.245229489278520514e-06
3.304429999999999978e+01 7.563907365210963769e-06 7.744414087867548810e-06 7.614277007962094130e-06
3.384790000000000276e+01 7.401884788030114246e-06 7.132465800901041813e-06 7.032782533750561702e-06
3.465160000000000196e+01 6.433111969532164523e-06 6.905522430709344822e-06 6.858525300383065928e-06
3.545519999999999783e+01 6.340929397491690290e-06 6.327107355337977636e-06 6.268412364321174087e-06
3.625880000000000081e+01 6.025479383818531578e-06 5.885744993035479121e-06 5.881455365861248820e-06
3.711789999999999878e+01 5.565567347955582706e-06 5.551945263887078676e-06 5.544904228556390253e-06
3.818959999999999866e+01 5.033804989065266617e-06 5.196348176533778108e-06 5.265864443363915565e-06
3.926129999999999853e+01 4.836018205663313853e-06 4.796807264398025499e-06 4.794944634816231814e-06
4.033290000000000219e+01 4.605088610192499399e-06 4.419732524682501921e-06 4.414270315799647620e-06
4.140460000000000207e+01 4.022567981628075813e-06 4.266948880622435421e-06 4.251595465974164170e-06
4.247630000000000194e+01 3.966116872289773601e-06 3.840786011464668622e-06 3.916338934017564160e-06
4.354789999999999850e+01 3.566751372952494147e-06 3.670980970931248654e-06 3.729349216850688994e-06
4.461959999999999837e+01 3.344312866562045517e-06 3.471154005923681620e-06 3.432570704680666357e-06
4.569129999999999825e+01 3.189182417317085890e-06 3.198596342595672353e-06 3.211606855532923349e-06
4.676290000000000191e+01 2.960384744020369653e-06 3.013875051851179895e-06 3.016746159051215530e-06
4.783460000000000178e+01 2.764839455426396236e-06 2.831525190036064141e-06 2.835874162318604990e-06
4.890630000000000166e+01 2.671687805321605594e-06 2.628435002311813817e-06 2.619014048375500681e-06
5.023669999999999902e+01 2.467465058120706614e-06 2.445195827436660421e-06 2.455118127140489532e-06
5.166579999999999728e+01 2.259472468253777213e-06 2.299832822477200827e-06 2.299575928957370742e-06
5.309490000000000265e+01 2.138811671161940681e-06 2.124169455164544809e-06 2.118960402837570841e-06
5.452400000000000091e+01 1.969184122107186440e-06 1.993263991253744781e-06 1.988263645177861068e-06
5.595309999999999917e+01 1.831086484280906855e-06 1.852775721812985386e-06 1.854810070949635437e-06
5.738219999999999743e+01 1.692883661570975852e-06 1.725300024277370155e-06 1.750500252279676382e-06
5.881130000000000280e+01 1.590981323860353604e-06 1.640369500827675813e-06 1.609964360255039647e-06
6.024040000000000106e+01 1.528506263680085946e-06 1.484956088301039454e-06 1.513902194738628759e-06
6.166949999999999932e+01 1.367363396975775199e-06 1.436403657141016535e-06 1.416671273626709518e-06
6.309859999999999758e+01 1.311225516497873323e-06 1.319737945743042865e-06 1.326401555109484456e-06
6.452760000000000673e+01 1.252143053411701686e-06 1.233597769556125611e-06 1.212285506880551485e-06
6.607179999999999609e+01 1.157269813459223567e-06 1.157401450399524576e-06 1.155171021981943681e-06
6.797750000000000625e+01 1.064796553490623342e-06 1.079781669063788057e-06 1.070862986669779842e-06
6.988320000000000221e+01 9.933092045354859870e-07 1.001994248541145202e-06 1.003447959239040966e-06
7.178889999999999816e+01 9.022905005636464038e-07 9.424775584829419646e-07 9.403740878352624169e-07
7.369469999999999743e+01 8.721044456502016658e-07 8.569628282457663518e-07 8.683192689119505325e-07
7.560039999999999338e+01 8.133060003998171969e-07 8.220549699943486576e-07 8.079327250267279601e-07
7.750610000000000355e+01 7.539340347401945615e-07 7.488553179528498646e-07 7.607418332929996020e-07
7.941179999999999950e+01 7.009976715798765976e-07 7.058221553594043235e-07 7.067341286969722414e-07
8.131749999999999545e+01 6.481755340167071661e-07 6.685868972203192520e-07 6.546768192321818274e-07
8.322329999999999472e+01 6.092683603595684861e-07 6.225469446556111291e-07 6.148228318046159144e-07
8.512900000000000489e+01 6.026380811095166242e-07 5.691263070883506307e-07 5.816531131624047373e-07
8.703470000000000084e+01 5.406297070564551036e-07 5.329532608008594721e-07 5.660977510361038939e-07
8.942260000000000275e+01 4.863439863398157543e-07 5.091589122611846856e-07 5.121871328176443531e-07
9.196389999999999532e+01 4.568912950202700770e-07 4.766388862292398263e-07 4.653545556966466157e-07
9.450520000000000209e+01 4.336383855331582996e-07 4.371921975099878320e-07 4.335534575601528485e-07
9.704659999999999798e+01 4.036970575047430290e-07 4.069051796290362769e-07 3.977493322946258361e-07
9.958790000000000475e+01 3.731849334261042764e-07 3.782985115296416463e-07 3.751854382875999075e-07
1.021290000000000049e+02 3.476820525912113479e-07 3.532534972801079158e-07 3.543237731874800895e-07
1.046710000000000065e+02 3.258656733973229520e-07 3.296467031073543801e-07 3.281344065401312672e-07
1.072120000000000033e+02 3.065224086553811760e-07 3.129103115227576900e-07 3.012677327794298999e-07
1.097530000000000001e+02 2.862809160802558762e-07 2.793348449413934725e-07 2.934568778555342818e-07
1.122939999999999969e+02 2.666963968838847851e-07 2.666037508601946904e-07 2.801502176628710673e-07
1.148359999999999985e+02 2.522671372432010120e-07 2.458082403382408198e-07 2.506008144196722895e-07
1.176110000000000042e+02 2.344563912904535607e-07 2.374059521741189643e-07 2.290783709354275590e-07
1.210000000000000000e+02 2.171856232567387624e-07 2.039352147602971587e-07 2.283398609877021046e-07
1.243889999999999958e+02 2.022903276233994295e-07 2.005285278762516796e-07 1.994956114514539167e-07
1.277780000000000058e+02 1.855798304394825056e-07 1.851300134079034444e-07 1.885768786729756863e-07
1.311670000000000016e+02 1.739258948886328573e-07 1.801735361975370502e-07 1.659570596770565799e-07
1.345550000000000068e+02 1.594220643733843029e-07 1.680390811064537139e-07 1.561507185201620487e-07
1.379439999999999884e+02 1.458836902984910738e-07 1.579282114555539935e-07 1.467603934459550065e-07
1.413329999999999984e+02 1.369892769901700592e-07 1.413588474470068839e-07 1.349611441229382622e-07
1.447220000000000084e+02 1.305489995662838070e-07 1.318254866749413364e-07 1.284237678377441334e-07
1.481109999999999900e+02 1.213980067922150741e-07 1.169979897476982300e-07 1.271234151691521515e-07
1.515000000000000000e+02 1.136102685863085718e-07 1.153371118769866144e-07 1.127073842567048702e-07
1.548890000000000100e+02 1.068890167062842124e-07 1.039444106911483513e-07 1.085047416425674702e-07
1.591740000000000066e+02 9.826444537425699321e-08 9.904509234044828406e-08 9.866004380529479841e-08
1.636930000000000121e+02 8.975886149134532550e-08 9.199550989069618975e-08 9.227305637795850194e-08
1.682129999999999939e+02 8.224696398093041340e-08 8.643074745769554701e-08 8.524360520137410456e-08
1.727319999999999993e+02 7.601294075021945160e-08 7.806636863290286323e-08 8.164565381687772786e-08
1.772510000000000048e+02 7.239381083195978942e-08 7.313313344558959953e-08 7.342466668245065061e-08
1.817700000000000102e+02 6.684852582913941864e-08 6.928197252478842327e-08 6.744256164607218302e-08
1.862889999999999873e+02 6.280714804994158738e-08 6.257411175626524801e-08 6.405786563379320043e-08
1.908079999999999927e+02 5.854702580694609340e-08 5.911403474233232967e-08 5.870664321298204016e-08
1.953280000000000030e+02 5.463637686972857412e-08 5.522210442102483009e-08 5.454609454924662414e-08
1.998470000000000084e+02 5.111195344714971485e-08 5.014111947665615132e-08 5.204820619619414877e-08
2.043660000000000139e+02 4.724712880768382052e-08 4.837613730868264519e-08 4.736538764363355770e-08
2.093530000000000086e+02 4.468021608406930687e-08 4.359505403198056102e-08 4.479181223595015420e-08
2.153789999999999907e+02 4.078560770785297588e-08 4.283649133034202381e-08 3.934705061780501749e-08
2.214060000000000059e+02 3.759411491405386899e-08 3.732931051405911010e-08 3.885579338788704932e-08
2.274319999999999879e+02 3.464900987957942823e-08 3.529529496407329355e-08 3.545350522781834420e-08
2.334590000000000032e+02 3.198034512848489909e-08 3.261474425598812912e-08 3.313850064752698503e-08
2.394850000000000136e+02 2.924921303582028330e-08 2.988838704118726522e-08 3.154158384299246930e-08
2.455109999999999957e+02 2.739691886298862343e-08 2.750820697812955010e-08 2.935833639888183572e-08
2.515380000000000109e+02 2.503037838495666970e-08 2.603104973450217079e-08 2.726878588854116998e-08
2.575640000000000214e+02 2.346256302727707749e-08 2.541088500268150260e-08 2.399385192204143222e-08
2.635910000000000082e+02 2.174135197207094704e-08 2.368874127530341090e-08 2.237514327262565658e-08
2.696170000000000186e+02 2.101207620779851087e-08 2.114589908490472689e-08 2.100477123529676786e-08
2.756440000000000055e+02 1.976616357767988012e-08 1.957377814130446402e-08 1.951255870981566334e-08
2.833330000000000268e+02 1.769610980674547628e-08 1.851191204833256256e-08 1.818149680012196813e-08
2.913700000000000045e+02 1.635464165700936535e-08 1.691923502237993359e-08 1.696418628861070605e-08
2.994060000000000059e+02 1.539101963719188820e-08 1.551987648431965793e-08 1.552304052168846467e-08
3.074420000000000073e+02 1.369242931445493718e-08 1.409227163193322180e-08 1.521221420961184826e-08
3.154789999999999850e+02 1.310056063145646262e-08 1.353918789114217447e-08 1.324945123114424337e-08
3.235149999999999864e+02 1.217923288817277228e-08 1.232996579849623618e-08 1.242819733893099633e-08
3.315509999999999877e+02 1.092850440124944867e-08 1.152376876550043929e-08 1.181333964125011777e-08
3.395880000000000223e+02 1.058594816331373548e-08 1.067581670101322039e-08 1.057011035567304878e-08
3.476240000000000236e+02 9.722987189286723645e-09 9.957069803879316771e-09 9.757628237286606424e-09
3.556610000000000014e+02 8.769620758982457658e-09 9.362117077818636370e-09 9.363084443198909904e-09
3.636970000000000027e+02 8.415399907231283725e-09 8.531511557964672845e-09 8.615502960939707191e-09
3.726580000000000155e+02 7.871320251607968123e-09 7.923649408107166833e-09 7.916392827484866555e-09
3.833740000000000236e+02 6.960664381554700335e-09 7.453365576124528173e-09 7.451574364000773317e-09
3.940910000000000082e+02 6.621535082763581342e-09 6.763191819080196180e-09 6.802178713436224916e-09
4.048079999999999927e+02 6.205283507431720853e-09 6.233685706200301525e-09 6.217656145247980790e-09
4.155240000000000009e+02 5.422484012101813773e-09 5.916712614220173925e-09 5.910624644318014729e-09
4.262409999999999854e+02 5.074630106677144502e-09 5.375585001192742023e-09 5.526509569970116573e-09
4.369569999999999936e+02 4.952837193382842925e-09 4.905063262770873963e-09 4.942101602166287401e-09
4.476739999999999782e+02 4.413993234023639445e-09 4.664653755415630437e-09 4.640758800160733641e-09
4.583910000000000196e+02 3.831424094157998929e-09 4.526360074151772288e-09 4.445128628107808044e-09
4.691070000000000277e+02 3.675163610829258187e-09 4.024326721153058101e-09 4.109263298233684999e-09
4.798240000000000123e+02 3.677558559104108867e-09 3.599851263822794481e-09 3.683822604841097494e-09
4.905409999999999968e+02 3.388797295276192058e-09 3.468674474592724759e-09 3.322102421747084823e-09
5.043389999999999986e+02 2.819368116477193132e-09 3.289905034039627773e-09 3.273387103531180176e-09
5.186299999999999955e+02 2.531596763957305531e-09 3.024380597158184649e-09 3.086897452588510947e-09
5.329199999999999591e+02 2.621110911013031118e-09 2.640989300829959299e-09 2.715923999637011122e-09
5.472110000000000127e+02 2.517574912347403517e-09 2.407892848372684814e-09 2.441490057439912681e-09
5.615019999999999527e+02 2.158785456418658039e-09 2.437749553830844276e-09 2.212077123630498674e-09
5.757930000000000064e+02 1.834454095899853548e-09 2.104649110671864354e-09 2.358521363716283125e-09
5.900839999999999463e+02 1.720334692734793521e-09 2.008810142726364983e-09 2.097136185074103308e-09
6.043750000000000000e+02 1.767321533454655769e-09 1.700616119361253561e-09 1.929615041083291894e-09
6.186660000000000537e+02 1.746361711908484264e-09 1.615833316336656222e-09 1.638438748475661222e-09
6.329569999999999936e+02 1.512513283072388587e-09 1.558637869947762438e-09 1.561877534567049602e-09
6.472480000000000473e+02 1.293409410402504888e-09 1.522524963251574403e-09 1.481224808787521452e-09
6.633460000000000036e+02 1.153601198841983329e-09 1.401576575623725177e-09 1.416682589203892087e-09
6.824039999999999964e+02 1.147673989342928686e-09 1.236426479142331241e-09 1.271386387161140475e-09
7.014610000000000127e+02 1.142100487887057626e-09 1.102422939993734593e-09 1.121670219745387668e-09
7.205180000000000291e+02 1.043661016345908848e-09 1.031742621727627387e-09 1.059461427957158715e-09
7.395750000000000455e+02 8.889675379237976353e-10 9.933695108612922406e-10 9.833015258554703716e-10
7.586319999999999482e+02 7.617670982819170744e-10 9.410512207865367088e-10 9.454371347615467332e-10
7.776900000000000546e+02 7.016491461512333408e-10 8.676573747736846985e-10 8.783126465687487918e-10
7.967469999999999573e+02 6.886528416107141412e-10 7.775870443482357222e-10 7.972770618898505446e-10
8.158039999999999736e+02 6.987566400637899959e-10 6.850268779812783495e-10 7.152074187826094849e-10
8.348609999999999900e+02 6.713591783429013375e-10 6.222126306901304292e-10 6.447247824848886274e-10
8.539180000000000064e+02 6.161288241629632813e-10 5.890075797461163391e-10 5.892008332583606630e-10
8.729759999999999991e+02 5.347195344071411332e-10 5.683721026596281576e-10 5.586617408927508151e-10
8.977309999999999945e+02 4.382902489080141823e-10 5.468593970189883381e-10 5.422192547553016791e-10
9.231449999999999818e+02 3.695568200103106134e-10 5.260665556267602116e-10 5.106584331532494168e-10
9.485579999999999927e+02 3.536403139965467730e-10 4.701315670649783872e-10 4.707073232387576267e-10
9.739710000000000036e+02 3.622194664060270379e-10 4.089138739624303227e-10 4.225715643049908161e-10
9.993840000000000146e+02 3.726382724254476330e-10 3.545720310469391259e-10 3.739306497660533366e-10
1.024799999999999955e+03 3.623965688353031577e-10 3.221991339703365928e-10 3.312999094896683835e-10
1.050210000000000036e+03 3.285436149875756534e-10 3.031165969190286883e-10 3.071409415333886310e-10
1.075619999999999891e+03 2.788172164588606816e-10 2.976917933469043780e-10 2.908473225476894420e-10
1.101039999999999964e+03 2.262939685751604881e-10 2.959256901772760362e-10 2.785307242402756999e-10
1.126450000000000045e+03 1.862462003935485797e-10 2.836677885177622311e-10 2.709718432631252804e-10
1.151859999999999900e+03 1.621853590839237551e-10 2.598456831974811080e-10 2.633830320158560361e-10
1.180779999999999973e+03 1.538275492915227211e-10 2.347256665180988825e-10 2.433745864640431600e-10
1.214670000000000073e+03 1.620516510605812106e-10 2.055826301714626588e-10 2.130189984288771289e-10
1.248559999999999945e+03 1.712934704484985789e-10 1.748256825119118703e-10 1.879837273916633956e-10
1.282450000000000045e+03 1.712560376290978863e-10 1.545067148775637131e-10 1.656422035002590286e-10
1.316339999999999918e+03 1.602115631289758228e-10 1.444560286262969501e-10 1.483934131530500137e-10
1.350230000000000018e+03 1.400346095654633533e-10 1.361868316444729425e-10 1.414462786017270277e-10
1.384119999999999891e+03 1.190803482851448070e-10 1.366112329124708639e-10 1.296095957713552635e-10
1.418009999999999991e+03 9.299636172188416690e-11 1.336268959013651740e-10 1.287962154568483915e-10
1.451900000000000091e+03 7.988321977318300211e-11 1.308084181285182664e-10 1.176920829867258999e-10
1.485789999999999964e+03 6.314530647079117786e-11 1.127414892040140329e-10 1.273645906281512510e-10
1.519670000000000073e+03 5.562349702845265442e-11 1.065462080526844434e-10 1.179592985312269902e-10
1.553559999999999945e+03 5.472594545891866629e-11 9.895662336898578948e-11 1.049389879139836714e-10
1.597980000000000018e+03 5.700794822373600929e-11 8.466132325152254349e-11 9.597168186969180261e-11
1.643170000000000073e+03 6.193622191326565209e-11 7.640954233706844004e-11 7.995091785243104903e-11
1.688359999999999900e+03 6.324784847505518934e-11 6.690835631900141399e-11 7.057173181868500803e-11
1.733549999999999955e+03 6.321334278073644798e-11 5.697870516215714181e-11 6.454747065581761111e-11
1.778740000000000009e+03 6.071662606873014191e-11 5.291123463981491378e-11 5.652636660122581750e-11
1.823930000000000064e+03 5.584956362917268255e-11 5.057247111641733263e-11 5.028966068794546099e-11
1.869130000000000109e+03 4.969914524260162836e-11 5.037453171671303402e-11 4.451778552624402686e-11
1.914319999999999936e+03 4.254308907636879297e-11 5.055317703294798145e-11 4.027584563863751732e-11
1.959509999999999991e+03 3.542756064299757333e-11 4.307998399794347255e-11 4.456328722806974405e-11
2.004700000000000045e+03 3.069112504916318511e-11 3.721274883736709279e-11 4.561925057787416611e-11
2.049889999999999873e+03 2.481091835429670378e-11 4.787767040742892819e-11 3.214645671540626480e-11
2.101840000000000146e+03 1.908383246898181847e-11 4.077517975245376484e-11 3.662321429667410978e-11
2.162110000000000127e+03 1.544156486023432834e-11 3.616950198943678691e-11 3.694116421236404036e-11
2.222369999999999891e+03 1.390527252347175557e-11 2.846643611963216955e-11 3.898771582820558479e-11
2.282630000000000109e+03 1.422585214650795086e-11 2.768711679680720222e-11 3.283640645723470077e-11
2.342900000000000091e+03 1.265434060961955912e-11 3.171432127283048664e-11 2.447062694869200345e-11
2.403159999999999854e+03 1.233526938443850222e-11 2.166141393862191393e-11 2.938958429623173078e-11
2.463429999999999836e+03 1.311933097366818888e-11 2.405575424740619302e-11 2.122718234718759013e-11
2.523690000000000055e+03 1.302047404744568371e-11 1.767522363000770817e-11 2.310212490143102419e-11
2.583960000000000036e+03 1.296026754907274252e-11 1.803687336587617724e-11 1.864655687999533592e-11
2.644219999999999800e+03 1.341268729821135999e-11 1.567779697363114854e-11 1.669308521858716838e-11
2.704480000000000018e+03 1.315363512326863191e-11 1.342230513513586490e-11 1.563078900136564784e-11
2.764750000000000000e+03 1.281816734576468762e-11 1.225362957942564440e-11 1.389769855407880136e-11
2.844420000000000073e+03 1.248277917128225388e-11 1.090215871027039861e-11 1.234864042941910985e-11
2.924780000000000200e+03 1.197294904410316477e-11 1.017111435283310405e-11 1.065263146109376393e-11
3.005150000000000091e+03 1.123808856825780493e-11 8.999715255975620630e-12 9.894046625161471374e-12
3.085510000000000218e+03 1.028787173175358644e-11 8.364287095217056348e-12 9.056258074333002958e-12
3.165869999999999891e+03 9.433463872887663735e-12 8.029321541801029033e-12 8.012701307638357352e-12
3.246239999999999782e+03 8.556876379336114410e-12 7.564939028864673162e-12 7.357746652741795871e-12
3.326599999999999909e+03 7.610126522573260110e-12 7.091817046739016817e-12 6.924938230363309401e-12
3.406960000000000036e+03 6.686547577397632919e-12 6.692361655020664528e-12 6.551525515848101466e-12
3.487329999999999927e+03 5.830267643419646771e-12 6.324610388773628598e-12 6.204539398222529614e-12
3.567690000000000055e+03 5.077630680076106142e-12 5.971160363038166192e-12 5.892582676164110349e-12
3.648050000000000182e+03 4.429654026867740818e-12 5.645377811646713794e-12 5.545110466666573219e-12
3.741360000000000127e+03 3.745038250926725179e-12 5.334323845498275539e-12 5.281484144438055940e-12
3.848519999999999982e+03 3.034802052330384603e-12 5.040337372623411153e-12 5.096921913587219407e-12
3.955690000000000055e+03 2.475667477430739951e-12 4.758973420944834515e-12 4.844940859017823113e-12
4.062860000000000127e+03 2.052747014509276239e-12 4.464304665669656483e-12 4.595432517556419552e-12
4.170020000000000437e+03 1.745948999140904752e-12 4.175291583854729122e-12 4.296598205973159919e-12
4.277189999999999600e+03 1.547995541500006453e-12 3.966154853746898348e-12 3.888615006471735083e-12
4.384359999999999673e+03 1.396311114235999641e-12 3.830910704339480250e-12 3.430998875942423652e-12
4.491520000000000437e+03 1.179535457902467396e-12 3.593407909832783317e-12 3.195585368348183356e-12
4.598689999999999600e+03 9.201237922910213095e-13 3.176546528582276737e-12 3.252340794903563249e-12
4.705859999999999673e+03 8.285866582535958244e-13 2.888247106268266719e-12 3.056272388127572426e-12
4.813020000000000437e+03 8.648469286231023147e-13 2.793528342464859571e-12 2.580368423964634970e-12
4.920189999999999600e+03 7.353654787353395777e-13 2.467483950077623067e-12 2.554060457944995448e-12
5.063100000000000364e+03 6.636010945983584809e-13 2.179354593040098517e-12 2.432109422868214092e-12
5.206010000000000218e+03 6.541838267316742711e-13 2.013622191297344770e-12 2.171360731446189598e-12
5.348920000000000073e+03 6.908273476675471490e-13 1.889776035813985168e-12 1.863383196710322406e-12
5.491819999999999709e+03 6.840671260672341300e-13 1.638137930508308123e-12 1.762568313626775965e-12
5.634729999999999563e+03 6.440876371997742154e-13 1.444200175267749181e-12 1.664409574524314128e-12
5.777640000000000327e+03 6.573486152980594171e-13 1.371738409649891303e-12 1.428493967882586395e-12
5.920550000000000182e+03 6.549010685464213570e-13 1.175782838057266173e-12 1.352831427467515327e-12
6.063460000000000036e+03 6.341654591006011253e-13 1.088137003625065449e-12 1.210384382282191797e-12
6.206369999999999891e+03 6.323550555379373592e-13 9.644358788049228964e-13 1.102981020420461555e-12
6.349279999999999745e+03 6.142175387882271493e-13 8.806242554784292811e-13 9.957093532193235662e-13
6.492189999999999600e+03 6.000764475704621696e-13 7.766189289418160798e-13 9.189508738400899617e-13
6.659750000000000000e+03 5.866031893699868411e-13 7.234931996804859478e-13 7.993026272444406304e-13
6.850319999999999709e+03 5.688880963634781779e-13 6.010079463332746579e-13 7.609319016684301175e-13
7.040890000000000327e+03 5.527071748585731780e-13 5.894337147644581875e-13 6.326540644876983086e-13
7.231470000000000255e+03 5.333352614921788926e-13 4.812868086989799174e-13 6.152217437626238694e-13
7.422039999999999964e+03 5.091147896888116617e-13 4.760706458954620283e-13 5.129483659270375650e-13
7.612609999999999673e+03 4.877231163600432209e-13 3.827040795364011605e-13 5.077534958400506729e-13
7.803180000000000291e+03 4.607099651993314060e-13 4.111762320715714619e-13 3.950862752270380118e-13
7.993750000000000000e+03 4.393477286782653791e-13 2.781038996774861728e-13 4.508455147901950064e-13
8.184329999999999927e+03 4.102849358891019739e-13 3.798563720608942871e-13 2.859428164954859723e-13
8.374899999999999636e+03 3.919638567755320997e-13 2.115985963202164910e-13 3.879941590937680062e-13
8.565469999999999345e+03 3.602656173601348587e-13 2.867436656049380869e-13 2.658370205588678520e-13
8.758229999999999563e+03 3.421723302983651346e-13 2.619804184027712478e-13 2.379459466046186126e-13
9.012370000000000800e+03 3.158420442715537982e-13 1.725150581239314110e-13 2.829821602483116396e-13
9.266500000000000000e+03 2.935734455774813819e-13 2.576464238950377327e-13 1.561562639107124860e-13
9.520629999999999200e+03 2.755958564292999180e-13 9.922741844563027200e-14 2.745993206955485631e-13
9.774760000000000218e+03 2.447184576739878488e-13 2.403443507588810108e-13 1.106790108399951119e-13
1.002889999999999964e+04 2.394566331059080885e-13 1.188053520447781223e-13 1.904526152089141737e-13
1.028300000000000000e+04 2.100290778605430402e-13 1.075039106753710706e-13 1.872101049528399685e-13
1.053720000000000073e+04 1.930060339019716477e-13 2.073170790909114571e-13 6.431681280155997899e-14
1.079129999999999927e+04 1.885721450447087330e-13 7.509314432940463611e-14 1.636730590098035939e-13
1.104539999999999964e+04 1.621234238875274275e-13 7.653513124588714335e-14 1.556557137556023258e-13
1.129960000000000036e+04 1.463175116787585427e-13 1.739581986257616101e-13 4.300698313655656060e-14
1.155370000000000073e+04 1.463751135969240226e-13 9.578966790616333982e-14 9.269728991104983108e-14
1.185460000000000036e+04 1.273126191116546698e-13 3.259639338480570012e-14 1.476758621824164059e-13
1.219350000000000000e+04 1.079250493557522259e-13 1.393855608118105895e-13 3.393579165206200398e-14
1.253239999999999964e+04 1.110956787481349796e-13 7.875675742199058352e-14 6.864559415738503428e-14
1.287129999999999927e+04 9.537765778097250319e-14 1.899834507074850678e-14 1.229353855815496940e-13
1.321010000000000036e+04 7.799464329021140781e-14 1.003887507204256311e-13 3.969934318141199055e-14
1.354900000000000000e+04 8.002967024540508264e-14 9.896620375749279379e-14 2.158267959251069179e-14
1.388789999999999964e+04 7.656666446858687717e-14 1.980673858367989406e-14 8.788407954864089925e-14
1.422679999999999927e+04 6.047719801154712923e-14 2.683310493412564039e-14 8.259377695446837458e-14
1.456570000000000073e+04 5.163105847889143146e-14 8.512323273848711904e-14 1.970952484916057701e-14
1.490460000000000036e+04 5.414574637871002996e-14 7.854060528188872601e-14 1.123828933074571175e-14
1.524350000000000000e+04 5.345823350612441895e-14 2.391262778559949190e-14 5.547823207888630218e-14
1.559020000000000073e+04 4.341267034261431993e-14 6.392941538165425693e-15 7.253757687375909438e-14
1.604210000000000036e+04 3.282329744952856131e-14 5.317230672665164696e-14 2.599328221073997579e-14
1.649400000000000000e+04 3.462191318164674515e-14 6.546984489454872856e-14 2.547326063819463579e-15
1.694590000000000146e+04 3.592861507694302648e-14 2.234779519337731081e-14 3.589459876047821159e-14
1.739779999999999927e+04 2.848845882422766028e-14 2.883708477585107000e-15 5.489653328524066574e-14
1.784979999999999927e+04 2.070731435130314460e-14 2.851305512280519766e-14 3.020536982759839858e-14
1.830170000000000073e+04 1.970839834745208817e-14 5.078137842981247072e-14 2.523883196059543260e-15
1.875359999999999854e+04 2.227242126356630654e-14 3.918076300342535862e-14 5.714487246105625632e-15
1.920550000000000000e+04 2.190284124444327455e-14 1.245383419138716053e-14 2.734558040085670811e-14
1.965740000000000146e+04 1.747188068039567301e-14 1.042481761479757325e-15 3.839363413881196905e-14
2.010929999999999927e+04 1.242980638295618740e-14 1.135304076941552688e-14 2.861449056472999417e-14
2.056129999999999927e+04 1.015706113590340747e-14 2.777809065697367949e-14 1.033571091342206826e-14
2.110150000000000000e+04 1.120544994830493581e-14 3.353413597534339842e-14 -5.967320153898496039e-16
2.170420000000000073e+04 1.296254502126297744e-14 1.937814888772900725e-14 8.168737978086370030e-15
2.230679999999999927e+04 1.164149743619645666e-14 3.345618828819178106e-15 2.211148052526068463e-14
2.290950000000000000e+04 8.177686578522784974e-15 1.676879954850197437e-15 2.415782448235300340e-14
2.351209999999999854e+04 5.473817535493294367e-15 1.145946840075721527e-14 1.427991924741783468e-14
2.411470000000000073e+04 4.968572235529375155e-15 2.042027471106707868e-14 3.205439390840978962e-15
2.471740000000000146e+04 5.962752661312149838e-15 2.094339060433074421e-14 -5.693243777664974781e-16
2.532000000000000000e+04 6.841777687153909108e-15 1.396036832582060190e-14 3.397048806864120590e-15
2.592270000000000073e+04 6.633928191242475284e-15 5.477152722506959498e-15 1.013713328288750239e-14
2.652529999999999927e+04 5.369716150291244998e-15 6.214185364530995523e-16 1.442853814639365404e-14
2.712800000000000000e+04 3.761643581089081910e-15 8.919410198115216724e-16 1.416595942696288832e-14
2.775140000000000146e+04 2.459523680890376956e-15 4.761616781072957368e-15 1.007445785273045784e-14
2.855500000000000000e+04 1.919802704040916383e-15 1.031760407445964006e-14 3.567776212122421250e-15
2.935870000000000073e+04 2.354449255051533881e-15 1.223087857568822663e-14 -1.252838799527902030e-16
3.016229999999999927e+04 2.991522287173351757e-15 9.824769531430314260e-15 3.825477495052211497e-16
3.096590000000000146e+04 3.236245619060493956e-15 5.451338375221287558e-15 3.443269289289662870e-15
3.176959999999999854e+04 2.892089785320642044e-15 1.701589226965989926e-15 6.524443452039578710e-15
3.257320000000000073e+04 2.172885060572548732e-15 9.583333268395216974e-17 7.930762827236582972e-15
3.337680000000000291e+04 1.403220454534911935e-15 6.396854037858672241e-16 7.293779727894286500e-15
3.418050000000000000e+04 8.502175501020300723e-16 2.426782764576963733e-15 5.320260033934599358e-15
3.498409999999999854e+04 6.024268305129475228e-16 4.342073280048364442e-15 2.946111028947929613e-15
3.578780000000000291e+04 6.255783809309312996e-16 5.592093884456161469e-15 1.028772513921821096e-15
3.659140000000000146e+04 8.024809551335251621e-16 5.839804637533680718e-15 -7.525633834005104009e-18
3.756140000000000146e+04 1.069966358520027300e-15 5.090437403700528772e-15 -7.169895887110838066e-17
3.863309999999999854e+04 1.248577912416206453e-15 3.434595009780671769e-15 8.732943773831516917e-16
3.970469999999999709e+04 1.225417569152703577e-15 1.714016173566142843e-15 2.136897658220366185e-15
4.077640000000000146e+04 1.031543585262130137e-15 5.117162875085544455e-16 3.099389674630953237e-15
4.184800000000000000e+04 7.526945559016155335e-16 3.116448373126472983e-17 3.465674629229955521e-15
4.291969999999999709e+04 4.753220834819141216e-16 1.746832866892030525e-16 3.228326076087615998e-15
4.399140000000000146e+04 2.646917818778087318e-16 6.948556578917542492e-16 2.603254327016086549e-15
4.506300000000000000e+04 1.413159843176353464e-16 1.322007538916059173e-15 1.800343634426405549e-15
4.613469999999999709e+04 1.021509302749793333e-16 1.851775999009699733e-15 1.037074915603706978e-15
4.720640000000000146e+04 1.249242670166016048e-16 2.163307328987961401e-15 4.451130962295849538e-16
4.827800000000000000e+04 1.827400037990266567e-16 2.243847187157443936e-15 8.373303744079233040e-17
4.939900000000000000e+04 2.531710358129979199e-16 2.104178103521267367e-15 -5.935794486022637558e-17
5.082809999999999854e+04 3.325566129052457284e-16 1.735982728546994693e-15 2.544038758347146604e-17
5.225719999999999709e+04 3.725231512785549024e-16 1.244084772379962804e-15 2.848205048737243422e-16
5.368630000000000291e+04 3.728224801018529956e-16 7.744844653955718350e-16 5.954816673112264337e-16
5.511540000000000146e+04 3.358477630888179902e-16 3.940376064979524191e-16 8.601511072602152577e-16
5.654450000000000000e+04 2.768467926395902563e-16 1.445392346480942704e-16 1.030600744507679292e-15
5.797350000000000000e+04 2.092983483732116282e-16 2.416954682574345879e-17 1.093296626879881819e-15
5.940259999999999854e+04 1.435996115520865699e-16 9.090132935531502648e-18 1.055705367502417067e-15
6.083169999999999709e+04 8.850010929104737725e-17 6.636037678225564603e-17 9.533294556446438703e-16
6.226080000000000291e+04 4.615762677866040184e-17 1.626891316693085081e-16 8.034687627675039598e-16
6.368990000000000146e+04 1.776071117418831544e-17 2.695304661807801953e-16 6.346753578270322855e-16
6.511900000000000000e+04 2.140246747519720666e-18 3.695020541671705159e-16 4.736704131651660245e-16
6.686039999999999418e+04 -3.196324718416727557e-18 4.681178485662600906e-16 3.040154642959775214e-16
6.876610000000000582e+04 2.732826152839816130e-18 5.361999260336142008e-16 1.600370863259173015e-16
7.067180000000000291e+04 1.546428092517778830e-17 5.583972602062294038e-16 6.209933664284827820e-17
7.257750000000000000e+04 3.042804349325852849e-17 5.412586338224640654e-16 7.389968447815357305e-18
7.448319999999999709e+04 4.418563301258517039e-17 4.928175474509824877e-16 -1.191209603519300975e-17
7.638900000000000000e+04 5.537647013933130050e-17 4.307419616209403600e-16 -5.719338072110447115e-18
7.829469999999999709e+04 6.251759890424682741e-17 3.581705652225217432e-16 1.656509938426696311e-17
8.020039999999999418e+04 6.579313072404494634e-17 2.855839435719348435e-16 4.673015983817110702e-17
8.210610000000000582e+04 6.536010940140800241e-17 2.174534869543053471e-16 7.824515080433999553e-17
8.401180000000000291e+04 6.260857142000373474e-17 1.594736376865923186e-16 1.076551115097842720e-16
8.591760000000000582e+04 5.753823448399988584e-17 1.107079866099476006e-16 1.313807611427529676e-16
8.793289999999999418e+04 5.109004619496378721e-17 7.085683302091139105e-17 1.501541839163715246e-16
9.047419999999999709e+04 4.299563795302119086e-17 3.627691005499144098e-17 1.670591520608162866e-16
9.301550000000000000e+04 3.427219267588628856e-17 1.471089982829255799e-17 1.726887002010444943e-16
9.555680000000000291e+04 2.628193510361840390e-17 3.833894726644144270e-18 1.714736449001028834e-16
9.809810000000000582e+04 1.895601296823020294e-17 6.511870271189548744e-19 1.625450815022807711e-16
1.006390000000000000e+05 1.279391196140770240e-17 2.711290715251032131e-18 1.494675929898192970e-16
