1.017789999999999928e+01 1.555589935835046463e-04 1.551514444049373483e-04 1.536854108879397510e-04
1.043200000000000038e+01 1.450280261651646339e-04 1.477579786461934229e-04 1.466550377059843693e-04
1.068609999999999971e+01 1.378963866646608567e-04 1.388811228721826305e-04 1.391439099996013000e-04
1.094030000000000058e+01 1.318400600547779212e-04 1.312042814350496622e-04 1.308641282676914572e-04
1.119439999999999991e+01 1.225563105368110656e-04 1.259945379109118717e-04 1.254246787456737985e-04
1.144849999999999923e+01 1.176404353001583511e-04 1.185911322954646529e-04 1.184682509680258392e-04
1.171439999999999948e+01 1.127223503358793888e-04 1.113852045380677488e-04 1.117243168391132848e-04
1.205320000000000036e+01 1.079378221749822232e-04 1.033940089812605389e-04 1.029374978843908408e-04
1.239209999999999923e+01 1.013282276770484548e-04 9.654590910882593043e-05 9.624418321882380215e-05
1.273099999999999987e+01 9.738142362580349837e-05 8.937229897255043578e-05 8.910599307380607137e-05
1.306990000000000052e+01 8.878114097688800293e-05 8.509384583945561221e-05 8.484018377028046767e-05
1.340879999999999939e+01 7.984820132310316569e-05 8.158505570974965149e-05 8.197212911109928767e-05
1.374770000000000003e+01 7.908655642967514412e-05 7.507759581576284281e-05 7.480604316508951933e-05
1.408660000000000068e+01 7.296987343555104346e-05 7.137895622573735190e-05 7.151264234036132329e-05
1.442549999999999955e+01 6.773921752622046196e-05 6.790026791836667474e-05 6.795677358590658003e-05
1.476440000000000019e+01 6.638805576631114016e-05 6.329154719187766608e-05 6.256640198094174851e-05
1.510330000000000084e+01 5.979011314941777496e-05 6.084345048410012336e-05 6.101583904957015651e-05
1.544209999999999994e+01 5.587587247770243998e-05 5.784215519064015045e-05 5.809263032648521964e-05
1.585510000000000019e+01 5.340679533518171622e-05 5.378320801484605374e-05 5.370512059301212000e-05
1.630699999999999861e+01 4.766197069924170009e-05 5.093338884262214492e-05 5.164186122274021311e-05
1.675890000000000057e+01 4.595724400902833587e-05 4.711597143108508726e-05 4.727843373444197514e-05
1.721079999999999899e+01 4.342877828994008916e-05 4.387303493896821394e-05 4.401749911086093309e-05
1.766280000000000072e+01 3.875485963500195744e-05 4.186708623440976745e-05 4.240518628111821431e-05
1.811469999999999914e+01 3.771293851367521618e-05 3.889810186688250255e-05 3.877199430017466415e-05
1.856660000000000110e+01 3.569235266183829321e-05 3.628486508725284332e-05 3.633922620174365490e-05
1.901849999999999952e+01 3.362192358491175126e-05 3.393570483705340019e-05 3.419259629794853950e-05
1.947040000000000148e+01 3.111728281606658666e-05 3.217701138738882826e-05 3.244197059709244047e-05
1.992229999999999990e+01 2.899967952282250328e-05 3.043903648082511984e-05 3.070391568261841451e-05
2.037430000000000163e+01 2.751458576896897605e-05 2.859152389555582444e-05 2.883818603567570924e-05
2.085219999999999985e+01 2.631872562930725931e-05 2.676199787705485511e-05 2.681549284826538606e-05
2.145479999999999876e+01 2.384026461783070143e-05 2.523844154772493875e-05 2.522949896808083075e-05
2.205750000000000099e+01 2.248834702536392190e-05 2.334157442088444662e-05 2.349085451488400319e-05
2.266009999999999991e+01 2.087192937683875644e-05 2.185016941124574261e-05 2.194539631197877605e-05
2.326269999999999882e+01 2.008875421801201727e-05 2.014288213892965687e-05 2.021731769576747611e-05
2.386540000000000106e+01 1.815139253215672141e-05 1.919320750302474279e-05 1.920248272456354539e-05
2.446799999999999997e+01 1.722209158662091539e-05 1.775630762876199663e-05 1.798405670858982926e-05
2.507069999999999865e+01 1.625487808936548501e-05 1.663585909899231255e-05 1.674801359433417776e-05
2.567330000000000112e+01 1.545471560695145399e-05 1.552529653339812862e-05 1.557999607080798584e-05
2.627590000000000003e+01 1.447403766071005127e-05 1.458848091063515333e-05 1.467099329405781449e-05
2.687859999999999872e+01 1.311514477574068745e-05 1.411099144558742271e-05 1.399872161202022837e-05
2.748120000000000118e+01 1.243421791081745059e-05 1.298618514760134922e-05 1.323438368177327360e-05
2.822250000000000014e+01 1.181171542094573045e-05 1.211185280659844756e-05 1.210580468116109014e-05
2.902609999999999957e+01 1.115833644470221575e-05 1.122647939763456459e-05 1.119559419074874526e-05
2.982979999999999876e+01 9.865507193859266615e-06 1.063915918531364888e-05 1.077123005387815459e-05
3.063340000000000174e+01 9.234601152961238832e-06 9.755624239625155817e-06 1.025757179921821912e-05
3.143700000000000117e+01 8.882154150563560847e-06 9.161536959531404965e-06 9.206064834012946008e-06
3.224069999999999681e+01 8.575106869703599458e-06 8.466858494771030148e-06 8.439344370346044770e-06
3.304429999999999978e+01 7.678147208287546886e-06 8.182478400969806566e-06 7.882599003174962715e-06
3.384790000000000276e+01 7.461171137278937732e-06 7.467198847674410176e-06 7.409686807610164071e-06
3.465160000000000196e+01 6.878979854219002585e-06 7.025374802408972466e-06 7.029123290646202874e-06
3.545519999999999783e+01 6.332344240219444947e-06 6.643110811173365955e-06 6.662486295521907078e-06
3.625880000000000081e+01 6.104921250259837935e-06 6.172515850295187051e-06 6.168081842120536453e-06
3.711789999999999878e+01 5.566143309277756752e-06 5.838780545149270870e-06 5.883180781714791104e-06
3.818959999999999866e+01 5.300494663553078765e-06 5.388881538631817894e-06 5.382184923871656567e-06
3.926129999999999853e+01 4.712185081975330435e-06 5.126286866739836640e-06 5.117048896399048878e-06
4.033290000000000219e+01 4.685037603597797066e-06 4.612682167144565768e-06 4.634218003968884364e-06
4.140460000000000207e+01 4.368337016062364264e-06 4.304206833610395579e-06 4.329427543537499227e-06
4.247630000000000194e+01 3.898490568864815252e-06 4.147079070067606950e-06 4.094408030355690140e-06
4.354789999999999850e+01 3.759560538031003705e-06 3.763874465483932466e-06 3.829733177029577874e-06
4.461959999999999837e+01 3.469248312178852368e-06 3.573746563257012886e-06 3.572093489995267587e-06
4.569129999999999825e+01 3.222072220706178626e-06 3.350090526636592752e-06 3.374990648579539773e-06
4.676290000000000191e+01 3.109101918643715801e-06 3.112602711026129960e-06 3.106062264925286207e-06
4.783460000000000178e+01 2.832811845294871110e-06 2.957053518774424623e-06 2.965791803926548654e-06
4.890630000000000166e+01 2.688032163588578870e-06 2.764887583599247380e-06 2.756155694867109721e-06
5.023669999999999902e+01 2.531554587097353041e-06 2.556602214790583278e-06 2.548668634970896467e-06
5.166579999999999728e+01 2.305641014721783367e-06 2.391511509285795296e-06 2.400879177092878772e-06
5.309490000000000265e+01 2.191242028425074879e-06 2.190221452306019564e-06 2.216453372320739747e-06
5.452400000000000091e+01 1.953910611446803630e-06 2.101017291136412138e-06 2.067178744341011079e-06
5.595309999999999917e+01 1.951957567017834311e-06 1.914085269955924803e-06 1.898421606111800227e-06
5.738219999999999743e+01 1.718530174195598668e-06 1.832074599627664199e-06 1.826458083031693742e-06
5.881130000000000280e+01 1.646561762366699443e-06 1.700527905222726644e-06 1.687375378561241465e-06
6.024040000000000106e+01 1.547692731234939640e-06 1.570052282645907012e-06 1.565897055575669767e-06
6.166949999999999932e+01 1.438237113005768403e-06 1.485335950170009211e-06 1.483306377972488267e-06
6.309859999999999758e+01 1.351858134817892569e-06 1.398744675419628812e-06 1.394049431405701643e-06
6.452760000000000673e+01 1.255693083204051828e-06 1.306715997280485036e-06 1.307995034097104702e-06
6.607179999999999609e+01 1.168642721874683688e-06 1.224829059795103651e-06 1.226867646423480697e-06
6.797750000000000625e+01 1.091230444987738388e-06 1.131848556869938694e-06 1.149717308613893987e-06
6.988320000000000221e+01 1.032087377604815075e-06 1.007873090845838972e-06 1.060195770943481134e-06
7.178889999999999816e+01 9.176213981095268885e-07 9.965909831054364623e-07 9.999064983362293184e-07
7.369469999999999743e+01 8.941784698701883751e-07 9.000002372970036046e-07 9.487700056617205182e-07
7.560039999999999338e+01 8.410718305987639585e-07 8.576145819718495079e-07 8.433399123160355943e-07
7.750610000000000355e+01 7.787034861634950382e-07 7.909934768147799184e-07 7.981351856277144938e-07
7.941179999999999950e+01 6.984625579639623318e-07 7.563317105695622181e-07 7.552806203536104175e-07
8.131749999999999545e+01 6.588006024621916900e-07 7.005003011436854142e-07 7.087747166628316248e-07
8.322329999999999472e+01 6.273974483347594648e-07 6.495146210752421266e-07 6.587250758810126780e-07
8.512900000000000489e+01 6.162613198181700953e-07 6.038143330242167248e-07 6.173963194308791991e-07
8.703470000000000084e+01 5.474471919946286731e-07 5.864696623408355508e-07 5.771375257508833922e-07
8.942260000000000275e+01 5.089633746054580220e-07 5.332883514289351882e-07 5.395691704685701167e-07
9.196389999999999532e+01 4.819365312353532418e-07 5.020793290086709782e-07 4.915354742765994686e-07
9.450520000000000209e+01 4.311197074577481532e-07 4.280625309868377489e-07 4.673730943166066046e-07
9.704659999999999798e+01 4.008938864804772686e-07 4.309650635846070375e-07 4.430533890697914370e-07
9.958790000000000475e+01 3.857873577555299468e-07 4.031280398750748904e-07 4.025711684550931069e-07
1.021290000000000049e+02 3.651136838479744089e-07 3.739693844801636500e-07 3.776265290930662455e-07
1.046710000000000065e+02 3.394085660944455295e-07 3.495801570255311857e-07 3.508252859473414159e-07
1.072120000000000033e+02 3.164439469838884978e-07 3.230571851402614976e-07 3.311551259539461405e-07
1.097530000000000001e+02 2.980960883935667116e-07 3.012070302999340041e-07 3.102469695184503171e-07
1.122939999999999969e+02 2.767249244871306335e-07 2.803886586745500272e-07 3.110147248050099626e-07
1.148359999999999985e+02 2.590452249122398925e-07 2.598864318348547347e-07 2.751532815065212712e-07
1.176110000000000042e+02 2.413137012873244416e-07 2.463706575038606749e-07 2.587503309209401620e-07
1.210000000000000000e+02 2.286285100674743249e-07 2.127503527962619005e-07 2.466396924569450372e-07
1.243889999999999958e+02 2.133936281161113943e-07 2.130789994326371604e-07 2.139203556512516211e-07
1.277780000000000058e+02 1.947622938376185579e-07 2.054580042418918579e-07 1.950209652432168173e-07
1.311670000000000016e+02 1.824652713930301333e-07 1.966014810146484546e-07 1.748093318323214906e-07
1.345550000000000068e+02 1.640618111777877220e-07 1.801095063410212589e-07 1.714881024811911119e-07
1.379439999999999884e+02 1.503243424752235600e-07 1.630103565155984274e-07 1.678503879954102350e-07
1.413329999999999984e+02 1.398610611952398441e-07 1.509782089944178750e-07 1.579261451703423796e-07
1.447220000000000084e+02 1.337534007671717049e-07 1.426122193610891996e-07 1.392496263426174415e-07
1.481109999999999900e+02 1.262443750049954686e-07 1.329195179306767063e-07 1.322330860209614031e-07
1.515000000000000000e+02 1.131977835752976434e-07 1.249383740973483951e-07 1.279834694473540149e-07
1.548890000000000100e+02 1.096135119045090604e-07 1.176062428026065246e-07 1.152950719328844420e-07
1.591740000000000066e+02 1.043284557725986853e-07 1.067051132773393669e-07 1.067666184700620025e-07
1.636930000000000121e+02 9.389930377707738279e-08 1.015093655261415560e-07 9.915973389678109157e-08
1.682129999999999939e+02 8.495085246553250730e-08 9.214111251680628723e-08 9.609335805766123905e-08
1.727319999999999993e+02 7.842381646400309564e-08 8.623225400714725978e-08 8.929242168884972466e-08
1.772510000000000048e+02 7.560852605525177391e-08 7.980618798051878528e-08 8.070985044422947115e-08
1.817700000000000102e+02 6.837559262957912055e-08 7.773508300497071780e-08 7.366162028545019528e-08
1.862889999999999873e+02 6.512931369275043308e-08 6.790990504298459615e-08 7.169102966426499789e-08
1.908079999999999927e+02 6.079176757785027839e-08 6.488277621737912837e-08 6.508488420477063145e-08
1.953280000000000030e+02 5.645722105164790166e-08 6.143495071108067628e-08 6.014335959727142905e-08
1.998470000000000084e+02 5.315736415003827554e-08 5.455951559348967627e-08 5.846564745130821245e-08
2.043660000000000139e+02 4.896224573516717266e-08 5.366146220392330273e-08 5.250899046965590742e-08
2.093530000000000086e+02 4.644311302463284372e-08 4.830586211123466777e-08 4.979277395213250917e-08
2.153789999999999907e+02 4.263389894770979151e-08 4.659437077293374305e-08 4.448097299935648763e-08
2.214060000000000059e+02 3.885613988701381752e-08 4.216917024789923996e-08 4.281769986508695822e-08
2.274319999999999879e+02 3.573854525458137430e-08 4.033372116547182640e-08 3.878792550392215038e-08
2.334590000000000032e+02 3.326018939498145439e-08 3.576586707846017691e-08 3.757602340671441954e-08
2.394850000000000136e+02 3.018387655918234042e-08 3.274209761382739694e-08 3.605434206699027700e-08
2.455109999999999957e+02 2.865095654289186641e-08 3.034334974925586231e-08 3.310316666785228118e-08
2.515380000000000109e+02 2.679809615420691108e-08 2.889055531816337345e-08 2.989851841929049436e-08
2.575640000000000214e+02 2.450805768283762722e-08 2.781792092618759946e-08 2.747415379097478232e-08
2.635910000000000082e+02 2.421943123507362445e-08 2.507038112654418901e-08 2.494789443874415278e-08
2.696170000000000186e+02 2.085551857414743314e-08 2.382544138171084311e-08 2.462653684414173636e-08
2.756440000000000055e+02 1.990370441531376590e-08 2.195141832561225320e-08 2.278460573907399076e-08
2.833330000000000268e+02 1.909421621991138370e-08 2.012481379453032453e-08 2.057479493755830420e-08
2.913700000000000045e+02 1.688425560181297767e-08 1.877084871901748402e-08 1.962321359916954542e-08
2.994060000000000059e+02 1.670113773720993670e-08 1.716736295636235880e-08 1.724568856242771391e-08
3.074420000000000073e+02 1.395428111108698864e-08 1.581384523575159855e-08 1.761657235716142205e-08
3.154789999999999850e+02 1.422029436533765039e-08 1.511673354317248024e-08 1.479356508069938020e-08
3.235149999999999864e+02 1.292667034243137732e-08 1.390649773538607233e-08 1.393316511971418341e-08
3.315509999999999877e+02 1.131082831049003589e-08 1.313503427694039904e-08 1.341951309005153917e-08
3.395880000000000223e+02 1.156584745334387364e-08 1.170166587792328452e-08 1.192360464473285000e-08
3.476240000000000236e+02 1.009166747274575559e-08 1.136500519731486373e-08 1.092638678655827757e-08
3.556610000000000014e+02 8.774013599357648645e-09 1.073172267275149506e-08 1.093826324789085697e-08
3.636970000000000027e+02 9.113548231053137407e-09 9.532962435756266337e-09 9.672025557190601216e-09
3.726580000000000155e+02 8.380559707627569085e-09 8.797507406897879549e-09 9.119855957474555732e-09
3.833740000000000236e+02 6.798387821656366249e-09 8.491193006557022710e-09 8.977786339786613980e-09
3.940910000000000082e+02 7.088501511426853037e-09 7.581300840626603675e-09 7.749656575946546952e-09
4.048079999999999927e+02 6.777620995294012660e-09 6.970389478166459168e-09 6.986077362539529017e-09
4.155240000000000009e+02 5.381696904284055226e-09 6.859405713094394692e-09 6.934478753021554126e-09
4.262409999999999854e+02 5.237755894089603704e-09 6.110265157293510305e-09 6.430679564616888810e-09
4.369569999999999936e+02 5.547547820484163439e-09 5.404020588892080967e-09 5.526089798623758227e-09
4.476739999999999782e+02 4.795784881744991250e-09 5.290672388552838407e-09 5.196284585702171932e-09
4.583910000000000196e+02 3.907147030668935895e-09 5.132934215964267431e-09 5.132670913366799152e-09
4.691070000000000277e+02 3.867292824339647926e-09 4.563890795556262801e-09 4.736963428104091205e-09
4.798240000000000123e+02 4.109699723544415963e-09 3.973053017900648958e-09 4.145471978554937273e-09
4.905409999999999968e+02 3.775458407174183377e-09 3.930127807825608024e-09 3.655940089000209830e-09
5.043389999999999986e+02 2.969058744988748457e-09 3.797303872982706356e-09 3.710630382028546791e-09
5.186299999999999955e+02 2.661118259906823183e-09 3.454155006061588266e-09 3.534414134031590203e-09
5.329199999999999591e+02 2.913768857129483767e-09 2.932187076778869570e-09 3.068357477291648013e-09
5.472110000000000127e+02 2.822349814964614436e-09 2.700261333749986776e-09 2.710874147285400280e-09
5.615019999999999527e+02 2.303308988121767542e-09 2.787820990752910196e-09 2.520350126725323733e-09
5.757930000000000064e+02 1.874572062175100522e-09 2.391785719973825968e-09 2.734981892374998020e-09
5.900839999999999463e+02 1.799950866722649741e-09 2.275342855238258336e-09 2.438639961409626187e-09
6.043750000000000000e+02 1.969386971851941489e-09 1.858192723033121472e-09 2.210421041114938534e-09
6.186660000000000537e+02 1.997743720642658328e-09 1.783146468046951901e-09 1.813879176910390470e-09
6.329569999999999936e+02 1.657493615928797999e-09 1.762521342959375956e-09 1.762581953111826921e-09
6.472480000000000473e+02 1.325211641916998600e-09 1.780548391735126605e-09 1.703560383947875289e-09
6.633460000000000036e+02 1.140921965881085069e-09 1.637267957465778218e-09 1.667523891853137282e-09
6.824039999999999964e+02 1.219007174983630345e-09 1.401994966487816603e-09 1.471249824928553523e-09
7.014610000000000127e+02 1.295737734557327322e-09 1.214641727758484582e-09 1.260000086308549952e-09
7.205180000000000291e+02 1.178322262702899772e-09 1.150979232544175925e-09 1.149139289552924766e-09
7.395750000000000455e+02 9.380663812483237520e-10 1.144837247063324055e-09 1.124868495208352404e-09
7.586319999999999482e+02 7.522419014466502439e-10 1.099864035712542322e-09 1.113659391720807641e-09
7.776900000000000546e+02 6.995652376935755934e-10 1.016940614990724157e-09 1.024414122915700747e-09
7.967469999999999573e+02 7.270951158879077212e-10 8.749742584189348169e-10 9.325298267331576547e-10
8.158039999999999736e+02 7.828724442950098253e-10 7.690330654505335217e-10 7.985943574007369340e-10
8.348609999999999900e+02 7.644219999359465968e-10 6.913249898344669377e-10 7.140867217495868062e-10
8.539180000000000064e+02 6.875355762735550039e-10 6.613831997995224716e-10 6.592871810469227509e-10
8.729759999999999991e+02 5.741230896093589836e-10 6.521940941648929719e-10 6.330886389457482522e-10
8.977309999999999945e+02 4.444795504119279429e-10 6.404838051516959681e-10 6.231146381963765381e-10
9.231449999999999818e+02 3.690612760568125251e-10 6.064497503075260364e-10 5.979036289156617690e-10
9.485579999999999927e+02 3.664156607264063506e-10 5.331963552611814259e-10 5.478489066332842575e-10
9.739710000000000036e+02 3.957754982617204382e-10 4.557859626244086259e-10 4.834259074738710940e-10
9.993840000000000146e+02 4.192828951333148343e-10 3.914949638916054315e-10 4.203818251190799001e-10
1.024799999999999955e+03 4.102476722684501511e-10 3.564103045929317820e-10 3.683355556746182033e-10
1.050210000000000036e+03 3.689465146269969528e-10 3.383052511494213610e-10 3.416611007275818899e-10
1.075619999999999891e+03 3.070672959282993081e-10 3.353810161056834397e-10 3.261048794780174614e-10
1.101039999999999964e+03 2.436355620930650651e-10 3.370158652469182990e-10 3.140535805720167864e-10
1.126450000000000045e+03 1.944281207745385489e-10 3.250693965818712406e-10 3.065154739795903037e-10
1.151859999999999900e+03 1.669953049736792316e-10 2.968290395871076395e-10 3.000531474632131826e-10
1.180779999999999973e+03 1.596297304276699880e-10 2.693610639003610106e-10 2.748416593367691242e-10
1.214670000000000073e+03 1.740104278463865795e-10 2.291770733038392983e-10 2.433191650193742201e-10
1.248559999999999945e+03 1.875830039698897103e-10 1.940727362176625593e-10 2.127890535508478350e-10
1.282450000000000045e+03 1.908783532853808948e-10 1.709240701023760084e-10 1.845758978250432302e-10
1.316339999999999918e+03 1.805158481487952856e-10 1.589783984014035796e-10 1.642172968906012407e-10
1.350230000000000018e+03 1.581815256010588351e-10 1.508307832708657237e-10 1.549959722464755329e-10
1.384119999999999891e+03 1.332169111494071849e-10 1.508775891814191367e-10 1.436130665068273986e-10
1.418009999999999991e+03 1.037259980822197659e-10 1.482595667998479626e-10 1.420405647519191425e-10
1.451900000000000091e+03 8.688218642278508754e-11 1.453489005035853395e-10 1.316371665890696191e-10
1.485789999999999964e+03 6.819362132735782819e-11 1.270869658148620805e-10 1.403393362360201241e-10
1.519670000000000073e+03 5.959125361501426941e-11 1.194900381201013792e-10 1.305721434172844149e-10
1.553559999999999945e+03 5.832104656040508897e-11 1.103691711244984327e-10 1.166452480541365179e-10
1.597980000000000018e+03 6.114025109004916056e-11 9.446365151090575007e-11 1.065973053061651104e-10
1.643170000000000073e+03 6.698733023601724969e-11 8.471164162152013925e-11 8.899233823510265674e-11
1.688359999999999900e+03 6.907970177959576580e-11 7.380530097689971147e-11 7.826771621112056271e-11
1.733549999999999955e+03 6.943396318959446831e-11 6.270513381728177844e-11 7.123274182883577009e-11
1.778740000000000009e+03 6.687039012814809012e-11 5.806024397100780712e-11 6.221835010968412028e-11
1.823930000000000064e+03 6.150991588836239208e-11 5.538236930364630384e-11 5.521414208682334165e-11
1.869130000000000109e+03 5.468371307806927063e-11 5.516711047292615668e-11 4.883027555503661235e-11
1.914319999999999936e+03 4.667721934961244622e-11 5.539253014150710778e-11 4.410602427256846700e-11
1.959509999999999991e+03 3.872315112266399559e-11 4.717198071268282419e-11 4.880014597325572804e-11
2.004700000000000045e+03 3.342938318930798670e-11 4.061822359099483993e-11 4.995515087643480389e-11
2.049889999999999873e+03 2.693820802361310392e-11 5.245461559850225297e-11 3.496002459069504785e-11
2.101840000000000146e+03 2.065671244096808612e-11 4.448102220841221992e-11 3.995869283198130185e-11
2.162110000000000127e+03 1.672518419754410281e-11 3.930412697109362454e-11 4.034764964933109547e-11
2.222369999999999891e+03 1.516136649622768770e-11 3.058859823304296358e-11 4.271503286983943830e-11
2.282630000000000109e+03 1.565655454053866349e-11 2.981606627322902415e-11 3.566868792877961033e-11
2.342900000000000091e+03 1.391274818136800574e-11 3.459885432023141909e-11 2.615847281456866090e-11
2.403159999999999854e+03 1.360932268116414785e-11 2.302810941155792103e-11 3.201928459696746892e-11
2.463429999999999836e+03 1.447365887619623332e-11 2.612279588715821262e-11 2.256486812572004364e-11
2.523690000000000055e+03 1.433229202494403088e-11 1.874138465174456684e-11 2.498371904230897842e-11
2.583960000000000036e+03 1.415876911080644559e-11 1.942077975038283137e-11 1.991928353135333188e-11
2.644219999999999800e+03 1.463039153684138561e-11 1.686510619623613883e-11 1.773978634957051817e-11
2.704480000000000018e+03 1.425403013381186305e-11 1.432042617606530848e-11 1.669465375381652319e-11
2.764750000000000000e+03 1.379443498006315341e-11 1.309839983022447104e-11 1.482345990925596432e-11
2.844420000000000073e+03 1.334827457074854474e-11 1.166537488676448255e-11 1.318966715593803583e-11
2.924780000000000200e+03 1.273556325000764553e-11 1.097396732985040820e-11 1.130655127947569623e-11
3.005150000000000091e+03 1.191830756580342266e-11 9.629853618485733239e-12 1.057577396125670245e-11
3.085510000000000218e+03 1.082109420200295271e-11 8.893976485770964344e-12 9.778855989041724007e-12
3.165869999999999891e+03 9.872054894647531681e-12 8.633413108842726585e-12 8.549865873602452345e-12
3.246239999999999782e+03 8.964053055900459549e-12 8.190715936686422366e-12 7.746740344105720545e-12
3.326599999999999909e+03 7.981175614102734348e-12 7.657413824420910533e-12 7.247318028840893956e-12
3.406960000000000036e+03 7.016947160431688477e-12 7.186625589638446789e-12 6.837610064577952438e-12
3.487329999999999927e+03 6.117558449000369951e-12 6.758337059238180043e-12 6.448852097609374452e-12
3.567690000000000055e+03 5.328623741413095931e-12 6.358444177056984626e-12 6.103807212276395093e-12
3.648050000000000182e+03 4.638971398497245848e-12 5.969049700855780266e-12 5.744816080950956145e-12
3.741360000000000127e+03 3.942124528848011045e-12 5.606974792922788720e-12 5.450378000785796240e-12
3.848519999999999982e+03 3.238892421863467161e-12 5.273175656592048140e-12 5.225136796958134436e-12
3.955690000000000055e+03 2.673428690745948306e-12 4.946429375303046180e-12 4.948380207354672124e-12
4.062860000000000127e+03 2.243087897129940846e-12 4.620923401687204504e-12 4.683534467613679507e-12
4.170020000000000437e+03 1.922810138609578419e-12 4.298481567770262699e-12 4.373694694764643448e-12
4.277189999999999600e+03 1.707727632701917333e-12 4.049607312095033508e-12 3.970291051381458103e-12
4.384359999999999673e+03 1.540868891596603745e-12 3.874125177613663154e-12 3.520423248022438061e-12
4.491520000000000437e+03 1.319038453243873909e-12 3.616283107661841393e-12 3.261865784509685647e-12
4.598689999999999600e+03 1.062534377018024455e-12 3.206909293935874825e-12 3.271543310781360930e-12
4.705859999999999673e+03 9.597753837272065462e-13 2.908095809460206270e-12 3.059482582750519647e-12
4.813020000000000437e+03 9.752398028746631378e-13 2.784994315031468626e-12 2.595489157684433770e-12
4.920189999999999600e+03 8.412636095075606969e-13 2.461749656318312366e-12 2.542570738090740810e-12
5.063100000000000364e+03 7.610569692168882809e-13 2.176280062982518653e-12 2.409343952803608900e-12
5.206010000000000218e+03 7.392862327016614023e-13 2.004795950435742212e-12 2.151215217832824785e-12
5.348920000000000073e+03 7.611824240258376929e-13 1.874495191119452553e-12 1.850453351023282570e-12
5.491819999999999709e+03 7.436671000083315251e-13 1.627724969836778501e-12 1.742801156266681610e-12
5.634729999999999563e+03 6.954048641294554604e-13 1.434291084241095756e-12 1.638202273027063902e-12
5.777640000000000327e+03 6.981969586816206532e-13 1.357493504575260071e-12 1.408370042411387722e-12
5.920550000000000182e+03 6.864285860504099273e-13 1.165400661856521985e-12 1.327974691343398917e-12
6.063460000000000036e+03 6.583311925379124831e-13 1.075061233932959882e-12 1.186390888911900233e-12
6.206369999999999891e+03 6.478472322593825191e-13 9.517595324007248650e-13 1.077457346048458674e-12
6.349279999999999745e+03 6.235137713319644018e-13 8.669766856478851680e-13 9.708216363914067606e-13
6.492189999999999600e+03 6.029275619101228267e-13 7.637877941041438271e-13 8.925459912575828155e-13
6.659750000000000000e+03 5.839938199374529101e-13 7.093746518766941804e-13 7.762305833371561648e-13
6.850319999999999709e+03 5.615776743810288730e-13 5.912282803030146284e-13 7.361533685612448709e-13
7.040890000000000327e+03 5.422252524008019490e-13 5.771635043405543695e-13 6.143270741684480089e-13
7.231470000000000255e+03 5.196063892490724753e-13 4.738055984880371924e-13 5.945146889078524543e-13
7.422039999999999964e+03 4.932820163864870498e-13 4.651261029468976040e-13 4.971295241382801051e-13
7.612609999999999673e+03 4.696099379358270654e-13 3.765159024899645509e-13 4.889131610000209410e-13
7.803180000000000291e+03 4.412402323749419831e-13 3.989117305812695631e-13 3.824710447013488152e-13
7.993750000000000000e+03 4.184814118415415713e-13 2.745683439323956106e-13 4.311380276367551201e-13
8.184329999999999927e+03 3.890808315303532588e-13 3.651944517504411270e-13 2.771856793371539053e-13
8.374899999999999636e+03 3.694162187687183373e-13 2.083066734007072711e-13 3.688201947505701679e-13
8.565469999999999345e+03 3.377174973967079901e-13 2.754553615022539458e-13 2.539248587358194770e-13
8.758229999999999563e+03 3.192648806539783371e-13 2.495874839187537622e-13 2.277126406127924779e-13
9.012370000000000800e+03 2.935700978037020740e-13 1.680295554692852771e-13 2.662795007246583474e-13
9.266500000000000000e+03 2.723888538402711717e-13 2.426534585956879304e-13 1.507646411077803081e-13
9.520629999999999200e+03 2.545714907802070799e-13 9.863819214008924576e-14 2.563749627109827390e-13
9.774760000000000218e+03 2.256502618489712731e-13 2.246394548902872634e-13 1.068171182471221463e-13
1.002889999999999964e+04 2.199631072735294597e-13 1.132908127705304235e-13 1.786057528011136854e-13
1.028300000000000000e+04 1.923318206456496575e-13 1.033054348042835198e-13 1.734943412266542739e-13
1.053720000000000073e+04 1.764500022275541680e-13 1.907728161024961818e-13 6.299054083331847637e-14
1.079129999999999927e+04 1.712803727651964280e-13 7.139113787600163904e-14 1.511431865647196925e-13
1.104539999999999964e+04 1.468991876296281438e-13 7.293564685380724702e-14 1.421911571921221489e-13
1.129960000000000036e+04 1.323228605365854603e-13 1.577110973698962369e-13 4.188024155697676437e-14
1.155370000000000073e+04 1.315009227972937583e-13 8.723637599737985697e-14 8.566041774938875911e-14
1.185460000000000036e+04 1.139832340321580053e-13 3.202143352859621049e-14 1.325519145653714327e-13
1.219350000000000000e+04 9.674602638278791356e-14 1.246882602495952441e-13 3.232150018334637270e-14
1.253239999999999964e+04 9.917473739162172372e-14 7.063484831096463556e-14 6.291831331381657297e-14
1.287129999999999927e+04 8.491609606362131822e-14 1.888507484168632482e-14 1.091461900319345902e-13
1.321010000000000036e+04 6.963236211543907104e-14 8.920250362758818714e-14 3.618121792831702228e-14
1.354900000000000000e+04 7.112138633995734200e-14 8.681629464079090645e-14 2.076775431188688418e-14
1.388789999999999964e+04 6.756573544423562190e-14 1.831429048030493296e-14 7.751125858145276612e-14
1.422679999999999927e+04 5.343261154852700503e-14 2.461083028364304559e-14 7.207058638727403056e-14
1.456570000000000073e+04 4.569569476745981813e-14 7.394628363818595750e-14 1.795132085130063188e-14
1.490460000000000036e+04 4.752946693705437934e-14 6.741076807819772479e-14 1.091801171208864392e-14
1.524350000000000000e+04 4.655598790163550330e-14 2.087017790956201006e-14 4.820733513546942727e-14
1.559020000000000073e+04 3.772777190476887969e-14 6.285313544844184708e-15 6.187979652727644279e-14
1.604210000000000036e+04 2.877446509854244462e-14 4.545664220108245108e-14 2.242620264806137684e-14
1.649400000000000000e+04 3.018727269874608099e-14 5.517681485114436783e-14 2.959777883730661008e-15
1.694590000000000146e+04 3.104483206371000381e-14 1.894759099852249717e-14 3.078840635127243772e-14
1.739779999999999927e+04 2.462175678999223223e-14 2.915769705827377927e-15 4.614253821518764565e-14
1.784979999999999927e+04 1.810291279320235958e-14 2.417486162240849158e-14 2.535879462392198093e-14
1.830170000000000073e+04 1.721153555419147006e-14 4.222597650703219851e-14 2.486547542817154224e-15
1.875359999999999854e+04 1.918354516644140189e-14 3.231982403133316539e-14 5.219627569482891046e-15
1.920550000000000000e+04 1.867858347581330224e-14 1.031445283425555165e-14 2.283936171715403136e-14
1.965740000000000146e+04 1.492058045281196637e-14 1.105233165572599852e-15 3.157725945777912382e-14
2.010929999999999927e+04 1.073304845240473580e-14 9.508646691135667239e-15 2.335563018850248996e-14
2.056129999999999927e+04 8.838097535075657511e-15 2.262136656585839272e-14 8.482674752271397354e-15
2.110150000000000000e+04 9.610344385473425290e-15 2.697381564772078852e-14 -2.467709957697183895e-16
2.170420000000000073e+04 1.093782119163628181e-14 1.552107503203103942e-14 6.822466442502178887e-15
2.230679999999999927e+04 9.780153432320282447e-15 2.736325203925606264e-15 1.786164106346415672e-14
2.290950000000000000e+04 6.954776991792243391e-15 1.477423858212247276e-15 1.932264781455131221e-14
2.351209999999999854e+04 4.776598540001320375e-15 9.229945506470884849e-15 1.137227912032787863e-14
2.411470000000000073e+04 4.345993680805952731e-15 1.619270950787912032e-14 2.601019234688431841e-15
2.471740000000000146e+04 5.090703802922372867e-15 1.648223646744352508e-14 -3.295676896998743884e-16
2.532000000000000000e+04 5.717690842036491634e-15 1.091094611764614737e-14 2.801304475526337428e-15
2.592270000000000073e+04 5.488459895403871605e-15 4.264784599286086216e-15 8.024840092937007681e-15
2.652529999999999927e+04 4.445157231380880840e-15 5.146863223785762210e-16 1.126275366630148124e-14
2.712800000000000000e+04 3.164342984528622394e-15 7.498687422196059236e-16 1.096606361326909313e-14
2.775140000000000146e+04 2.136394364109837516e-15 3.719968798027083131e-15 7.743067329505411332e-15
2.855500000000000000e+04 1.710296340703488082e-15 7.935001036804342981e-15 2.745214229426063775e-15
2.935870000000000073e+04 2.023877948012681923e-15 9.333752401248037334e-15 -5.704417032380689079e-17
3.016229999999999927e+04 2.478421150401722229e-15 7.443305535606086435e-15 3.477162869564836477e-16
3.096590000000000146e+04 2.635394124671776731e-15 4.110970573408898829e-15 2.667578663403021005e-15
3.176959999999999854e+04 2.344996778865959428e-15 1.280183525838457364e-15 4.968364573633074545e-15
3.257320000000000073e+04 1.779917033311856675e-15 8.603973703548021666e-17 5.985141518432739852e-15
3.337680000000000291e+04 1.184939339088758569e-15 5.034837257246666279e-16 5.461109727110965116e-15
3.418050000000000000e+04 7.620733020780969467e-16 1.834480768105758836e-15 3.962251495609001970e-15
3.498409999999999854e+04 5.684609105408016267e-16 3.238059946350937330e-15 2.182128865741702039e-15
3.578780000000000291e+04 5.758847285225334750e-16 4.132186617515712548e-15 7.623642695833994470e-16
3.659140000000000146e+04 6.935158559445140414e-16 4.276403016353434534e-15 5.488815309474948731e-18
3.756140000000000146e+04 8.778745285323575927e-16 3.708137513258076788e-15 -3.411086615021645944e-17
3.863309999999999854e+04 9.948125873822023739e-16 2.488306179142721480e-15 6.570519370549504569e-16
3.970469999999999709e+04 9.650370778102522220e-16 1.235109579299655938e-15 1.569229433773908761e-15
4.077640000000000146e+04 8.134988538932748057e-16 3.677949782251966727e-16 2.253802695209831447e-15
4.184800000000000000e+04 6.035154602763353346e-16 2.624670349305535061e-17 2.502776838672241973e-15
4.291969999999999709e+04 3.969773614970317684e-16 1.327947484377166086e-16 2.314915123918855722e-15
4.399140000000000146e+04 2.417696679603255746e-16 5.051256454937552203e-16 1.857392733876202455e-15
4.506300000000000000e+04 1.498751627610632763e-16 9.476923350784614827e-16 1.277037747967584632e-15
4.613469999999999709e+04 1.185087840814731637e-16 1.315596996235000863e-15 7.315935340336760347e-16
4.720640000000000146e+04 1.306819028466089286e-16 1.523984957283004738e-15 3.126194982313348323e-16
4.827800000000000000e+04 1.674223365406622005e-16 1.570261861847875767e-15 6.019184691624676157e-17
4.939900000000000000e+04 2.122434162130313646e-16 1.462316106068996236e-15 -3.784246804159730009e-17
5.082809999999999854e+04 2.632551792446514761e-16 1.200697543084173406e-15 2.282397405468945706e-17
5.225719999999999709e+04 2.862323126715790184e-16 8.552502288849835689e-16 2.025178751914637630e-16
5.368630000000000291e+04 2.828247315724674199e-16 5.303173577968162022e-16 4.158558951337708576e-16
5.511540000000000146e+04 2.536145326025129831e-16 2.683002758885869171e-16 5.948967308957912576e-16
5.654450000000000000e+04 2.099640805744160387e-16 9.801931634945210166e-17 7.076994417641173601e-16
5.797350000000000000e+04 1.611997560083972527e-16 1.688846620508250410e-17 7.460672443989274484e-16
5.940259999999999854e+04 1.142189928066455123e-16 7.491916518441683454e-18 7.154442454661708148e-16
6.083169999999999709e+04 7.533649478409645914e-17 4.663260944356717751e-17 6.427378072422317790e-16
6.226080000000000291e+04 4.537740296250680342e-17 1.112104572811083335e-16 5.382844803994842153e-16
6.368990000000000146e+04 2.509046885946734366e-17 1.816529929466279558e-16 4.221125466761711635e-16
6.511900000000000000e+04 1.369956585919602166e-17 2.468175072575631649e-16 3.131993573524433788e-16
6.686039999999999418e+04 9.233966229416432904e-18 3.104201787651990725e-16 1.999357177621790881e-16
6.876610000000000582e+04 1.226962595435613921e-17 3.536230327070417329e-16 1.048131480604819472e-16
7.067180000000000291e+04 1.975922417813253254e-17 3.664155793169502437e-16 4.059794447537944096e-17
7.257750000000000000e+04 2.866842176536427147e-17 3.534497009801070767e-16 5.070025982545054635e-18
7.448319999999999709e+04 3.666866583599164630e-17 3.198967456635540737e-16 -7.202682392472703736e-18
7.638900000000000000e+04 4.310771549848422991e-17 2.784712566202575235e-16 -2.945153991004074882e-18
7.829469999999999709e+04 4.682414850629110615e-17 2.302818549105363971e-16 1.157398258815198011e-17
8.020039999999999418e+04 4.806706833897676577e-17 1.825737427412117672e-16 3.093406890020005195e-17
8.210610000000000582e+04 4.690817414912605146e-17 1.380718945901773400e-16 5.084331199265549698e-17
8.401180000000000291e+04 4.443732545230181418e-17 1.006968771408823359e-16 6.922630388072398230e-17
8.591760000000000582e+04 4.049521934843525964e-17 6.941949722504772683e-17 8.368914367241870163e-17
8.793289999999999418e+04 3.579219047262747157e-17 4.413440884805237512e-17 9.487115223849685342e-17
9.047419999999999709e+04 3.022386093172296431e-17 2.250364163030196890e-17 1.049764199881268526e-16
9.301550000000000000e+04 2.429464000952539900e-17 9.102769009058799781e-18 1.078078706824809261e-16
9.555680000000000291e+04 1.898841684365962537e-17 2.434835623155758834e-18 1.065910886755625044e-16
9.809810000000000582e+04 1.412025580978421035e-17 5.389605334624105223e-19 1.004555052881067495e-16
1.006390000000000000e+05 1.005111636344540015e-17 1.856989695696250695e-18 9.186534843621362790e-17
