1.017789999999999928e+01 1.141623256304427988e-04 1.133159016659141959e-04 1.124871946309323380e-04
1.043200000000000038e+01 1.070373195542192795e-04 1.066520579942268200e-04 1.073973804168151976e-04
1.068609999999999971e+01 1.029912567820065640e-04 1.007598563685249232e-04 1.007033045425802692e-04
1.094030000000000058e+01 9.414497758413169909e-05 9.540352917179258801e-05 9.651541278579079861e-05
1.119439999999999991e+01 9.179478447088421653e-05 9.095558588470606506e-05 9.037199686870263566e-05
1.144849999999999923e+01 8.950945449327427344e-05 8.517879973148928692e-05 8.455125393942128668e-05
1.171439999999999948e+01 8.315008223646153877e-05 8.100525440840094973e-05 8.109069466298843884e-05
1.205320000000000036e+01 7.769644396838880905e-05 7.600363614774968191e-05 7.573404947155141153e-05
1.239209999999999923e+01 7.272846183973794715e-05 7.113553613961100816e-05 7.109925334617157454e-05
1.273099999999999987e+01 6.678259612832385399e-05 6.752983574435803341e-05 6.726710838583961497e-05
1.306990000000000052e+01 6.365610683538647295e-05 6.264928172570526728e-05 6.298871236229248668e-05
1.340879999999999939e+01 5.867076365306164292e-05 5.951570951697806330e-05 5.970914288020238699e-05
1.374770000000000003e+01 5.663899779371406920e-05 5.544548284098050424e-05 5.536107575918537731e-05
1.408660000000000068e+01 5.458492516865273844e-05 5.162521491245151755e-05 5.157060584614139853e-05
1.442549999999999955e+01 5.026718824248638235e-05 4.942674802772391377e-05 4.910616887144169242e-05
1.476440000000000019e+01 4.616124062744337978e-05 4.703866458194824924e-05 4.731344187813071720e-05
1.510330000000000084e+01 4.665809340935643469e-05 4.339039735886109582e-05 4.274300410561463219e-05
1.544209999999999994e+01 4.281060476696536626e-05 4.149024006376997390e-05 4.132092986554429536e-05
1.585510000000000019e+01 3.868949300069020683e-05 3.945165181393562242e-05 3.960872116569435900e-05
1.630699999999999861e+01 3.719233854221695723e-05 3.658520046659828032e-05 3.612285764922471465e-05
1.675890000000000057e+01 3.356246670308889624e-05 3.451157239810476027e-05 3.465023197216083570e-05
1.721079999999999899e+01 3.263460342386405099e-05 3.190081260497450969e-05 3.161610996748947730e-05
1.766280000000000072e+01 3.052380206348193406e-05 2.987277940164312736e-05 2.972871495456900148e-05
1.811469999999999914e+01 2.780108787281553067e-05 2.825577622532237756e-05 2.847087244267746225e-05
1.856660000000000110e+01 2.609749230737128223e-05 2.655732132784494395e-05 2.673276962535609468e-05
1.901849999999999952e+01 2.482809313729388774e-05 2.493100966624342790e-05 2.487104113378027362e-05
1.947040000000000148e+01 2.407556579252962084e-05 2.317302611312203379e-05 2.298781232283921480e-05
1.992229999999999990e+01 2.147929182961615571e-05 2.229878207523715753e-05 2.237698469220101210e-05
2.037430000000000163e+01 2.042726910445202571e-05 2.098141296314417443e-05 2.095076409322217705e-05
2.085219999999999985e+01 1.933950823187915750e-05 1.965995218874626611e-05 1.969014869263566411e-05
2.145479999999999876e+01 1.819223507415980212e-05 1.822637656716072187e-05 1.824347174849122439e-05
2.205750000000000099e+01 1.647854145559456037e-05 1.719691255306102931e-05 1.730897179700546746e-05
2.266009999999999991e+01 1.580434672238750180e-05 1.580855823718141387e-05 1.599773906380653893e-05
2.326269999999999882e+01 1.459241768990489921e-05 1.500770459409887653e-05 1.498652088308397659e-05
2.386540000000000106e+01 1.325175195980351898e-05 1.415652467876764463e-05 1.425453754526408856e-05
2.446799999999999997e+01 1.265971541513874973e-05 1.323453181817021645e-05 1.318201470171028459e-05
2.507069999999999865e+01 1.230038421098261339e-05 1.225128899308525398e-05 1.212681380029562526e-05
2.567330000000000112e+01 1.148998001835618692e-05 1.146972229947346194e-05 1.144767548810238904e-05
2.627590000000000003e+01 1.075747512633344437e-05 1.089415185811923374e-05 1.069469645697261842e-05
2.687859999999999872e+01 9.743389889131544030e-06 1.032091591936534181e-05 1.036912113217355659e-05
2.748120000000000118e+01 9.729833960674011168e-06 9.486222857373275693e-06 9.417124280558742739e-06
2.822250000000000014e+01 8.716568310562718857e-06 8.910901681812735897e-06 8.986491631666390555e-06
2.902609999999999957e+01 8.321306549038176827e-06 8.306714874833582890e-06 8.377876775008976011e-06
2.982979999999999876e+01 7.640723129419586140e-06 7.793895205626227875e-06 7.809222744735229725e-06
3.063340000000000174e+01 7.307929155767390606e-06 7.197536145222738590e-06 7.203177460502745284e-06
3.143700000000000117e+01 6.753513897942685543e-06 6.770437387316429274e-06 6.770803363680248835e-06
3.224069999999999681e+01 6.186612334100765836e-06 6.384260902509202178e-06 6.410606311215121593e-06
3.304429999999999978e+01 5.838439811066074046e-06 6.014733705227899257e-06 5.832521053811187029e-06
3.384790000000000276e+01 5.724623769698250272e-06 5.498504219090291291e-06 5.448601097671186235e-06
3.465160000000000196e+01 4.973911588068488581e-06 5.377760804333608273e-06 5.348804999165384414e-06
3.545519999999999783e+01 4.904384369531292469e-06 4.930547178049122289e-06 4.883925379620935923e-06
3.625880000000000081e+01 4.670125819033363077e-06 4.586918207862589292e-06 4.578703824621588557e-06
3.711789999999999878e+01 4.328088076922787823e-06 4.332880073259904097e-06 4.330948966314440939e-06
3.818959999999999866e+01 3.904230401477462612e-06 4.059408835525565747e-06 4.117350946566987229e-06
3.926129999999999853e+01 3.759231910126578770e-06 3.748905788306027542e-06 3.748882065042307035e-06
4.033290000000000219e+01 3.580532870993804145e-06 3.449962793096242455e-06 3.462138230553761596e-06
4.140460000000000207e+01 3.136090531084839654e-06 3.344204259942934427e-06 3.335166587076947312e-06
4.247630000000000194e+01 3.085806193243412364e-06 2.982880813341404276e-06 3.074767098461412786e-06
4.354789999999999850e+01 2.780138807455767808e-06 2.858669656593057196e-06 2.971815080107554270e-06
4.461959999999999837e+01 2.609685042154408950e-06 2.730579381116019600e-06 2.699916692485444498e-06
4.569129999999999825e+01 2.499263256768826031e-06 2.514151050908809278e-06 2.527620403691520825e-06
4.676290000000000191e+01 2.316985847774492642e-06 2.375095012609581280e-06 2.382543905409121548e-06
4.783460000000000178e+01 2.162218353334589663e-06 2.237379943220013148e-06 2.242236844163070498e-06
4.890630000000000166e+01 2.097991359872055744e-06 2.078409957235376365e-06 2.072943637343969800e-06
5.023669999999999902e+01 1.940493371587401341e-06 1.939219497228493383e-06 1.943593929933929012e-06
5.166579999999999728e+01 1.773526778862083861e-06 1.821448292442458347e-06 1.824830775363383297e-06
5.309490000000000265e+01 1.681971970639663312e-06 1.685352919444398788e-06 1.681846624999159507e-06
5.452400000000000091e+01 1.551804599138472912e-06 1.586451873977207710e-06 1.578427535067128458e-06
5.595309999999999917e+01 1.446990889496707913e-06 1.473251475055619350e-06 1.474469337866968157e-06
5.738219999999999743e+01 1.345149950613394554e-06 1.362500196523252010e-06 1.397592617831458950e-06
5.881130000000000280e+01 1.268338724179187349e-06 1.310485220725907397e-06 1.285362847267608857e-06
6.024040000000000106e+01 1.208477324902399745e-06 1.192616242741842964e-06 1.209623005529619364e-06
6.166949999999999932e+01 1.094516791033563140e-06 1.150770230796320940e-06 1.135924453754478163e-06
6.309859999999999758e+01 1.049974409161458380e-06 1.057503335956912352e-06 1.069358317948651673e-06
6.452760000000000673e+01 1.009559231977067181e-06 9.926378692532235426e-07 9.851141378235678417e-07
6.607179999999999609e+01 9.282683937384564332e-07 9.322398840034531329e-07 9.327869193848778719e-07
6.797750000000000625e+01 8.521139753505969340e-07 8.698414127083143605e-07 8.703745034508516103e-07
6.988320000000000221e+01 7.941200661226643412e-07 8.138833378102555851e-07 8.120747521362960958e-07
7.178889999999999816e+01 7.221054149388995858e-07 7.644118471131292211e-07 7.615837880271256982e-07
7.369469999999999743e+01 7.022920206957328446e-07 6.973610995415034071e-07 7.085144017918184821e-07
7.560039999999999338e+01 6.536654016225582536e-07 6.701466854190233816e-07 6.673733307827558346e-07
7.750610000000000355e+01 6.097089014291628568e-07 6.080490935962767186e-07 6.171328456771573313e-07
7.941179999999999950e+01 5.663917782952276386e-07 5.780591132019578948e-07 5.765787030430877708e-07
8.131749999999999545e+01 5.247854131688597897e-07 5.458317197376720999e-07 5.332168557413313678e-07
8.322329999999999472e+01 4.944470237512897273e-07 5.082374857976098313e-07 5.032868218491009365e-07
8.512900000000000489e+01 4.904076010728707093e-07 4.660581524570599302e-07 4.763807446677427344e-07
8.703470000000000084e+01 4.405343471559276821e-07 4.265072431552203528e-07 4.647666446490682194e-07
8.942260000000000275e+01 3.964895370493820077e-07 4.165895772501033134e-07 4.224678354691385468e-07
9.196389999999999532e+01 3.734601992369405703e-07 3.897891963954024907e-07 3.839214497114114065e-07
9.450520000000000209e+01 3.557051049102429675e-07 3.606660194111293822e-07 3.573918544673684825e-07
9.704659999999999798e+01 3.314385155473797112e-07 3.303542680972663426e-07 3.320515936344287036e-07
9.958790000000000475e+01 3.066500510826612399e-07 3.091362352890140225e-07 3.123195476517066513e-07
1.021290000000000049e+02 2.865091430282713698e-07 2.931889862570890790e-07 2.945457448285038041e-07
1.046710000000000065e+02 2.694155711204983917e-07 2.738041003093245474e-07 2.736988261701771235e-07
1.072120000000000033e+02 2.541706298364327642e-07 2.614502534046357583e-07 2.507541706757349642e-07
1.097530000000000001e+02 2.380860614017176720e-07 2.326668165261321552e-07 2.448317924728398289e-07
1.122939999999999969e+02 2.222254012826478189e-07 2.227171562940113880e-07 2.255566456233408586e-07
1.148359999999999985e+02 2.105135496112966967e-07 2.030441685896100811e-07 2.150512381439227571e-07
1.176110000000000042e+02 1.958850447107944318e-07 1.993058953187150336e-07 1.926290615704906199e-07
1.210000000000000000e+02 1.821130022544450891e-07 1.712166990836707190e-07 1.922979383418842880e-07
1.243889999999999958e+02 1.700075479541907882e-07 1.687547393420035922e-07 1.681506458879348091e-07
1.277780000000000058e+02 1.562376721607101027e-07 1.561042191755299823e-07 1.592501946069052632e-07
1.311670000000000016e+02 1.466067364976417089e-07 1.521747936267985721e-07 1.404419257155598288e-07
1.345550000000000068e+02 1.343326492189728001e-07 1.425824901130176506e-07 1.324861622680096068e-07
1.379439999999999884e+02 1.228817830064630815e-07 1.344248112502994174e-07 1.249241410232375245e-07
1.413329999999999984e+02 1.157477277858603081e-07 1.204768326405220532e-07 1.208265315736176933e-07
1.447220000000000084e+02 1.109891911715145568e-07 1.124809981446345741e-07 1.095089145829298846e-07
1.481109999999999900e+02 1.034709289620407820e-07 9.995608048224969604e-08 1.087548884566660882e-07
1.515000000000000000e+02 9.687141290166046444e-08 9.892866690409134120e-08 9.671283627424823926e-08
1.548890000000000100e+02 9.154011150566948791e-08 8.929865752344239066e-08 9.326292521088816058e-08
1.591740000000000066e+02 8.436230239727161597e-08 8.522403140365703441e-08 8.494514819907142182e-08
1.636930000000000121e+02 7.705124099016279124e-08 7.934692894156500644e-08 7.968812286827223003e-08
1.682129999999999939e+02 7.050983434067279418e-08 7.480687067960766815e-08 7.385635841971958031e-08
1.727319999999999993e+02 6.531028816248232638e-08 6.769652086547826079e-08 7.085510985203944785e-08
1.772510000000000048e+02 6.245688501560437953e-08 6.348599048171645846e-08 6.379354178267916707e-08
1.817700000000000102e+02 5.768931397872580349e-08 6.035444498675800164e-08 5.873558607451621248e-08
1.862889999999999873e+02 5.441876363079090151e-08 5.454685429811826027e-08 5.589775135109085400e-08
1.908079999999999927e+02 5.090699967541005988e-08 5.163266647819133460e-08 5.129545334349327338e-08
1.953280000000000030e+02 4.764857204049967725e-08 4.833155020574888986e-08 4.775855335375144947e-08
1.998470000000000084e+02 4.472527678790077031e-08 4.397090845286295009e-08 4.566414363923629716e-08
2.043660000000000139e+02 4.146313816127781585e-08 4.253400212264240622e-08 4.164608163607978598e-08
2.093530000000000086e+02 3.931360997430575047e-08 3.841041792375137000e-08 3.947644012594289723e-08
2.153789999999999907e+02 3.594505689594291918e-08 3.782167082210977056e-08 3.472560676194732588e-08
2.214060000000000059e+02 3.317231520311016807e-08 3.300714052167843101e-08 3.438363160321141333e-08
2.274319999999999879e+02 3.062253707037244054e-08 3.128076201337477354e-08 3.142448575689772596e-08
2.334590000000000032e+02 2.830828988177361373e-08 2.895726821723740697e-08 2.944211386098899246e-08
2.394850000000000136e+02 2.593598018073033636e-08 2.659678807447414943e-08 2.807755351279552452e-08
2.455109999999999957e+02 2.434456154922588036e-08 2.452270415393977998e-08 2.619614684083435221e-08
2.515380000000000109e+02 2.230457124209859876e-08 2.325361616504645856e-08 2.437169103285495771e-08
2.575640000000000214e+02 2.093494846781337698e-08 2.277030234641417635e-08 2.149543612177245578e-08
2.635910000000000082e+02 1.947963992766517710e-08 2.126486463970604122e-08 2.007075565662879106e-08
2.696170000000000186e+02 1.884530998079183441e-08 1.902942573780150837e-08 1.891725541740666465e-08
2.756440000000000055e+02 1.778945382723987192e-08 1.765242337979310341e-08 1.763144794874266615e-08
2.833330000000000268e+02 1.595320358987172863e-08 1.673156215157376647e-08 1.643217960495450963e-08
2.913700000000000045e+02 1.475079071066354294e-08 1.532009501742447825e-08 1.537078773591198934e-08
2.994060000000000059e+02 1.393268782673434455e-08 1.406477759522927631e-08 1.407431401083638863e-08
3.074420000000000073e+02 1.236879970879933440e-08 1.280982611619737699e-08 1.384770199180329720e-08
3.154789999999999850e+02 1.189861834626120929e-08 1.231614176251727977e-08 1.205758355744641712e-08
3.235149999999999864e+02 1.106793899698099986e-08 1.124840789746640223e-08 1.133607481857457103e-08
3.315509999999999877e+02 9.926997864423834839e-09 1.053973737582665187e-08 1.081409819414951527e-08
3.395880000000000223e+02 9.679040535604693958e-09 9.767351668502572286e-09 9.673697340692738888e-09
3.476240000000000236e+02 8.893186069895034962e-09 9.142240006671533061e-09 8.952305071811490629e-09
3.556610000000000014e+02 8.014278345230357525e-09 8.624388390934657738e-09 8.627112514234988768e-09
3.636970000000000027e+02 7.740135953837364960e-09 7.860283776215811195e-09 7.946401677653528297e-09
3.726580000000000155e+02 7.261002471091571619e-09 7.316436147458696048e-09 7.310632827049737928e-09
3.833740000000000236e+02 6.395700135139021383e-09 6.907409307612896402e-09 6.909675912768086556e-09
3.940910000000000082e+02 6.117711142478286544e-09 6.264917343515405575e-09 6.305830401046309910e-09
4.048079999999999927e+02 5.750780373704021789e-09 5.781601920815072594e-09 5.765930571240909076e-09
4.155240000000000009e+02 5.001853191359033338e-09 5.512059928654836807e-09 5.505680992786132923e-09
4.262409999999999854e+02 4.695829325540641214e-09 5.008388397066412867e-09 5.160006241174488989e-09
4.369569999999999936e+02 4.617545387824780909e-09 4.567384584242934580e-09 4.606824695132286805e-09
4.476739999999999782e+02 4.110862848795091173e-09 4.362040432685717740e-09 4.335445959959192854e-09
4.583910000000000196e+02 3.554238225310318642e-09 4.249214463755305751e-09 4.172755280782293281e-09
4.691070000000000277e+02 3.424613879570032078e-09 3.778629234481183028e-09 3.865059457252786737e-09
4.798240000000000123e+02 3.454416722687916801e-09 3.377103663705384939e-09 3.454596727140050075e-09
4.905409999999999968e+02 3.191478042470965280e-09 3.265687389711443291e-09 3.126040971225593469e-09
5.043389999999999986e+02 2.640942546497941213e-09 3.109961270410253825e-09 3.093851106763805785e-09
5.186299999999999955e+02 2.372273810003692465e-09 2.861777343560961000e-09 2.923339133851347980e-09
5.329199999999999591e+02 2.475473586676806025e-09 2.494605633044093418e-09 2.569468444759101659e-09
5.472110000000000127e+02 2.383860214859483420e-09 2.278275884999491580e-09 2.309273493909026306e-09
5.615019999999999527e+02 2.038568035007478495e-09 2.315122999205889953e-09 2.098402980050632708e-09
5.757930000000000064e+02 1.729803533057739279e-09 2.002166695734514655e-09 2.244688194567747211e-09
5.900839999999999463e+02 1.628453198994240898e-09 1.910913520831851636e-09 1.998525849587459432e-09
6.043750000000000000e+02 1.682443605877103097e-09 1.617299973355704302e-09 1.838986292541593797e-09
6.186660000000000537e+02 1.666997866700480716e-09 1.540251892461485059e-09 1.561751560647635095e-09
6.329569999999999936e+02 1.443338206283299240e-09 1.490168492034747601e-09 1.492888210593954029e-09
6.472480000000000473e+02 1.233255656786603127e-09 1.460235464617626536e-09 1.419834395131770990e-09
6.633460000000000036e+02 1.100798044496503062e-09 1.346167340490849653e-09 1.361057031966248079e-09
6.824039999999999964e+02 1.099232974798911830e-09 1.187167980386572564e-09 1.221759596146516255e-09
7.014610000000000127e+02 1.097786360468308002e-09 1.058409636436926457e-09 1.077679151753705289e-09
7.205180000000000291e+02 1.004187719470354186e-09 9.920381276061175548e-10 1.004009764118475087e-09
7.395750000000000455e+02 8.543263415667505119e-10 9.574988637013126474e-10 9.473552707887997897e-10
7.586319999999999482e+02 7.310714517652186126e-10 9.088924708258148267e-10 9.128504647940070152e-10
7.776900000000000546e+02 6.741001374905594094e-10 8.386734444965560645e-10 8.495848744431269978e-10
7.967469999999999573e+02 6.638190824877582296e-10 7.522099188169177801e-10 7.715134772502843975e-10
8.158039999999999736e+02 6.761138332763182243e-10 6.626217947627857621e-10 6.926133650396739058e-10
8.348609999999999900e+02 6.512466768215178573e-10 6.025332471094760675e-10 6.248107132838065244e-10
8.539180000000000064e+02 5.983688622002257361e-10 5.716083041702640729e-10 5.717821447828704718e-10
8.729759999999999991e+02 5.193767481696806228e-10 5.529999605450076756e-10 5.433338338593919129e-10
8.977309999999999945e+02 4.249783368884106780e-10 5.330454284100861182e-10 5.282937401736235104e-10
9.231449999999999818e+02 3.580388500720982323e-10 5.132633946662151181e-10 4.982669203974628769e-10
9.485579999999999927e+02 3.433505332688468043e-10 4.587388725867219797e-10 4.596421036894450702e-10
9.739710000000000036e+02 3.528503082002747195e-10 3.989436381700987982e-10 4.127256401442906940e-10
9.993840000000000146e+02 3.639821013982545950e-10 3.459805709895628196e-10 3.652369732430627330e-10
1.024799999999999955e+03 3.544908853079088281e-10 3.147172035338994298e-10 3.237095290730061778e-10
1.050210000000000036e+03 3.215115720890321499e-10 2.965680099651761791e-10 3.004182809768606736e-10
1.075619999999999891e+03 2.727582304337087567e-10 2.917681940336077235e-10 2.849815063851324607e-10
1.101039999999999964e+03 2.212117123852164190e-10 2.904908541288756557e-10 2.734546120576240087e-10
1.126450000000000045e+03 1.820034019075421755e-10 2.788367260499350070e-10 2.664907263827485099e-10
1.151859999999999900e+03 1.586432513681614989e-10 2.557383002464222369e-10 2.593474420953125563e-10
1.180779999999999973e+03 1.507535118734576072e-10 2.311233128265601994e-10 2.399091363710499784e-10
1.214670000000000073e+03 1.592128872739841953e-10 2.025614189125163909e-10 2.098954296014274732e-10
1.248559999999999945e+03 1.686868973127161992e-10 1.721925484137519420e-10 1.852841966851324509e-10
1.282450000000000045e+03 1.688967724288648205e-10 1.522119533573218815e-10 1.633047141419107067e-10
1.316339999999999918e+03 1.581377184264756319e-10 1.424278485841197333e-10 1.463530742152619877e-10
1.350230000000000018e+03 1.382657260549001381e-10 1.344063721698611031e-10 1.396273923626565377e-10
1.384119999999999891e+03 1.175790737360444867e-10 1.350106613639115395e-10 1.280459813908434725e-10
1.418009999999999991e+03 9.177336257700404871e-11 1.322229050841545897e-10 1.273991705241016554e-10
1.451900000000000091e+03 7.882503532898872637e-11 1.295810649931608392e-10 1.165329371402391084e-10
1.485789999999999964e+03 6.228300481871720361e-11 1.117737507671850723e-10 1.262808827168700107e-10
1.519670000000000073e+03 5.490172143243994683e-11 1.057297140325509103e-10 1.170685832880862039e-10
1.553559999999999945e+03 5.411133018490280991e-11 9.828494354995848696e-11 1.042409567752692157e-10
1.597980000000000018e+03 5.645109284652812785e-11 8.410653436705151929e-11 9.537358285150144393e-11
1.643170000000000073e+03 6.142937072879001153e-11 7.592626098573632674e-11 7.947137393004213305e-11
1.688359999999999900e+03 6.281261994344784679e-11 6.649417004576848287e-11 7.016678411902146083e-11
1.733549999999999955e+03 6.284732681039700389e-11 5.663554104276056114e-11 6.419621210467334060e-11
1.778740000000000009e+03 6.041818202576836325e-11 5.261561405423970264e-11 5.623480888197797986e-11
1.823930000000000064e+03 5.561495893513168430e-11 5.031931638474917415e-11 5.005038584760348892e-11
1.869130000000000109e+03 4.951937440860992405e-11 5.015906990252255896e-11 4.432846409070449230e-11
1.914319999999999936e+03 4.240936327356866131e-11 5.037874512735768123e-11 4.012914633771346755e-11
1.959509999999999991e+03 3.532946090856812228e-11 4.296700304889384134e-11 4.443688001600032178e-11
2.004700000000000045e+03 3.061787175257153092e-11 3.714388455020502008e-11 4.553071336370385909e-11
2.049889999999999873e+03 2.476175029767758315e-11 4.782812478743676260e-11 3.211122759376264188e-11
2.101840000000000146e+03 1.904647052604030768e-11 4.076568075595752406e-11 3.660489430688921210e-11
2.162110000000000127e+03 1.540653880056097105e-11 3.617963005767596732e-11 3.693934724563841894e-11
2.222369999999999891e+03 1.387312789067515810e-11 2.849156131825246053e-11 3.900214993302387866e-11
2.282630000000000109e+03 1.420006709967278548e-11 2.771762508270734148e-11 3.286935450364550538e-11
2.342900000000000091e+03 1.263810176089937345e-11 3.175460272398150840e-11 2.451109846386341494e-11
2.403159999999999854e+03 1.232771792961045868e-11 2.170672361926211940e-11 2.944023135745620284e-11
2.463429999999999836e+03 1.312476734507744465e-11 2.410588680402042913e-11 2.128126776654228077e-11
2.523690000000000055e+03 1.303673969489263740e-11 1.772540122484001192e-11 2.316416955622451995e-11
2.583960000000000036e+03 1.298888964521691434e-11 1.809215925287513430e-11 1.870802997982973007e-11
2.644219999999999800e+03 1.345331040562048141e-11 1.573311634926504460e-11 1.675752472788990145e-11
2.704480000000000018e+03 1.320422528136260286e-11 1.347821820838327888e-11 1.569790880683174548e-11
2.764750000000000000e+03 1.287794216761425011e-11 1.231174336503492581e-11 1.396546007841707199e-11
2.844420000000000073e+03 1.254731654316252659e-11 1.095729295371348816e-11 1.241261611239200916e-11
2.924780000000000200e+03 1.204048847955506679e-11 1.022511958009668073e-11 1.071220262955342918e-11
3.005150000000000091e+03 1.130632863038552130e-11 9.051844467151092879e-12 9.952191640992644890e-12
3.085510000000000218e+03 1.035550094644518586e-11 8.416939167559069140e-12 9.111874635038287757e-12
3.165869999999999891e+03 9.499885805794180292e-12 8.082329428177962508e-12 8.066377771103235877e-12
3.246239999999999782e+03 8.620691420433044668e-12 7.617824008486097032e-12 7.411592037837145864e-12
3.326599999999999909e+03 7.670167285135211263e-12 7.145124504966119288e-12 6.979448921343788080e-12
3.406960000000000036e+03 6.742431752672372343e-12 6.746554542235564133e-12 6.606634549817989865e-12
3.487329999999999927e+03 5.881979407116845907e-12 6.379556495895481262e-12 6.260303153404799087e-12
3.567690000000000055e+03 5.125549664043756830e-12 6.026647534034795582e-12 5.949099495424715276e-12
3.648050000000000182e+03 4.474324081052725498e-12 5.701590419351804776e-12 5.601563488547692310e-12
3.741360000000000127e+03 3.784711580344340869e-12 5.390488445061634302e-12 5.338172146099749800e-12
3.848519999999999982e+03 3.067934094519422943e-12 5.095754717396016075e-12 5.154105068773477225e-12
3.955690000000000055e+03 2.503626307624207909e-12 4.813655708099288330e-12 4.901552699170114283e-12
4.062860000000000127e+03 2.076817652091507485e-12 4.517850287467776655e-12 4.651350388490257360e-12
4.170020000000000437e+03 1.767310769980838601e-12 4.227591347875213865e-12 4.350975220437799004e-12
4.277189999999999600e+03 1.567876679201453571e-12 4.018163219733314948e-12 3.939649342592492711e-12
4.384359999999999673e+03 1.415168360045205198e-12 3.883548928162464692e-12 3.477650365199999144e-12
4.491520000000000437e+03 1.196207509473499606e-12 3.644937744382844591e-12 3.240959108456584300e-12
4.598689999999999600e+03 9.337004874136810258e-13 3.223856110760953873e-12 3.300934196010986677e-12
4.705859999999999673e+03 8.415168068987214512e-13 2.933138836092782304e-12 3.103963246593525937e-12
4.813020000000000437e+03 8.791910547544229362e-13 2.839125313026798900e-12 2.622163117121808247e-12
4.920189999999999600e+03 7.482681872525778440e-13 2.509469922901089948e-12 2.597508184448882585e-12
5.063100000000000364e+03 6.756244268860188836e-13 2.217565586126024415e-12 2.474887296960403898e-12
5.206010000000000218e+03 6.664240353356255937e-13 2.050132366586158751e-12 2.210739006381914265e-12
5.348920000000000073e+03 7.041615299506678603e-13 1.925275414259928766e-12 1.898183278973241477e-12
5.491819999999999709e+03 6.977000428457697861e-13 1.669921102730579794e-12 1.796642481536166450e-12
5.634729999999999563e+03 6.573602338725325821e-13 1.473150747267376603e-12 1.697751796361633090e-12
5.777640000000000327e+03 6.713466137752990707e-13 1.400275966899556643e-12 1.458046313396141671e-12
5.920550000000000182e+03 6.693208632920085866e-13 1.201113753135644058e-12 1.381853903937119246e-12
6.063460000000000036e+03 6.486251951766027042e-13 1.112458011020393555e-12 1.237302807963613482e-12
6.206369999999999891e+03 6.472825330526445496e-13 9.868333719897884497e-13 1.128428846855442621e-12
6.349279999999999745e+03 6.292522884546972666e-13 9.018786816132769205e-13 1.019573469106289318e-12
6.492189999999999600e+03 6.153139974272985747e-13 7.961298074410448136e-13 9.418535201414400520e-13
6.659750000000000000e+03 6.019594158533145291e-13 7.423185020730405843e-13 8.199056998425241063e-13
6.850319999999999709e+03 5.841555496245870909e-13 6.171261650624817664e-13 7.811435432840467654e-13
7.040890000000000327e+03 5.679346019490287826e-13 6.057127731207628161e-13 6.499697298647979669e-13
7.231470000000000255e+03 5.484252369737804442e-13 4.950303548462179203e-13 6.325722374447222609e-13
7.422039999999999964e+03 5.239389990297540125e-13 4.900562485967696680e-13 5.278986650973017231e-13
7.612609999999999673e+03 5.023341343688783433e-13 3.943730178021814672e-13 5.230027851968874289e-13
7.803180000000000291e+03 4.749444129378871377e-13 4.240530650274678770e-13 4.073858681004222766e-13
7.993750000000000000e+03 4.533346732720139657e-13 2.871984241805214746e-13 4.653055540689305333e-13
8.184329999999999927e+03 4.237836668688618736e-13 3.925731614205263929e-13 2.954803352906585047e-13
8.374899999999999636e+03 4.052825772121180836e-13 2.190194766920294061e-13 4.013477940750836367e-13
8.565469999999999345e+03 3.729308685892645332e-13 2.971073861314647546e-13 2.753221327039172485e-13
8.758229999999999563e+03 3.546374163056128453e-13 2.717295342831087644e-13 2.468198104549776842e-13
9.012370000000000800e+03 3.276242931642976887e-13 1.792390720137988227e-13 2.936971074174696063e-13
9.266500000000000000e+03 3.048363407390206169e-13 2.677119723985911960e-13 1.623467568371690187e-13
9.520629999999999200e+03 2.864355079317636733e-13 1.033722649141588020e-13 2.855711135071635825e-13
9.774760000000000218e+03 2.546316359897120217e-13 2.502704406950633235e-13 1.153194578503190494e-13
1.002889999999999964e+04 2.494297455145324859e-13 1.239055094987624127e-13 1.985765380235735143e-13
1.028300000000000000e+04 2.190279917084150826e-13 1.123345333659210422e-13 1.953476488203484864e-13
1.053720000000000073e+04 2.015504673319593912e-13 2.165964413199898362e-13 6.732911432864059902e-14
1.079129999999999927e+04 1.971665394033023790e-13 7.864268737066239745e-14 1.712902997295055699e-13
1.104539999999999964e+04 1.697493805200059452e-13 8.032434226063786933e-14 1.630587181683173757e-13
1.129960000000000036e+04 1.534524066422446320e-13 1.824993395911346020e-13 4.524026646503252636e-14
1.155370000000000073e+04 1.537470885794502633e-13 1.006673648332728747e-13 9.751729074002716450e-14
1.185460000000000036e+04 1.339052747721568572e-13 3.444234443032685217e-14 1.553709720988111519e-13
1.219350000000000000e+04 1.136869752560889268e-13 1.468341088653556076e-13 3.584421538828012717e-14
1.253239999999999964e+04 1.171696498089158960e-13 8.306595184139595842e-14 7.251046207685443026e-14
1.287129999999999927e+04 1.007269503461293296e-13 2.017992895717342215e-14 1.298252457005517813e-13
1.321010000000000036e+04 8.251790417443009305e-14 1.061913787789842573e-13 4.203619973235443212e-14
1.354900000000000000e+04 8.479880253385310120e-14 1.047704150827342667e-13 2.297507719761666494e-14
1.388789999999999964e+04 8.124443340137110935e-14 2.105814505439950106e-14 9.325730863357968534e-14
1.422679999999999927e+04 6.429768583945318816e-14 2.859230815474599280e-14 8.773806739676037024e-14
1.456570000000000073e+04 5.501726959232569723e-14 9.058876857157931970e-14 2.102807102312957840e-14
1.490460000000000036e+04 5.779839365964763099e-14 8.368964022974490565e-14 1.207968657750133070e-14
1.524350000000000000e+04 5.716397680805512480e-14 2.555529753498283970e-14 5.931308762374956120e-14
1.559020000000000073e+04 4.653001585875517617e-14 6.910765898120627273e-15 7.763033741459336078e-14
1.604210000000000036e+04 3.526949421888134825e-14 5.701337252070763356e-14 2.788103160872768004e-14
1.649400000000000000e+04 3.725789879376633597e-14 7.024381595040521728e-14 2.808414351614791784e-15
1.694590000000000146e+04 3.871061982453148084e-14 2.402508718612288649e-14 3.864581175737183220e-14
1.739779999999999927e+04 3.076126083136745082e-14 3.150106595565233083e-15 5.912938681946572300e-14
1.784979999999999927e+04 2.243153392951659111e-14 3.079679793779740982e-14 3.259337413697180101e-14
1.830170000000000073e+04 2.140026872634577184e-14 5.488491197607231629e-14 2.764768547941282502e-15
1.875359999999999854e+04 2.421469417919814722e-14 4.241497566240300560e-14 6.243186698329659006e-15
1.920550000000000000e+04 2.385539629374840132e-14 1.351647769059240645e-14 2.971950193442130494e-14
1.965740000000000146e+04 1.908521458532446788e-14 1.159629297211181062e-15 4.177815262684716217e-14
2.010929999999999927e+04 1.363588956614830702e-14 1.241012772666694433e-14 3.120273232737128281e-14
2.056129999999999927e+04 1.119041157416447013e-14 3.038023196036160267e-14 1.130865201792030794e-14
2.110150000000000000e+04 1.236213756455331835e-14 3.672909924874674115e-14 -6.245007730156576168e-16
2.170420000000000073e+04 1.430601300925666048e-14 2.125780217165027061e-14 9.001776304676583580e-15
2.230679999999999927e+04 1.287333912567304707e-14 3.683665440288361983e-15 2.434149585700678323e-14
2.290950000000000000e+04 9.079502459475693529e-15 1.866247194717474215e-15 2.663263274716281140e-14
2.351209999999999854e+04 6.113418470845916975e-15 1.267615521643253171e-14 1.577577341645893330e-14
2.411470000000000073e+04 5.568319342540819063e-15 2.261688618723106320e-14 3.557016499728885273e-15
2.471740000000000146e+04 6.683124499436099739e-15 2.324314437076567240e-14 -6.150035321580888393e-16
2.532000000000000000e+04 7.673811434544729130e-15 1.552935059504968452e-14 3.802136290028268602e-15
2.592270000000000073e+04 7.457646265701970130e-15 6.109183657185054518e-15 1.133259088205074298e-14
2.652529999999999927e+04 6.060269662816914442e-15 6.993404679162441871e-16 1.616298269634853652e-14
2.712800000000000000e+04 4.271458271039101496e-15 1.011161734482207607e-15 1.591208211474323526e-14
2.775140000000000146e+04 2.817464369884350461e-15 5.375318925998683059e-15 1.135015131073428732e-14
2.855500000000000000e+04 2.213425530364143886e-15 1.165654240631373527e-14 4.029995542354303725e-15
2.935870000000000073e+04 2.708491755692860121e-15 1.384323435242237168e-14 -1.355783527528182124e-16
3.016229999999999927e+04 3.434466545187716754e-15 1.114372674456382059e-14 4.442850698427092879e-16
3.096590000000000146e+04 3.717898924772477648e-15 6.197531052351478552e-15 3.928443334094928625e-15
3.176959999999999854e+04 3.331847406176377356e-15 1.939779150906523742e-15 7.452364760220183110e-15
3.257320000000000073e+04 2.515914511727153237e-15 1.117710776275313887e-16 9.079805668864109232e-15
3.337680000000000291e+04 1.638427832277648980e-15 7.388888064968380088e-16 8.373626734759026014e-15
3.418050000000000000e+04 1.005899486841462988e-15 2.800043476852615976e-15 6.126664663660058214e-15
3.498409999999999854e+04 7.221007134206749370e-16 5.022244009456833181e-15 3.404218299849709608e-15
3.578780000000000291e+04 7.505920669964870026e-16 6.488931375648855509e-15 1.193858946310242576e-15
3.659140000000000146e+04 9.582122890441506775e-16 6.801032200416861311e-15 -6.690127189962419352e-18
3.756140000000000146e+04 1.271915882717508988e-15 5.945156985823245285e-15 -7.995265235324664107e-17
3.863309999999999854e+04 1.482207986674801446e-15 4.020662149305472410e-15 1.027686866060756128e-15
3.970469999999999709e+04 1.456948373407740701e-15 2.011440065703694092e-15 2.514566294954270948e-15
4.077640000000000146e+04 1.230979546943761376e-15 6.022186933102979938e-16 3.654791472767313114e-15
4.184800000000000000e+04 9.038179142045396250e-16 3.752487768878274152e-17 4.097604896958338589e-15
4.291969999999999709e+04 5.767845756872183877e-16 2.087695186340869244e-16 3.828418541355488908e-15
4.399140000000000146e+04 3.273848899505039224e-16 8.288238320904076666e-16 3.097231270842231101e-15
4.506300000000000000e+04 1.805529945466502644e-16 1.580747593015556434e-15 2.149486313551017942e-15
4.613469999999999709e+04 1.336508791362134328e-16 2.221655100852040764e-15 1.242903424903821996e-15
4.720640000000000146e+04 1.609324866708104099e-16 2.605382966036765971e-15 5.357545773560392378e-16
4.827800000000000000e+04 2.308991836475318140e-16 2.713798046974638355e-15 1.015820706712418187e-16
4.939900000000000000e+04 3.167469013210140825e-16 2.555726778477279549e-15 -7.130714374050634557e-17
5.082809999999999854e+04 4.134286396789775838e-16 2.113855741854370573e-15 3.225060987487080439e-17
5.225719999999999709e+04 4.625506934771251890e-16 1.518957511248176734e-15 3.494326136752322199e-16
5.368630000000000291e+04 4.635652060278535469e-16 9.482935857379391628e-16 7.311977312629780867e-16
5.511540000000000146e+04 4.188971493505656581e-16 4.839172147326064167e-16 1.058790155660007147e-15
5.654450000000000000e+04 3.469396785770273881e-16 1.781029520442532981e-16 1.272449399133406228e-15
5.797350000000000000e+04 2.640561648353268101e-16 3.001123706757740723e-17 1.354445644753333790e-15
5.940259999999999854e+04 1.829697313397023519e-16 1.162185168852921711e-17 1.312713614091156433e-15
6.083169999999999709e+04 1.146033055017268756e-16 8.332120095954991634e-17 1.190175124087222492e-15
6.226080000000000291e+04 6.170464024916023736e-17 2.045552243934743699e-16 1.007410765629507842e-15
6.368990000000000146e+04 2.593198173722106158e-17 3.401418979075504861e-16 7.994580548670200737e-16
6.511900000000000000e+04 6.043853787803493113e-18 4.684481517802196313e-16 5.996428764212279710e-16
6.686039999999999418e+04 -9.680186938214590537e-19 5.954087812106492201e-16 3.862203258441903599e-16
6.876610000000000582e+04 6.340804769831955248e-18 6.837749339465403212e-16 2.038712881348769451e-16
7.067180000000000291e+04 2.239965215351000395e-17 7.141121528881703371e-16 7.936249488805636410e-17
7.257750000000000000e+04 4.143578785652279126e-17 6.943294393153248282e-16 9.534796842841852633e-18
7.448319999999999709e+04 5.905453399397212424e-17 6.342811256210509807e-16 -1.519695458589166375e-17
7.638900000000000000e+04 7.352757039299970778e-17 5.563645598460439332e-16 -7.190222519484299937e-18
7.829469999999999709e+04 8.287896002067157508e-17 4.643958758755657570e-16 2.172429010766424739e-17
8.020039999999999418e+04 8.731031462116318302e-17 3.717999207195491322e-16 6.112416494209029753e-17
8.210610000000000582e+04 8.696449601972693234e-17 2.843476371942188833e-16 1.026336438523954895e-16
8.401180000000000291e+04 8.362496602582209635e-17 2.095266344275540509e-16 1.417909863689993742e-16
8.591760000000000582e+04 7.722658020822320002e-17 1.462043390622048151e-16 1.738743276768925552e-16
8.793289999999999418e+04 6.893368714277744857e-17 9.404519527919892427e-17 1.996808000998562581e-16
9.047419999999999709e+04 5.822198548123283624e-17 4.827464065353560962e-17 2.227085252383830600e-16
9.301550000000000000e+04 4.662907916332678839e-17 1.963732009853850669e-17 2.308350747136794035e-16
9.555680000000000291e+04 3.598108091559459365e-17 5.150802144349853870e-18 2.298896688006995330e-16
9.809810000000000582e+04 2.617140499178679771e-17 9.109703214370621610e-19 2.186181403721967336e-16
1.006390000000000000e+05 1.788213602670822863e-17 3.710108192276757462e-18 2.017301005129390868e-16
