1.017789999999999928e+01 1.661219161975780682e-04 1.638042199646989677e-04 1.632848925873993146e-04
1.043200000000000038e+01 1.555870701290933958e-04 1.548313657371157455e-04 1.558856367900574003e-04
1.068609999999999971e+01 1.496921854423010983e-04 1.462504995717733847e-04 1.460095928474189201e-04
1.094030000000000058e+01 1.367853350015975063e-04 1.407968636652289862e-04 1.400859486563240395e-04
1.119439999999999991e+01 1.333048757294022122e-04 1.320128269590113419e-04 1.311355693085728834e-04
1.144849999999999923e+01 1.299746712700476983e-04 1.235645455198581795e-04 1.226378124382161879e-04
1.171439999999999948e+01 1.206935219653309881e-04 1.174799734536993267e-04 1.178810871505849716e-04
1.205320000000000036e+01 1.127114924837479680e-04 1.102285451775594576e-04 1.097348906278972411e-04
1.239209999999999923e+01 1.055497682575137872e-04 1.030739750981426322e-04 1.029659381490532620e-04
1.273099999999999987e+01 9.691674277962320048e-05 9.781161707051061764e-05 9.742232330242094388e-05
1.306990000000000052e+01 9.231797075284867453e-05 9.072823596735907204e-05 9.118956386732488591e-05
1.340879999999999939e+01 8.505832820074302907e-05 8.614960037287429069e-05 8.640953952684356308e-05
1.374770000000000003e+01 8.216868872317761321e-05 8.017908519133127676e-05 8.004293824175874410e-05
1.408660000000000068e+01 7.920276185477631917e-05 7.464984635035305132e-05 7.455310781618114293e-05
1.442549999999999955e+01 7.279007896059731017e-05 7.143057131701141223e-05 7.103088629489377477e-05
1.476440000000000019e+01 6.687406213804138633e-05 6.795551078376007822e-05 6.833596978060757271e-05
1.510330000000000084e+01 6.748655924690122700e-05 6.268786586356998912e-05 6.174815506738835194e-05
1.544209999999999994e+01 6.196937339541085262e-05 5.991641627069950379e-05 5.961221570329075742e-05
1.585510000000000019e+01 5.602198506721642042e-05 5.690179608991223595e-05 5.716286433931713236e-05
1.630699999999999861e+01 5.375264647768507439e-05 5.274758493872548268e-05 5.208205302017926441e-05
1.675890000000000057e+01 4.852804501766013211e-05 4.973804232890115739e-05 4.991491963563557096e-05
1.721079999999999899e+01 4.713635837838027996e-05 4.594675961283503206e-05 4.552203194347159920e-05
1.766280000000000072e+01 4.409658441040542360e-05 4.298981271284967314e-05 4.277098555234715583e-05
1.811469999999999914e+01 4.013724777748459095e-05 4.064476455458817714e-05 4.091951929564082991e-05
1.856660000000000110e+01 3.762718587062390934e-05 3.818445490124673631e-05 3.842095878766556201e-05
1.901849999999999952e+01 3.579086987032294994e-05 3.582220227225583320e-05 3.571917992272798326e-05
1.947040000000000148e+01 3.471219498893243283e-05 3.322780170079645955e-05 3.298859928300772285e-05
1.992229999999999990e+01 3.095177297154840402e-05 3.195750523795992090e-05 3.206607498086121546e-05
2.037430000000000163e+01 2.941867229496158880e-05 3.007103247756832748e-05 3.001569410988466085e-05
2.085219999999999985e+01 2.781009027313815330e-05 2.816918941068105253e-05 2.819515364817240535e-05
2.145479999999999876e+01 2.612839226362310453e-05 2.609636952391657458e-05 2.611105272255120668e-05
2.205750000000000099e+01 2.365748881422860355e-05 2.460484963981637846e-05 2.475165565475007052e-05
2.266009999999999991e+01 2.271029756871768056e-05 2.258234282231504574e-05 2.284952550494666405e-05
2.326269999999999882e+01 2.083904952431658825e-05 2.142555731386455123e-05 2.139631733257909462e-05
2.386540000000000106e+01 1.900417938730458454e-05 2.022187030136544055e-05 2.032229424565496102e-05
2.446799999999999997e+01 1.810910595498161735e-05 1.887981377455043446e-05 1.877576188240438992e-05
2.507069999999999865e+01 1.760140288612746092e-05 1.742106807236618946e-05 1.724730720147982319e-05
2.567330000000000112e+01 1.643098450830174958e-05 1.630857699977181823e-05 1.628278535421732177e-05
2.627590000000000003e+01 1.535485321268361937e-05 1.548516714220230875e-05 1.520559425461924150e-05
2.687859999999999872e+01 1.390507791869530289e-05 1.464950168869774283e-05 1.467824891853748912e-05
2.748120000000000118e+01 1.386009153338359260e-05 1.346945461138032050e-05 1.335559100080261289e-05
2.822250000000000014e+01 1.246156626585547465e-05 1.262512740722551198e-05 1.280928356317267370e-05
2.902609999999999957e+01 1.181594764024449505e-05 1.176097883094244295e-05 1.177051772645663836e-05
2.982979999999999876e+01 1.085842352241333733e-05 1.101592296217277601e-05 1.103495135541747718e-05
3.063340000000000174e+01 1.038627237363692858e-05 1.015492220576461488e-05 1.055647558527039781e-05
3.143700000000000117e+01 9.572201718543340405e-06 9.552477158846503510e-06 9.541245751510188128e-06
3.224069999999999681e+01 8.761432238323747782e-06 9.025847554937546432e-06 9.031994690851202989e-06
3.304429999999999978e+01 8.257968672222880873e-06 8.460912476726175434e-06 8.297947603257452051e-06
3.384790000000000276e+01 8.078089170816065524e-06 7.790348143107502478e-06 7.652813488430057720e-06
3.465160000000000196e+01 7.016917333245967128e-06 7.536698016796153146e-06 7.486544655081341540e-06
3.545519999999999783e+01 6.913045626267015962e-06 6.902999238416546035e-06 6.838555934794827422e-06
3.625880000000000081e+01 6.568252375729509669e-06 6.419604558224499448e-06 6.415280564959660825e-06
3.711789999999999878e+01 6.081364835697365128e-06 6.053408613739281189e-06 6.045031767824521641e-06
3.818959999999999866e+01 5.483086942757511230e-06 5.662890875879552724e-06 5.739146327327386546e-06
3.926129999999999853e+01 5.264262340073031090e-06 5.225351826677606381e-06 5.223766264764810066e-06
4.033290000000000219e+01 5.011677845170320339e-06 4.820463282746343018e-06 4.807356064577150242e-06
4.140460000000000207e+01 4.365781379211139149e-06 4.645003416901669219e-06 4.628669866878903407e-06
4.247630000000000194e+01 4.311821043465403257e-06 4.182728831980804723e-06 4.262050177588215497e-06
4.354789999999999850e+01 3.876643123848334112e-06 3.992779878891952988e-06 4.056651867443628048e-06
4.461959999999999837e+01 3.632357183180204937e-06 3.772002850669549068e-06 3.732422734076412249e-06
4.569129999999999825e+01 3.463831933532057273e-06 3.475814451116754009e-06 3.490581296199964152e-06
4.676290000000000191e+01 3.209552495223269720e-06 3.273857413346399313e-06 3.278031440105555884e-06
4.783460000000000178e+01 2.998806593829634546e-06 3.075211668992483098e-06 3.079686804287256736e-06
4.890630000000000166e+01 2.882969689454682016e-06 2.852503897746913078e-06 2.842650626527207866e-06
5.023669999999999902e+01 2.674265001268633907e-06 2.653141246939924476e-06 2.663034634554973253e-06
5.166579999999999728e+01 2.438845521749072855e-06 2.493954444631399206e-06 2.493857027021729817e-06
5.309490000000000265e+01 2.315991791938190540e-06 2.302270428647484531e-06 2.295733723700697348e-06
5.452400000000000091e+01 2.131086116743527903e-06 2.159931475493938577e-06 2.154638150415003993e-06
5.595309999999999917e+01 1.988671451577221192e-06 2.009380942695205984e-06 2.001548936462396005e-06
5.738219999999999743e+01 1.831498774595015402e-06 1.868202707117199011e-06 1.880169393377722116e-06
5.881130000000000280e+01 1.718082643033616562e-06 1.775376502965160662e-06 1.742278595789643706e-06
6.024040000000000106e+01 1.643421822280998918e-06 1.611802727654477172e-06 1.639521881346537908e-06
6.166949999999999932e+01 1.472639579854613672e-06 1.553026788486064112e-06 1.539941712572023134e-06
6.309859999999999758e+01 1.417482356883045540e-06 1.425539396047102150e-06 1.435666804199170842e-06
6.452760000000000673e+01 1.347239987546665844e-06 1.330693335121512687e-06 1.316610644828402976e-06
6.607179999999999609e+01 1.250008432117087466e-06 1.253171742392662779e-06 1.242687693893567999e-06
6.797750000000000625e+01 1.149293276813755050e-06 1.165988356267597235e-06 1.155758580344652735e-06
6.988320000000000221e+01 1.070180683340659771e-06 1.081119119137783795e-06 1.082763926423131752e-06
7.178889999999999816e+01 9.720195984440325800e-07 1.016439438498720758e-06 1.016614136391234106e-06
7.369469999999999743e+01 9.393669767139817686e-07 9.236012925526769942e-07 9.349094241592619143e-07
7.560039999999999338e+01 8.752021862120356308e-07 8.859548875775891280e-07 8.707300114314129407e-07
7.750610000000000355e+01 8.131364091032058138e-07 8.057772224066195833e-07 8.183054811340124100e-07
7.941179999999999950e+01 7.538628859582376117e-07 7.608834949505307815e-07 7.607040608471402950e-07
8.131749999999999545e+01 6.964978056780596168e-07 7.189717181066811762e-07 7.051210490507841222e-07
8.322329999999999472e+01 6.546379328955469778e-07 6.701552100735722250e-07 6.612589224206203493e-07
8.512900000000000489e+01 6.472489601601206350e-07 6.118237818796521723e-07 6.254139528787110024e-07
8.703470000000000084e+01 5.802752048243048549e-07 5.726298892189583683e-07 5.956392926984297827e-07
8.942260000000000275e+01 5.217032756882575094e-07 5.468673307347889869e-07 5.502049960908439208e-07
9.196389999999999532e+01 4.899962627724577974e-07 5.117670300896654873e-07 4.981865091510625343e-07
9.450520000000000209e+01 4.649987023352273158e-07 4.856383691204735085e-07 4.652527609742798681e-07
9.704659999999999798e+01 4.326572537114788225e-07 4.377496151417341210e-07 4.330948801662594810e-07
9.958790000000000475e+01 3.997372200778420949e-07 4.037709882062932389e-07 4.023704529604466563e-07
1.021290000000000049e+02 3.722858096028643690e-07 3.801418133714332914e-07 3.808194717304378875e-07
1.046710000000000065e+02 3.488379077113973200e-07 3.531332692698366782e-07 3.515365683052332735e-07
1.072120000000000033e+02 3.280227899254151005e-07 3.350379580456024195e-07 3.225877161804900208e-07
1.097530000000000001e+02 3.062517431061599123e-07 3.109370722271916768e-07 3.012038096292003960e-07
1.122939999999999969e+02 2.851449640423366970e-07 2.851628131747147138e-07 2.998567999139970114e-07
1.148359999999999985e+02 2.695420733646326681e-07 2.662200772282096538e-07 2.638572256616555785e-07
1.176110000000000042e+02 2.503491118169781731e-07 2.536972814085180997e-07 2.483401867414208017e-07
1.210000000000000000e+02 2.319179373282471665e-07 2.177907618453407883e-07 2.439788885064121284e-07
1.243889999999999958e+02 2.159272858635609424e-07 2.140945169740977397e-07 2.130408173651378838e-07
1.277780000000000058e+02 1.980102477408019200e-07 1.975832096610179412e-07 2.013111512191133286e-07
1.311670000000000016e+02 1.854803934068774512e-07 1.922411419522223320e-07 1.770987180962050485e-07
1.345550000000000068e+02 1.698749259034371856e-07 1.792679045165533914e-07 1.665824879800095186e-07
1.379439999999999884e+02 1.553181769490618159e-07 1.684399548120504701e-07 1.565293570388878480e-07
1.413329999999999984e+02 1.458057224285787126e-07 1.506786016995658916e-07 1.438731051129283559e-07
1.447220000000000084e+02 1.389789398593652775e-07 1.404257325767532804e-07 1.367868426462986608e-07
1.481109999999999900e+02 1.291786117237942459e-07 1.245477031353748364e-07 1.353593990432384175e-07
1.515000000000000000e+02 1.207867239746874920e-07 1.227516976731992862e-07 1.199616143521132921e-07
1.548890000000000100e+02 1.136177395782244589e-07 1.105502976081877078e-07 1.154108500935878883e-07
1.591740000000000066e+02 1.044213012714340761e-07 1.052934201140971149e-07 1.048957258944688537e-07
1.636930000000000121e+02 9.531748450263250202e-08 9.777534289598837800e-08 9.809271156137915990e-08
1.682129999999999939e+02 8.725994885722672257e-08 9.185419691103742302e-08 9.060920855173590178e-08
1.727319999999999993e+02 8.061981963846885364e-08 8.293313057667174399e-08 8.674791770485942689e-08
1.772510000000000048e+02 7.677987532743143820e-08 7.764914799452953387e-08 7.797055843803904069e-08
1.817700000000000102e+02 7.084687488258346789e-08 7.354929122074057369e-08 7.159293149667600539e-08
1.862889999999999873e+02 6.655690662376504957e-08 6.638247577475616285e-08 6.796905240147884162e-08
1.908079999999999927e+02 6.202881292726814192e-08 6.268092608251732783e-08 6.225332246961823866e-08
1.953280000000000030e+02 5.786515391001849735e-08 5.852405393422556147e-08 5.781176567575594659e-08
1.998470000000000084e+02 5.411526498066160943e-08 5.310896329824158526e-08 5.513359900109683202e-08
2.043660000000000139e+02 5.000112567496064156e-08 5.121425198466261441e-08 5.014438594037675479e-08
2.093530000000000086e+02 4.726532650842730275e-08 4.612910526967907044e-08 4.739813022189364155e-08
2.153789999999999907e+02 4.313075662584787483e-08 4.531537440226657350e-08 4.162021718788557055e-08
2.214060000000000059e+02 3.973809317126862073e-08 3.947348283960771113e-08 4.109390210112368927e-08
2.274319999999999879e+02 3.661039264478483984e-08 3.731282145228041932e-08 3.748097219523564249e-08
2.334590000000000032e+02 3.377594893671956921e-08 3.446580266129035677e-08 3.502375467399008919e-08
2.394850000000000136e+02 3.087807287144886063e-08 3.157433410063886566e-08 3.332289588391228826e-08
2.455109999999999957e+02 2.891098163386936748e-08 2.904675353577642951e-08 3.100579490235421787e-08
2.515380000000000109e+02 2.640591930141949232e-08 2.747492097167590065e-08 2.878411076690461994e-08
2.575640000000000214e+02 2.473625225619687563e-08 2.681315056329615821e-08 2.531677757250697770e-08
2.635910000000000082e+02 2.291915514142114173e-08 2.498173950490198445e-08 2.359283608167688131e-08
2.696170000000000186e+02 2.213315897358920644e-08 2.228943250306503090e-08 2.214418373934576926e-08
2.756440000000000055e+02 2.081400987847145507e-08 2.061997996684158727e-08 2.055908170748696747e-08
2.833330000000000268e+02 1.862740046862300674e-08 1.949685350556056990e-08 1.914842764261642568e-08
2.913700000000000045e+02 1.720606602993857461e-08 1.781463443344942403e-08 1.786410956061200731e-08
2.994060000000000059e+02 1.619362242534067280e-08 1.633291838019258637e-08 1.633790735366674925e-08
3.074420000000000073e+02 1.439010129078976013e-08 1.482962874428843969e-08 1.601254868252180527e-08
3.154789999999999850e+02 1.377341561588420251e-08 1.423913897112819605e-08 1.393568727340498800e-08
3.235149999999999864e+02 1.279633214232922834e-08 1.296528515130369094e-08 1.306807644316708647e-08
3.315509999999999877e+02 1.147186548722605351e-08 1.211427958448483127e-08 1.242094140828912103e-08
3.395880000000000223e+02 1.111820167878989346e-08 1.121408200114190963e-08 1.110385734966820104e-08
3.476240000000000236e+02 1.020340505394242686e-08 1.045777478294933869e-08 1.024657087953345183e-08
3.556610000000000014e+02 9.192394947685126642e-09 9.830718323682490323e-09 9.832203019032390417e-09
3.636970000000000027e+02 8.824663475488237853e-09 8.949835883727886332e-09 9.040185450986281133e-09
3.726580000000000155e+02 8.252223270328644393e-09 8.308901886473473101e-09 8.301469663197886050e-09
3.833740000000000236e+02 7.286578851470258039e-09 7.817632191699794591e-09 7.816615502989951499e-09
3.940910000000000082e+02 6.935857219530970908e-09 7.088459662311141266e-09 7.130545274957891227e-09
4.048079999999999927e+02 6.500212938355192401e-09 6.531035524629499228e-09 6.513970415415311549e-09
4.155240000000000009e+02 5.670238099611517385e-09 6.201111149020088198e-09 6.194272021288397762e-09
4.262409999999999854e+02 5.306375793972582552e-09 5.630059257209065633e-09 5.790228967298353604e-09
4.369569999999999936e+02 5.184050744091285860e-09 5.132558656086145439e-09 5.172632100382570621e-09
4.476739999999999782e+02 4.615229347782462569e-09 4.881958652227577896e-09 4.855817678789962867e-09
4.583910000000000196e+02 3.998913808958520478e-09 4.737652205082449095e-09 4.652537102495263988e-09
4.691070000000000277e+02 3.836384045873863862e-09 4.208606785547913329e-09 4.299236877298224521e-09
4.798240000000000123e+02 3.842686894581966510e-09 3.760294632395605419e-09 3.850326818310430845e-09
4.905409999999999968e+02 3.539636652268787425e-09 3.622845682792922341e-09 3.469215142178292463e-09
5.043389999999999986e+02 2.938993052312367833e-09 3.437538543591627951e-09 3.420110996856005605e-09
5.186299999999999955e+02 2.637749277758563479e-09 3.159063592743570440e-09 3.225045261473867234e-09
5.329199999999999591e+02 2.734845426817676985e-09 2.755690013931864351e-09 2.835036535818460201e-09
5.472110000000000127e+02 2.626917898351083707e-09 2.511961821333156571e-09 2.546799754235760572e-09
5.615019999999999527e+02 2.249472137579591884e-09 2.543905210301421431e-09 2.307669508206987839e-09
5.757930000000000064e+02 1.909428563883613687e-09 2.195690818323072281e-09 2.460914969417315310e-09
5.900839999999999463e+02 1.791085295246837410e-09 2.094188987639038381e-09 2.187312778676445202e-09
6.043750000000000000e+02 1.841341523471100404e-09 1.771349787448941474e-09 2.011069767329558828e-09
6.186660000000000537e+02 1.819349669561366498e-09 1.682703509536543227e-09 1.706235308118091405e-09
6.329569999999999936e+02 1.574176822140603152e-09 1.623052754213012987e-09 1.626309740868784924e-09
6.472480000000000473e+02 1.344488463718156114e-09 1.585387115886654188e-09 1.542134618894390427e-09
6.633460000000000036e+02 1.198409412903839728e-09 1.458884698353038609e-09 1.474729152018322216e-09
6.824039999999999964e+02 1.192977212982629789e-09 1.286173536168759517e-09 1.322884628239811390e-09
7.014610000000000127e+02 1.187796247123962511e-09 1.146131674998086284e-09 1.166381619638659630e-09
7.205180000000000291e+02 1.085108772952946992e-09 1.072521353103324974e-09 1.085468303189944951e-09
7.395750000000000455e+02 9.233612697454528224e-10 1.032778873538692264e-09 1.022153895880255325e-09
7.586319999999999482e+02 7.903972295302906035e-10 9.783564184820488162e-10 9.828592692651010115e-10
7.776900000000000546e+02 7.277667756039760222e-10 9.016993518588862825e-10 9.129420342001750986e-10
7.967469999999999573e+02 7.145120963002659594e-10 8.076830444433645907e-10 8.282646182662897129e-10
8.158039999999999736e+02 7.253256615720004217e-10 7.110049476792208710e-10 7.425847287951941830e-10
8.348609999999999900e+02 6.968912961886757443e-10 6.455018865912578034e-10 6.690191693484666987e-10
8.539180000000000064e+02 6.392457762043795601e-10 6.109545592517240328e-10 6.111485038172569003e-10
8.729759999999999991e+02 5.542588688544511546e-10 5.895262496037954523e-10 5.793652250399137020e-10
8.977309999999999945e+02 4.537639480956759714e-10 5.673053929650121729e-10 5.623997373250480546e-10
9.231449999999999818e+02 3.822876293916026310e-10 5.456663354376991560e-10 5.296907280775303095e-10
9.485579999999999927e+02 3.659221523084462054e-10 4.874154064850552017e-10 4.881393020560327024e-10
9.739710000000000036e+02 3.750689731321982723e-10 4.236877384685596495e-10 4.380171358812902806e-10
9.993840000000000146e+02 3.860429375123125300e-10 3.671809638864408518e-10 3.873805253814548793e-10
1.024799999999999955e+03 3.754249972926284187e-10 3.335767637729562081e-10 3.430469029097884543e-10
1.050210000000000036e+03 3.401953145219334873e-10 3.138110962994732825e-10 3.179533939146399295e-10
1.075619999999999891e+03 2.884620265925036031e-10 3.082051611310641891e-10 3.010816898968355741e-10
1.101039999999999964e+03 2.338598287729411762e-10 3.063684357948630851e-10 2.883425476023208298e-10
1.126450000000000045e+03 1.922623705893798624e-10 2.936272935374717759e-10 2.805016578527452829e-10
1.151859999999999900e+03 1.673135100934506639e-10 2.688810752227252429e-10 2.725858054436474269e-10
1.180779999999999973e+03 1.586977972203363260e-10 2.427844482394883775e-10 2.518168483795619624e-10
1.214670000000000073e+03 1.673228364583581539e-10 2.125747093637752862e-10 2.202994968634332741e-10
1.248559999999999945e+03 1.769869929256751759e-10 1.806621012928878180e-10 1.943404376495157214e-10
1.282450000000000045e+03 1.769994642026057776e-10 1.596038634016920731e-10 1.711708301717224007e-10
1.316339999999999918e+03 1.655761952518327262e-10 1.492003350773288813e-10 1.532917856165167981e-10
1.350230000000000018e+03 1.446709763587706924e-10 1.406540725461682802e-10 1.460948738052730167e-10
1.384119999999999891e+03 1.229494360697784072e-10 1.411058600635724029e-10 1.338522218930155212e-10
1.418009999999999991e+03 9.592949241849483074e-11 1.380284927893297543e-10 1.330122440288595474e-10
1.451900000000000091e+03 8.233193204111227765e-11 1.351113711196717435e-10 1.215356144399997171e-10
1.485789999999999964e+03 6.501061823545615839e-11 1.164265672804367371e-10 1.315232944169844644e-10
1.519670000000000073e+03 5.723290538707546701e-11 1.100024786222442414e-10 1.217890454544178587e-10
1.553559999999999945e+03 5.630862617180247838e-11 1.021349012622903312e-10 1.083180642552472455e-10
1.597980000000000018e+03 5.868848807798760852e-11 8.735557559106356833e-11 9.904644325427118914e-11
1.643170000000000073e+03 6.380512117564361369e-11 7.881853835083786627e-11 8.249055928106051146e-11
1.688359999999999900e+03 6.518634791557640387e-11 6.899247007501644425e-11 7.279304410361298045e-11
1.733549999999999955e+03 6.516932344867920098e-11 5.873165860499045311e-11 6.656078680295005174e-11
1.778740000000000009e+03 6.260197935094243278e-11 5.452788205902403810e-11 5.827121541287107891e-11
1.823930000000000064e+03 5.758162776150429305e-11 5.211123895070066823e-11 5.182838193202175450e-11
1.869130000000000109e+03 5.123193638149116842e-11 5.190530360018733847e-11 4.586937464777544468e-11
1.914319999999999936e+03 4.384240722672673630e-11 5.208973059322057388e-11 4.149086764998404320e-11
1.959509999999999991e+03 3.649409817353630989e-11 4.438561944842925928e-11 4.590775871792991680e-11
2.004700000000000045e+03 3.160045438911495910e-11 3.833430046336221523e-11 4.699581874734682229e-11
2.049889999999999873e+03 2.553108678730229149e-11 4.932214222208819073e-11 3.310767060783622644e-11
2.101840000000000146e+03 1.962221799816586596e-11 4.200515531754363204e-11 3.771811783710410966e-11
2.162110000000000127e+03 1.586578127306113812e-11 3.726111256083150361e-11 3.804741641781683244e-11
2.222369999999999891e+03 1.428163396136697973e-11 2.932482320356324939e-11 4.015645885171711352e-11
2.282630000000000109e+03 1.461323502819583572e-11 2.851699751520205851e-11 3.382200468057699441e-11
2.342900000000000091e+03 1.299836189393681281e-11 3.266105622798926111e-11 2.520332485783149972e-11
2.403159999999999854e+03 1.267259894175787639e-11 2.230707871492672170e-11 3.026466249488937509e-11
2.463429999999999836e+03 1.348444259400365034e-11 2.476620244986872610e-11 2.185863228771996566e-11
2.523690000000000055e+03 1.338572335145375695e-11 1.819522905795293089e-11 2.378447545415435412e-11
2.583960000000000036e+03 1.332728249527928102e-11 1.856369789817938572e-11 1.919449488013820173e-11
2.644219999999999800e+03 1.379502279970183806e-11 1.613220984365307011e-11 1.718141538542134750e-11
2.704480000000000018e+03 1.352975874401738753e-11 1.380910274144316166e-11 1.608486903878006296e-11
2.764750000000000000e+03 1.318529507943340127e-11 1.260457538123440469e-11 1.429877390967753324e-11
2.844420000000000073e+03 1.284200778101751040e-11 1.121353552139423948e-11 1.270394623625557387e-11
2.924780000000000200e+03 1.231855269610079882e-11 1.046106881607311621e-11 1.095852150126275229e-11
3.005150000000000091e+03 1.156276932281190859e-11 9.256256882633712816e-12 1.017759943547443163e-11
3.085510000000000218e+03 1.058532408975592016e-11 8.603139729309317233e-12 9.315062213964262113e-12
3.165869999999999891e+03 9.706133777694715046e-12 8.258514988626080558e-12 8.241732618781477250e-12
3.246239999999999782e+03 8.803758491336300483e-12 7.780842630032304005e-12 7.568436883719174545e-12
3.326599999999999909e+03 7.829130439546916216e-12 7.294455749505061620e-12 7.123479025546749924e-12
3.406960000000000036e+03 6.878441937334079837e-12 6.883889892215691240e-12 6.739511837846107714e-12
3.487329999999999927e+03 5.997112740606404538e-12 6.505831657850482509e-12 6.382701272626251130e-12
3.567690000000000055e+03 5.222555015655211241e-12 6.142379063473093768e-12 6.061890722086621159e-12
3.648050000000000182e+03 4.555820826021831741e-12 5.807389643559789205e-12 5.704411278841830514e-12
3.741360000000000127e+03 3.851448737205883766e-12 5.487691733408764093e-12 5.433471107661777891e-12
3.848519999999999982e+03 3.120759309719317391e-12 5.185716690287622845e-12 5.244119810943391457e-12
3.955690000000000055e+03 2.545614267077464566e-12 4.896669389332949060e-12 4.985266878484444244e-12
4.062860000000000127e+03 2.110666497945150407e-12 4.593831528593592161e-12 4.728894919248566827e-12
4.170020000000000437e+03 1.795240120423188268e-12 4.296766132977803055e-12 4.421695248988411945e-12
4.277189999999999600e+03 1.591843640749069208e-12 4.081882273618907737e-12 4.002038752233621778e-12
4.384359999999999673e+03 1.436049976565518989e-12 3.943054117601245251e-12 3.531238150831211855e-12
4.491520000000000437e+03 1.213190797871216424e-12 3.698879294819818660e-12 3.289205699467703438e-12
4.598689999999999600e+03 9.463820900743759440e-13 3.269955621723087483e-12 3.348015131184226946e-12
4.705859999999999673e+03 8.524170213562457900e-13 2.973395342104174498e-12 3.146442248722982734e-12
4.813020000000000437e+03 8.900395250280070517e-13 2.876192794489271955e-12 2.656630294172843307e-12
4.920189999999999600e+03 7.569376306589540569e-13 2.540681919888656655e-12 2.629840384632379944e-12
5.063100000000000364e+03 6.831966394491564346e-13 2.244263989336404625e-12 2.504615694879278870e-12
5.206010000000000218e+03 6.736577354229570406e-13 2.073884204587753750e-12 2.236366877231578101e-12
5.348920000000000073e+03 7.115620441457845344e-13 1.946630770971791369e-12 1.919392261527954997e-12
5.491819999999999709e+03 7.047479319660631733e-13 1.687656321205650232e-12 1.815827783454752260e-12
5.634729999999999563e+03 6.636949591968630478e-13 1.488077232784208469e-12 1.714988144953009482e-12
5.777640000000000327e+03 6.775019441927859875e-13 1.413673901135546520e-12 1.472116492372619463e-12
5.920550000000000182e+03 6.751162590347395949e-13 1.211935937456859644e-12 1.394396155034750307e-12
6.063460000000000036e+03 6.538777840631022907e-13 1.121813757445451469e-12 1.247801107700307750e-12
6.206369999999999891e+03 6.521465773710640968e-13 9.944955088203085402e-13 1.137299961734372237e-12
6.349279999999999745e+03 6.335809091641265316e-13 9.082746709907579576e-13 1.026909730720090409e-12
6.492189999999999600e+03 6.191323114012142803e-13 8.011984914088722711e-13 9.479622402003286973e-13
6.659750000000000000e+03 6.053547270772573554e-13 7.465742058810644446e-13 8.247225508790900346e-13
6.850319999999999709e+03 5.871858456673112275e-13 6.203342003109537161e-13 7.853202654835849136e-13
7.040890000000000327e+03 5.706028435929366961e-13 6.085350232161120106e-13 6.530907149284619287e-13
7.231470000000000255e+03 5.507227512029924051e-13 4.970302753329203155e-13 6.352551661203052873e-13
7.422039999999999964e+03 5.258389086192737625e-13 4.917612946337820580e-13 5.298044736833078784e-13
7.612609999999999673e+03 5.038676668807920605e-13 3.954588096269034390e-13 5.245771072193716855e-13
7.803180000000000291e+03 4.760937735788993679e-13 4.249793082900866176e-13 4.083182849324582801e-13
7.993750000000000000e+03 4.541408563195752711e-13 2.875707897936276532e-13 4.660710788217639250e-13
8.184329999999999927e+03 4.242338892955785083e-13 3.928638717684505318e-13 2.957201019251518882e-13
8.374899999999999636e+03 4.054181882736250774e-13 2.189606356064251468e-13 4.013842128071398360e-13
8.565469999999999345e+03 3.727612288699175623e-13 2.968095106657385490e-13 2.751170229371336727e-13
8.758229999999999563e+03 3.541750473580315530e-13 2.712573475266874405e-13 2.463800511936781037e-13
9.012370000000000800e+03 3.270135413811978341e-13 1.787390222592626233e-13 2.930581937017302274e-13
9.266500000000000000e+03 3.040647166267386579e-13 2.669297071739381125e-13 1.618209520658206772e-13
9.520629999999999200e+03 2.855334584872976494e-13 1.029071588910716381e-13 2.845723739187799488e-13
9.774760000000000218e+03 2.536427850508629136e-13 2.491879645516837873e-13 1.147808854581309102e-13
1.002889999999999964e+04 2.482815132732028296e-13 1.232469395135397725e-13 1.975507480231058172e-13
1.028300000000000000e+04 2.178553543757834555e-13 1.116022194408140952e-13 1.942338489919062910e-13
1.053720000000000073e+04 2.002930763615752156e-13 2.151856936509324020e-13 6.681287203327582711e-14
1.079129999999999927e+04 1.957755827137377949e-13 7.801356488043589517e-14 1.699893112510706919e-13
1.104539999999999964e+04 1.683972767665164063e-13 7.957337532309310482e-14 1.617120310615566402e-13
1.129960000000000036e+04 1.520673825660568553e-13 1.808175356213245212e-13 4.475190841836775743e-14
1.155370000000000073e+04 1.522067190459989776e-13 9.962734965772694591e-14 9.645077325002479528e-14
1.185460000000000036e+04 1.324475272003256640e-13 3.397401167291907380e-14 1.536510075069138977e-13
1.219350000000000000e+04 1.123409155537919140e-13 1.450913113849581776e-13 3.536276875999237049e-14
1.253239999999999964e+04 1.156916466417193923e-13 8.201629841356566652e-14 7.152960118452214035e-14
1.287129999999999927e+04 9.937108484437640844e-14 1.983967339207998420e-14 1.280805671808344861e-13
1.321010000000000036e+04 8.131440548836002437e-14 1.046540111815117365e-13 4.140279029679547499e-14
1.354900000000000000e+04 8.348145458619725466e-14 1.031982119288038627e-13 2.255529106561322136e-14
1.388789999999999964e+04 7.990953976212793460e-14 2.068780161589527226e-14 9.172259339186561297e-14
1.422679999999999927e+04 6.316285221810889218e-14 2.804973257353183781e-14 8.623301604015497832e-14
1.456570000000000073e+04 5.396900372789313284e-14 8.893225456481745740e-14 2.061220225579299644e-14
1.490460000000000036e+04 5.663331540048415575e-14 8.209130210496621013e-14 1.178690258012378354e-14
1.524350000000000000e+04 5.594908448472434749e-14 2.502123976260580118e-14 5.805900392071493224e-14
1.559020000000000073e+04 4.547419202970471230e-14 6.719241409306500983e-15 7.593759532499538285e-14
1.604210000000000036e+04 3.441508541075061035e-14 5.570413594842304212e-14 2.723496180262940353e-14
1.649400000000000000e+04 3.632102638423813777e-14 6.860172349104146971e-14 2.698382502115470759e-15
1.694590000000000146e+04 3.770836803049399395e-14 2.343448484678721530e-14 3.766183966301974130e-14
1.739779999999999927e+04 2.992425402574479546e-14 3.043284840095312874e-15 5.760648109685055117e-14
1.784979999999999927e+04 2.177798049514443850e-14 2.995233006804011581e-14 3.171798450748278380e-14
1.830170000000000073e+04 2.074604735715000177e-14 5.335576723244655994e-14 2.666348448511014699e-15
1.875359999999999854e+04 2.345559795199749751e-14 4.119130365003423295e-14 6.029997744675461222e-15
1.920550000000000000e+04 2.308163461552382995e-14 1.310575663465105685e-14 2.879249410239840087e-14
1.965740000000000146e+04 1.843279756190970102e-14 1.108147361419109249e-15 4.044253350407473541e-14
2.010929999999999927e+04 1.313528034340595968e-14 1.198011236049028820e-14 3.016504698080014902e-14
2.056129999999999927e+04 1.075146444363016095e-14 2.931613430551091934e-14 1.090997340299187118e-14
2.110150000000000000e+04 1.186717337318367390e-14 3.540979195076336364e-14 -6.185143565354846900e-16
2.170420000000000073e+04 1.372968944691677911e-14 2.047422331851160270e-14 8.646910245738619814e-15
2.230679999999999927e+04 1.233993042786515075e-14 3.540165373350476603e-15 2.339442235298747225e-14
2.290950000000000000e+04 8.682491708439634797e-15 1.782325845367422095e-15 2.557322317545115238e-14
2.351209999999999854e+04 5.825887055145489841e-15 1.214720389356478112e-14 1.512872926201340904e-14
2.411470000000000073e+04 5.295624044473946444e-15 2.165537000398008715e-14 3.402211621533872408e-15
2.471740000000000146e+04 6.355046305006938493e-15 2.222697313570597389e-14 -5.971733449140722293e-16
2.532000000000000000e+04 7.293501761168125080e-15 1.482911027905190045e-14 3.618132712934633357e-15
2.592270000000000073e+04 7.078185091090716995e-15 5.824125385845417774e-15 1.078977779218722057e-14
2.652529999999999927e+04 5.738548480127138752e-15 6.634185726060949888e-16 1.536894519760461032e-14
2.712800000000000000e+04 4.030419275966903515e-15 9.550963711272309001e-16 1.510487506097584256e-14
2.775140000000000146e+04 2.645334038669239770e-15 5.087738727273633946e-15 1.075467713753436355e-14
2.855500000000000000e+04 2.070906707215794480e-15 1.102705060606658873e-14 3.812863332029794711e-15
2.935870000000000073e+04 2.537093606632229452e-15 1.308127856272009150e-14 -1.311697139174285749e-16
3.016229999999999927e+04 3.220399324714516515e-15 1.051694546652243909e-14 4.141545194481721832e-16
3.096590000000000146e+04 3.484614124501889246e-15 5.840891116034008832e-15 3.695481579543386364e-15
3.176959999999999854e+04 3.117851879881838522e-15 1.825300505598977161e-15 7.004969550483738967e-15
3.257320000000000073e+04 2.347898517644557993e-15 1.040301337524865259e-16 8.522716649156934474e-15
3.337680000000000291e+04 1.522299758495244618e-15 6.903636314281318698e-16 7.847004380904863601e-15
3.418050000000000000e+04 9.283592467178579214e-16 2.616698938218292065e-15 5.730976889890979876e-15
3.498409999999999854e+04 6.621304062219773916e-16 4.686211340292259390e-15 3.178052731727596648e-15
3.578780000000000291e+04 6.878501861611495026e-16 6.043116815347732306e-15 1.111873077786863252e-15
3.659140000000000146e+04 8.799573555179947530e-16 6.320208737898079757e-15 -7.051554304737093661e-18
3.756140000000000146e+04 1.170345062708515144e-15 5.515914425305433652e-15 -7.575381223351223734e-17
3.863309999999999854e+04 1.364608812765206278e-15 3.725623962018179988e-15 9.500159160127111809e-16
3.970469999999999709e+04 1.340257706702336421e-15 1.861352270248974509e-15 2.324009562486739397e-15
4.077640000000000146e+04 1.130355876207594628e-15 5.564773176443114647e-16 3.373802288949524911e-15
4.184800000000000000e+04 8.275571381466341196e-16 3.438713547658077640e-17 3.777049296985024343e-15
4.291969999999999709e+04 5.256861917631638443e-16 1.915525893160947245e-16 3.523191481368486014e-15
4.399140000000000146e+04 2.960231787541960948e-16 7.606364242034048295e-16 2.845280997430941318e-15
4.506300000000000000e+04 1.611952637435092783e-16 1.448559389734586887e-15 1.970913929701612963e-15
4.613469999999999709e+04 1.182933203332390438e-16 2.032077677992807425e-15 1.137347339480679769e-15
4.720640000000000146e+04 1.432855540148125882e-16 2.378113896294348371e-15 4.891761239603216580e-16
4.827800000000000000e+04 2.069985408272247421e-16 2.471448899261883122e-15 9.245705797628846801e-17
4.939900000000000000e+04 2.848574469959848600e-16 2.322246096279670568e-15 -6.499597730380788247e-17
5.082809999999999854e+04 3.725987033108362201e-16 1.918498066862891348e-15 2.891831300514377624e-17
5.225719999999999709e+04 4.169815876909777361e-16 1.376879282565404983e-15 3.162736011601037800e-16
5.368630000000000291e+04 4.176220624287652127e-16 8.584683191351587057e-16 6.613425062180428074e-16
5.511540000000000146e+04 3.769181907317468330e-16 4.374838626725802894e-16 9.564705433675247740e-16
5.654450000000000000e+04 3.116421672658710884e-16 1.607891762149093183e-16 1.147849870356524433e-15
5.797350000000000000e+04 2.366671239145601647e-16 2.704812880791876045e-17 1.219907949991633845e-15
5.940259999999999854e+04 1.635126498163362549e-16 1.040851039272018316e-17 1.180334125367139059e-15
6.083169999999999709e+04 1.019884062008873666e-16 7.470844545216582054e-17 1.068202880242074154e-15
6.226080000000000291e+04 5.453011213930629338e-17 1.831441901695963569e-16 9.024115618766816734e-16
6.368990000000000146e+04 2.255539369789260695e-17 3.039580766128920541e-16 7.146469205589594728e-16
6.511900000000000000e+04 4.869516482919815377e-18 4.177068261151842795e-16 5.348256415402226678e-16
6.686039999999999418e+04 -1.296052104333902383e-18 5.302103066037887680e-16 3.440061892221486728e-16
6.876610000000000582e+04 5.282805445012404892e-18 6.083678169905545757e-16 1.814334888606144309e-16
7.067180000000000291e+04 1.962151915509148214e-17 6.347612464891087265e-16 7.057031167380744692e-17
7.257750000000000000e+04 3.656892437155809340e-17 6.165514589781313396e-16 8.482021691711947270e-18
7.448319999999999709e+04 5.221629316421899924e-17 5.626252377423908281e-16 -1.347118892380872650e-17
7.638900000000000000e+04 6.503050540722516159e-17 4.929385947758253887e-16 -6.364450314914900448e-18
7.829469999999999709e+04 7.327202103166495700e-17 4.109460928123501809e-16 1.922959676922019168e-17
8.020039999999999418e+04 7.713282366382449446e-17 3.285729814939208092e-16 5.402475154136636273e-17
8.210610000000000582e+04 7.675533621539769165e-17 2.509339101846090842e-16 9.058297492264032226e-17
8.401180000000000291e+04 7.372737263542304579e-17 1.846213395512198272e-16 1.249503737297635443e-16
8.591760000000000582e+04 6.800595497350528882e-17 1.286150846303632040e-16 1.529724731541477914e-16
8.793289999999999418e+04 6.064097138876939248e-17 8.260720613375847160e-17 1.754105273062540146e-16
9.047419999999999709e+04 5.122323984100931775e-17 4.239308450682012048e-17 1.955686432229827007e-16
9.301550000000000000e+04 4.103584332644447604e-17 1.724525703281074306e-17 2.026300868601979720e-16
9.555680000000000291e+04 3.168410648524122279e-17 4.531664509940522476e-18 2.017198133310360088e-16
9.809810000000000582e+04 2.307272502405892086e-17 8.146948191733455395e-19 1.917486871684796263e-16
1.006390000000000000e+05 1.580051913579566252e-17 3.271370454782311042e-18 1.768557665890375041e-16
