1.017789999999999928e+01 1.141319323495613747e-04 1.132855419211044779e-04 1.124570399445776452e-04
1.043200000000000038e+01 1.070086336448918354e-04 1.066233542343647945e-04 1.073684634030667258e-04
1.068609999999999971e+01 1.029633831624949338e-04 1.007324561989532852e-04 1.006759032789322094e-04
1.094030000000000058e+01 9.411952855058319518e-05 9.537762535849574595e-05 9.648918758781202781e-05
1.119439999999999991e+01 9.176960602781920418e-05 9.093058798074838474e-05 9.034717255913482189e-05
1.144849999999999923e+01 8.948477961309682989e-05 8.515522233456308029e-05 8.452784374575197598e-05
1.171439999999999948e+01 8.312703647671501887e-05 8.098265371803489579e-05 8.106806186399782854e-05
1.205320000000000036e+01 7.767487260978725937e-05 7.598249347834535054e-05 7.571298154191597872e-05
1.239209999999999923e+01 7.270810893522959345e-05 7.111553442774240237e-05 7.107925903497612843e-05
1.273099999999999987e+01 6.676380434409589669e-05 6.751068089410202863e-05 6.724802306797982195e-05
1.306990000000000052e+01 6.363811335099810564e-05 6.263146957796104615e-05 6.297079085690916462e-05
1.340879999999999939e+01 5.865404282687211915e-05 5.949867461750985687e-05 5.969204457531945932e-05
1.374770000000000003e+01 5.662284791368236959e-05 5.542953582536241995e-05 5.534514342572257841e-05
1.408660000000000068e+01 5.456919436489127980e-05 5.161020650032762937e-05 5.155560341256560449e-05
1.442549999999999955e+01 5.025264561930216649e-05 4.941237838997323834e-05 4.909188545753724939e-05
1.476440000000000019e+01 4.614778486781078245e-05 4.702483618635811338e-05 4.729952265574654494e-05
1.510330000000000084e+01 4.664437702034687717e-05 4.337757495026375117e-05 4.273036650531887061e-05
1.544209999999999994e+01 4.279795743281139466e-05 4.147787311880777960e-05 4.130859870160290682e-05
1.585510000000000019e+01 3.867803306226007422e-05 3.943983666158622350e-05 3.959684812991669174e-05
1.630699999999999861e+01 3.718123237292544870e-05 3.657420180436386141e-05 3.611199280335128262e-05
1.675890000000000057e+01 3.355240357121748706e-05 3.450114506753490301e-05 3.463975113502414577e-05
1.721079999999999899e+01 3.262479466845456648e-05 3.189113477381630359e-05 3.160650795290974362e-05
1.766280000000000072e+01 3.051459384323617464e-05 2.986367173261502935e-05 2.971964172677944393e-05
1.811469999999999914e+01 2.779265077635846863e-05 2.824712481830483717e-05 2.846214364253692774e-05
1.856660000000000110e+01 2.608951942938810616e-05 2.654915166185630430e-05 2.672454122651383215e-05
1.901849999999999952e+01 2.482048867712172721e-05 2.492330934403589969e-05 2.486335127987837721e-05
1.947040000000000148e+01 2.406816634476053067e-05 2.316581433346973862e-05 2.298065015751989991e-05
1.992229999999999990e+01 2.147266173004434316e-05 2.229181994470183042e-05 2.236999099846877416e-05
2.037430000000000163e+01 2.042093264841780606e-05 2.097482636631124527e-05 2.094418103684327336e-05
2.085219999999999985e+01 1.933346477070046782e-05 1.965375386815720987e-05 1.968393157224475386e-05
2.145479999999999876e+01 1.818654989482321714e-05 1.822063140010317291e-05 1.823771557940367957e-05
2.205750000000000099e+01 1.647337861183750904e-05 1.719148278726112246e-05 1.730350137205561778e-05
2.266009999999999991e+01 1.579940368939179935e-05 1.580356090735870781e-05 1.599267712238111995e-05
2.326269999999999882e+01 1.458784558775906328e-05 1.500295995592890871e-05 1.498178082399699829e-05
2.386540000000000106e+01 1.324758763285463003e-05 1.415203088255340579e-05 1.425001118188431738e-05
2.446799999999999997e+01 1.265572605141954089e-05 1.323033815442321525e-05 1.317783440165169447e-05
2.507069999999999865e+01 1.229652246666090836e-05 1.224740264001770477e-05 1.212296313458271982e-05
2.567330000000000112e+01 1.148635179862035560e-05 1.146607577119997314e-05 1.144403190259967639e-05
2.627590000000000003e+01 1.075408348824219076e-05 1.089068852925180931e-05 1.069129356695753875e-05
2.687859999999999872e+01 9.740312654110990220e-06 1.031762889710127911e-05 1.036581669785221577e-05
2.748120000000000118e+01 9.726749656577231889e-06 9.483194522263813000e-06 9.414116378930848669e-06
2.822250000000000014e+01 8.713820544174676291e-06 8.908063461951338076e-06 8.983626619398252816e-06
2.902609999999999957e+01 8.318689204864264863e-06 8.304085779088000809e-06 8.375224226865435036e-06
2.982979999999999876e+01 7.638343468422118782e-06 7.791441860928639777e-06 7.806763799724869644e-06
3.063340000000000174e+01 7.305657917371295953e-06 7.195271083538310388e-06 7.200909364667899495e-06
3.143700000000000117e+01 6.751422413627671901e-06 6.768323763213677586e-06 6.768689191111718093e-06
3.224069999999999681e+01 6.184703100932837459e-06 6.382278494840709835e-06 6.408614747627485566e-06
3.304429999999999978e+01 5.836652046868768091e-06 6.012878709706466363e-06 5.830719046413528032e-06
3.384790000000000276e+01 5.722878208595712788e-06 5.496812121572940566e-06 5.446923323962409320e-06
3.465160000000000196e+01 4.972406300210653295e-06 5.376122672725793891e-06 5.347175107808725710e-06
3.545519999999999783e+01 4.902906119617430225e-06 4.929045553161706336e-06 4.882437176805146543e-06
3.625880000000000081e+01 4.668724068955010523e-06 4.585525733199883298e-06 4.577313948282308013e-06
3.711789999999999878e+01 4.326798501642624608e-06 4.331579557591382754e-06 4.329648922316976910e-06
3.818959999999999866e+01 3.903081308557092207e-06 4.058205799863467850e-06 4.116129647579458564e-06
3.926129999999999853e+01 3.758140371284396054e-06 3.747809526570584232e-06 3.747785062161796163e-06
4.033290000000000219e+01 3.579507105851427813e-06 3.448965868761249043e-06 3.461181614163302452e-06
4.140460000000000207e+01 3.135204389467174460e-06 3.343252818694939269e-06 3.334216776258027900e-06
4.247630000000000194e+01 3.084948373537400821e-06 2.982042856313118882e-06 3.073903848684167886e-06
4.354789999999999850e+01 2.779375000141242709e-06 2.857879786908049319e-06 2.970994042515532417e-06
4.461959999999999837e+01 2.608981165158462180e-06 2.729837065540273810e-06 2.699182038476895419e-06
4.569129999999999825e+01 2.498597380869585959e-06 2.513478711460706422e-06 2.526944344116554516e-06
4.676290000000000191e+01 2.316383191011697183e-06 2.374471685279596236e-06 2.381918472423292115e-06
4.783460000000000178e+01 2.161666920883361612e-06 2.236803208688496022e-06 2.241658403120169041e-06
4.890630000000000166e+01 2.097466276962211526e-06 2.077885287627570241e-06 2.072419800698526989e-06
5.023669999999999902e+01 1.940019459476774120e-06 1.938742583695438780e-06 1.943115966353439508e-06
5.166579999999999728e+01 1.773105487654338154e-06 1.821012619405214576e-06 1.824393802571873892e-06
5.309490000000000265e+01 1.681583090849251736e-06 1.684961412872954017e-06 1.681455782340322825e-06
5.452400000000000091e+01 1.551456826076529186e-06 1.586093695611418921e-06 1.578070986278401279e-06
5.595309999999999917e+01 1.446677632095427600e-06 1.472928985039586633e-06 1.474146360088449754e-06
5.738219999999999743e+01 1.344869858141812757e-06 1.362214445422759277e-06 1.397299434344525791e-06
5.881130000000000280e+01 1.268084530017345096e-06 1.310220735565373007e-06 1.285103160462567248e-06
6.024040000000000106e+01 1.208242905897610159e-06 1.192383512774302167e-06 1.209386982013116321e-06
6.166949999999999932e+01 1.094314016976481465e-06 1.150556710245614915e-06 1.135713721514455726e-06
6.309859999999999758e+01 1.049790453621773728e-06 1.057315812450993583e-06 1.069168642294039899e-06
6.452760000000000673e+01 1.009390893821337486e-06 9.924709737071690422e-07 9.849482973092956210e-07
6.607179999999999609e+01 9.281224818167841057e-07 9.320912896782140872e-07 9.326379381661156050e-07
6.797750000000000625e+01 8.519871432207139231e-07 8.697109692675860641e-07 8.702438613071078017e-07
6.988320000000000221e+01 7.940117281999433141e-07 8.137710883221926883e-07 8.119625908866755164e-07
7.178889999999999816e+01 7.220141049944403467e-07 7.643144588966709486e-07 7.614867998389317192e-07
7.369469999999999743e+01 7.022108479574839141e-07 6.972799769993005395e-07 7.084320230394689605e-07
7.560039999999999338e+01 6.535975556507116751e-07 6.700760191212774234e-07 6.673029230983329698e-07
7.750610000000000355e+01 6.096521819507608469e-07 6.079919095848061811e-07 6.170747738734683778e-07
7.941179999999999950e+01 5.663462503833928817e-07 5.780116108074546869e-07 5.765313271059505184e-07
8.131749999999999545e+01 5.247497832057565757e-07 5.457940992462167137e-07 5.331799331853246503e-07
8.322329999999999472e+01 4.944201439878105564e-07 5.082094582231212518e-07 5.032589686990546336e-07
8.512900000000000489e+01 4.903875896647730314e-07 4.660379847018542550e-07 4.763603048893404989e-07
8.703470000000000084e+01 4.405228292332676014e-07 4.264952992917428776e-07 4.647540953952274866e-07
8.942260000000000275e+01 3.964842706358092332e-07 4.165838745567736154e-07 4.224620435846372132e-07
9.196389999999999532e+01 3.734602260087881616e-07 3.897889952999866235e-07 3.839211962588758310e-07
9.450520000000000209e+01 3.557105388111667066e-07 3.606711007614918108e-07 3.573967586993107219e-07
9.704659999999999798e+01 3.314486422110577048e-07 3.303636785858286354e-07 3.320610169843409087e-07
9.958790000000000475e+01 3.066639372834925658e-07 3.091498350627857043e-07 3.123332868766940295e-07
1.021290000000000049e+02 2.865272120355082135e-07 2.932074554632113450e-07 2.945642994245203028e-07
1.046710000000000065e+02 2.694369782902819022e-07 2.738258062340258238e-07 2.737205162756923475e-07
1.072120000000000033e+02 2.541952191175124354e-07 2.614754843390900123e-07 2.507782015608195733e-07
1.097530000000000001e+02 2.381132510892230030e-07 2.326932636267912311e-07 2.448596976717993498e-07
1.122939999999999969e+02 2.222549662316212220e-07 2.227466332769554958e-07 2.255864932914233870e-07
1.148359999999999985e+02 2.105454688453360365e-07 2.030747535190476959e-07 2.150836036691627100e-07
1.176110000000000042e+02 1.959184876825786030e-07 1.993397605586387294e-07 1.926616885587827266e-07
1.210000000000000000e+02 1.821472316831940251e-07 1.712486812155573992e-07 1.923340050212486406e-07
1.243889999999999958e+02 1.700425721589786265e-07 1.687894270097154189e-07 1.681851277429758804e-07
1.277780000000000058e+02 1.562727506024230195e-07 1.561391727914789229e-07 1.592858553035831111e-07
1.311670000000000016e+02 1.466425087214172071e-07 1.522118894019238380e-07 1.404759565966590533e-07
1.345550000000000068e+02 1.343683032853729602e-07 1.426200815043753160e-07 1.325209704102518017e-07
1.379439999999999884e+02 1.229168795876040131e-07 1.344630601993450586e-07 1.249595702930509572e-07
1.413329999999999984e+02 1.157834665209016729e-07 1.205136841627380925e-07 1.208634461163602958e-07
1.447220000000000084e+02 1.110257067971306199e-07 1.125179397441700528e-07 1.095448541221697911e-07
1.481109999999999900e+02 1.035072121009034647e-07 9.999106027196199467e-08 1.087929934194366745e-07
1.515000000000000000e+02 9.690798411400709252e-08 9.896571751582201482e-08 9.674900429017093839e-08
1.548890000000000100e+02 9.157684927249181756e-08 8.933427149123706360e-08 9.330015011627115041e-08
1.591740000000000066e+02 8.439790517938003042e-08 8.525991098697364431e-08 8.498087951364636060e-08
1.636930000000000121e+02 7.708550100815296603e-08 7.938207577626368511e-08 7.972335929558338060e-08
1.682129999999999939e+02 7.054282055500218614e-08 7.484169772706110853e-08 7.389071507793672721e-08
1.727319999999999993e+02 6.534223509467182285e-08 6.772950088647844882e-08 7.088964769884975907e-08
1.772510000000000048e+02 6.248895242920514277e-08 6.351851576101693886e-08 6.382621700977794810e-08
1.817700000000000102e+02 5.772031949173363107e-08 6.038673025732834135e-08 5.876699713093804729e-08
1.862889999999999873e+02 5.444947760463526879e-08 5.457755425317303681e-08 5.592922038219173598e-08
1.908079999999999927e+02 5.093701951120054765e-08 5.166305578676712724e-08 5.132561980704168306e-08
1.953280000000000030e+02 4.767800853310359894e-08 4.836134883795613937e-08 4.778798550894029165e-08
1.998470000000000084e+02 4.475419775246590574e-08 4.399929583918009208e-08 4.569363888835402269e-08
2.043660000000000139e+02 4.149116194067951938e-08 4.256273549795660126e-08 4.167420552136388896e-08
2.093530000000000086e+02 3.934125394339244694e-08 3.843737978752108113e-08 3.950414890108649550e-08
2.153789999999999907e+02 3.597121663804119383e-08 3.784918575248216632e-08 3.475085564147666059e-08
2.214060000000000059e+02 3.319730450271240682e-08 3.303198034261273825e-08 3.440950435467487252e-08
2.274319999999999879e+02 3.064638215670419016e-08 3.130508946943473187e-08 3.144892091451882185e-08
2.334590000000000032e+02 2.833110978526254585e-08 2.898057740433496989e-08 2.946580745840249697e-08
2.394850000000000136e+02 2.595761342269546605e-08 2.661891785573743999e-08 2.810092077756710915e-08
2.455109999999999957e+02 2.436560418096368642e-08 2.454383749052477257e-08 2.621871637651155169e-08
2.515380000000000109e+02 2.232450861979689896e-08 2.327435887486731228e-08 2.439342992133579562e-08
2.575640000000000214e+02 2.095434255773600425e-08 2.279131428081481757e-08 2.151526777744918749e-08
2.635910000000000082e+02 1.949828690154322530e-08 2.128518300486015307e-08 2.008994391759663655e-08
2.696170000000000186e+02 1.886404515541898232e-08 1.904825456239227778e-08 1.893595189818874694e-08
2.756440000000000055e+02 1.780774858539336580e-08 1.767052943700159412e-08 1.764951346726410688e-08
2.833330000000000268e+02 1.597004763138139810e-08 1.674916770295397991e-08 1.644947342086462770e-08
2.913700000000000045e+02 1.476680542660262976e-08 1.533663769369518531e-08 1.538737323170219056e-08
2.994060000000000059e+02 1.394815501056328502e-08 1.408036597366605195e-08 1.408990036217067357e-08
3.074420000000000073e+02 1.238297533144233235e-08 1.282436907656182883e-08 1.386340350159584419e-08
3.154789999999999850e+02 1.191254599403887633e-08 1.233052279499456281e-08 1.207165165030894481e-08
3.235149999999999864e+02 1.108128525765931283e-08 1.126188584397893515e-08 1.134966252935074942e-08
3.315509999999999877e+02 9.939347396703416020e-09 1.055269527823612940e-08 1.082737530746045655e-08
3.395880000000000223e+02 9.691328025313932892e-09 9.779736959185544820e-09 9.685954593900527590e-09
3.476240000000000236e+02 8.904859261716354907e-09 9.154139422650741519e-09 8.963976860941839393e-09
3.556610000000000014e+02 8.025167454273213724e-09 8.635904521064140770e-09 8.638626283862649687e-09
3.636970000000000027e+02 7.750858592627650862e-09 7.871130527478794412e-09 7.957339431182563760e-09
3.726580000000000155e+02 7.271319345662821013e-09 7.326806808946559340e-09 7.320992278190623670e-09
3.833740000000000236e+02 6.405105231407298993e-09 6.917342890558467135e-09 6.919603554914237279e-09
3.940910000000000082e+02 6.126789636943815112e-09 6.274146606578270498e-09 6.315100527677917825e-09
4.048079999999999927e+02 5.759457401693972300e-09 5.790309164462854488e-09 5.774619846963175967e-09
4.155240000000000009e+02 5.009708546222517207e-09 5.520462117130557309e-09 5.514086339046925975e-09
4.262409999999999854e+02 4.703344093338605006e-09 5.016226777325729922e-09 5.168044647859541648e-09
4.369569999999999936e+02 4.624970403917650350e-09 4.574759339548295678e-09 4.614236139494055962e-09
4.476739999999999782e+02 4.117678454437929156e-09 4.369163573332011531e-09 4.342552414230061699e-09
4.583910000000000196e+02 3.560421996891003423e-09 4.256267668701058419e-09 4.179684572043308243e-09
4.691070000000000277e+02 3.430666895446721398e-09 3.785098750674613459e-09 3.871628627078667837e-09
4.798240000000000123e+02 3.460521151609895628e-09 3.383106897085933856e-09 3.460670346803654494e-09
4.905409999999999968e+02 3.197248755652437295e-09 3.271597691975560422e-09 3.131718441636003705e-09
5.043389999999999986e+02 2.645976378483657170e-09 3.115606476966419941e-09 3.099474129533924094e-09
5.186299999999999955e+02 2.376899616514093286e-09 2.867062642202728615e-09 2.928713041859178392e-09
5.329199999999999591e+02 2.480211441986256552e-09 2.499375988830980206e-09 2.574335506574764280e-09
5.472110000000000127e+02 2.388466549027508011e-09 2.282699938875933644e-09 2.313766821408559402e-09
5.615019999999999527e+02 2.042687496468815735e-09 2.319628740708377163e-09 2.102521214822808430e-09
5.757930000000000064e+02 1.733441624855490992e-09 2.006128536635131103e-09 2.249111570733378812e-09
5.900839999999999463e+02 1.631897020596017216e-09 1.914806890075422669e-09 2.002542327710143861e-09
6.043750000000000000e+02 1.685963685232208223e-09 1.620712010232711694e-09 1.842797024751080848e-09
6.186660000000000537e+02 1.670524680043851222e-09 1.543551077728585161e-09 1.565097428518764193e-09
6.329569999999999936e+02 1.446515588392025084e-09 1.493391537992291810e-09 1.496124881228484003e-09
6.472480000000000473e+02 1.236109698307474825e-09 1.463421337086494594e-09 1.422948978555631331e-09
6.633460000000000036e+02 1.103425233818836083e-09 1.349160450610762103e-09 1.364074327660802380e-09
6.824039999999999964e+02 1.101816065534808841e-09 1.189883436442120669e-09 1.224526233970271175e-09
7.014610000000000127e+02 1.100329920756224976e-09 1.060895516973708264e-09 1.080190605810698911e-09
7.205180000000000291e+02 1.006552695939218622e-09 9.943904884628629102e-10 1.006390313252321359e-09
7.395750000000000455e+02 8.564323570329672248e-10 9.597658125484008136e-10 9.496117659240888493e-10
7.586319999999999482e+02 7.329662111143496742e-10 9.110539302844595585e-10 9.150249405075113844e-10
7.776900000000000546e+02 6.758836986090045903e-10 8.407063384765041419e-10 8.516285234663995239e-10
7.967469999999999573e+02 6.655609377108677916e-10 7.540837546297795210e-10 7.734183777478330958e-10
8.158039999999999736e+02 6.778538227231577262e-10 6.643346728578407120e-10 6.943752777127137741e-10
8.348609999999999900e+02 6.529227132914677014e-10 6.041303671248308835e-10 6.264473594589818678e-10
8.539180000000000064e+02 5.999486129143014268e-10 5.731371010288497830e-10 5.733123741923690676e-10
8.729759999999999991e+02 5.208187351966615874e-10 5.544801120656827880e-10 5.448008454434957402e-10
8.977309999999999945e+02 4.262400022778412380e-10 5.344580859024128781e-10 5.297073150365061234e-10
9.231449999999999818e+02 3.591553408022442726e-10 5.146309294670739153e-10 4.995940985500340625e-10
9.485579999999999927e+02 3.444100397623321659e-10 4.599963151019444659e-10 4.608822756703158039e-10
9.739710000000000036e+02 3.538962857665689353e-10 4.000787318680665999e-10 4.138702171304685652e-10
9.993840000000000146e+02 3.650271501348318370e-10 3.469999996146028432e-10 3.662856947619176051e-10
1.024799999999999955e+03 3.555061553033246804e-10 3.156586706852411176e-10 3.246684184316672849e-10
1.050210000000000036e+03 3.224583692448938764e-10 2.974551885015230310e-10 3.013205122608072404e-10
1.075619999999999891e+03 2.736077035441759375e-10 2.926338813280362689e-10 2.858351760367280332e-10
1.101039999999999964e+03 2.219562145891509907e-10 2.913470003176659520e-10 2.742681930946218726e-10
1.126450000000000045e+03 1.826645123806627917e-10 2.796598103743868312e-10 2.672786507214737702e-10
1.151859999999999900e+03 1.592480067197469037e-10 2.565054500909048472e-10 2.601165148056812770e-10
1.180779999999999973e+03 1.513281541847568029e-10 2.318334177586078735e-10 2.406294364181808852e-10
1.214670000000000073e+03 1.597827210665522671e-10 2.032031074475880470e-10 2.105471238517658802e-10
1.248559999999999945e+03 1.692562430924930370e-10 1.727651841317013451e-10 1.858759852554313935e-10
1.282450000000000045e+03 1.694484123980982551e-10 1.527337956342882706e-10 1.638456169257102676e-10
1.316339999999999918e+03 1.586522503386840961e-10 1.429211181888311636e-10 1.468520227475042556e-10
1.350230000000000018e+03 1.387282367446739072e-10 1.348707480655042395e-10 1.401079096388530384e-10
1.384119999999999891e+03 1.179941171033440323e-10 1.354695460545545080e-10 1.284881789308274633e-10
1.418009999999999991e+03 9.212624079893960363e-11 1.326654338134781195e-10 1.278353206162214655e-10
1.451900000000000091e+03 7.915392653626502720e-11 1.300104318307833415e-10 1.169291323804719269e-10
1.485789999999999964e+03 6.257017164158506325e-11 1.121458781145479910e-10 1.267042755107118359e-10
1.519670000000000073e+03 5.516953680972173679e-11 1.060854187085660375e-10 1.174616198692351065e-10
1.553559999999999945e+03 5.437562542349930170e-11 9.862169397343144975e-11 1.045943406923350722e-10
1.597980000000000018e+03 5.671316696287471547e-11 8.440347937120164174e-11 9.570071215515924391e-11
1.643170000000000073e+03 6.169423232078576870e-11 7.620310442902969803e-11 7.975187295389892189e-11
1.688359999999999900e+03 6.306786649792340299e-11 6.674746778104706354e-11 7.042236080980536676e-11
1.733549999999999955e+03 6.309153037408743326e-11 5.686122555237507737e-11 6.443724537756872827e-11
1.778740000000000009e+03 6.064718519501411297e-11 5.282981932104878275e-11 5.645387042051351805e-11
1.823930000000000064e+03 5.582460233375459604e-11 5.052609045793199231e-11 5.025129296447750181e-11
1.869130000000000109e+03 4.970856524366586384e-11 5.036395471984497365e-11 4.451094749421899389e-11
1.914319999999999936e+03 4.257719335264623496e-11 5.058137469070271293e-11 4.029748188742820810e-11
1.959509999999999991e+03 3.547769416087607284e-11 4.314017518430600252e-11 4.461962641043200215e-11
2.004700000000000045e+03 3.075474288408311755e-11 3.729563873828149472e-11 4.571391071639822419e-11
2.049889999999999873e+03 2.488247142809688011e-11 4.801545113310168761e-11 3.224569294296832036e-11
2.101840000000000146e+03 1.915167798545540449e-11 4.092312855175038920e-11 3.675428969465475274e-11
2.162110000000000127e+03 1.550190156418763273e-11 3.631820717107178408e-11 3.708712107902615079e-11
2.222369999999999891e+03 1.396443727620170871e-11 2.860162155085768688e-11 3.915477115906925815e-11
2.282630000000000109e+03 1.429175737610841291e-11 2.782723533179285425e-11 3.299649750341433013e-11
2.342900000000000091e+03 1.272138251393942058e-11 3.187983915415402017e-11 2.460816206554911174e-11
2.403159999999999854e+03 1.240765431355308494e-11 2.179467698074606430e-11 2.955676502050742239e-11
2.463429999999999836e+03 1.320361862059380381e-11 2.420623288947986487e-11 2.136709317547237445e-11
2.523690000000000055e+03 1.311217213098253195e-11 1.780226293673705250e-11 2.325891116224614942e-11
2.583960000000000036e+03 1.306025219332187352e-11 1.817221728987208534e-11 1.878735259377475241e-11
2.644219999999999800e+03 1.352348428006951017e-11 1.580599435985408416e-11 1.683007889038925209e-11
2.704480000000000018e+03 1.327090727484627455e-11 1.354307661267799827e-11 1.576784863013026677e-11
2.764750000000000000e+03 1.294118186780566354e-11 1.237278041512431001e-11 1.402989260964355107e-11
2.844420000000000073e+03 1.260680204868107781e-11 1.101329123861577590e-11 1.247166914753705905e-11
2.924780000000000200e+03 1.209631651687358168e-11 1.027815819429437680e-11 1.076497283581030946e-11
3.005150000000000091e+03 1.135848356896315625e-11 9.099746086319095105e-12 1.000198500632428674e-11
3.085510000000000218e+03 1.040348315893609054e-11 8.461422002048638046e-12 9.158544067665789568e-12
3.165869999999999891e+03 9.544383477108277956e-12 8.124819940372403329e-12 8.108600222190980802e-12
3.246239999999999782e+03 8.662022837015854482e-12 7.657789742315674352e-12 7.450638357677694256e-12
3.326599999999999909e+03 7.708242330804855472e-12 7.182386876688038409e-12 7.016188676567678369e-12
3.406960000000000036e+03 6.777366100487916603e-12 6.781397098690148297e-12 6.641341283205110227e-12
3.487329999999999927e+03 5.913985546522848332e-12 6.412171897838346451e-12 6.293107269275242593e-12
3.567690000000000055e+03 5.154977554277928229e-12 6.057200133360418405e-12 5.980195684385576377e-12
3.648050000000000182e+03 4.501487820293073313e-12 5.730280495830821881e-12 5.630795219604617791e-12
3.741360000000000127e+03 3.809415347358479776e-12 5.417315231921724029e-12 5.365770140493240030e-12
3.848519999999999982e+03 3.089942939876665734e-12 5.120706055531847531e-12 5.180342144227502876e-12
3.955690000000000055e+03 2.523373048478812556e-12 4.836958573881576693e-12 4.926242061151962374e-12
4.062860000000000127e+03 2.094732075338700055e-12 4.539600686386104124e-12 4.674588597260495119e-12
4.170020000000000437e+03 1.783738982862730219e-12 4.247962600171576053e-12 4.372591168098271463e-12
4.277189999999999600e+03 1.583192398705508400e-12 4.037655224616283569e-12 3.959134415653399132e-12
4.384359999999999673e+03 1.429520386076721830e-12 3.902588192823783696e-12 3.494810910983283013e-12
4.491520000000000437e+03 1.209263648610904577e-12 3.662904819975632290e-12 3.256987429101280189e-12
4.598689999999999600e+03 9.452407981445940785e-13 3.239745014866968995e-12 3.317404035430665414e-12
4.705859999999999673e+03 8.522231574837515786e-13 2.947826402658022430e-12 3.119541633434066794e-12
4.813020000000000437e+03 8.896184835502955104e-13 2.853775386033449715e-12 2.635321516969571271e-12
4.920189999999999600e+03 7.577164284924458909e-13 2.522525090748463219e-12 2.610766814664561996e-12
5.063100000000000364e+03 6.842016431892856379e-13 2.229248712973148605e-12 2.487688179927041170e-12
5.206010000000000218e+03 6.744385124523413423e-13 2.061171506575071128e-12 2.222289647522027413e-12
5.348920000000000073e+03 7.118519660580978795e-13 1.935979280161161102e-12 1.908157903790061816e-12
5.491819999999999709e+03 7.049136400152249633e-13 1.679448725215361954e-12 1.806232238345798788e-12
5.634729999999999563e+03 6.639978842076886741e-13 1.481672592594726123e-12 1.707030589451098319e-12
5.777640000000000327e+03 6.776916649135525427e-13 1.408618101156358332e-12 1.466121674542380678e-12
5.920550000000000182e+03 6.753333984848541756e-13 1.208496797636250742e-12 1.389652511021585985e-12
6.063460000000000036e+03 6.542694680893760149e-13 1.119416357749950482e-12 1.244451776358292189e-12
6.206369999999999891e+03 6.526661811844152419e-13 9.932236842025890738e-13 1.135062422964690597e-12
6.349279999999999745e+03 6.343455940505405044e-13 9.078430553781127030e-13 1.025720024888903151e-12
6.492189999999999600e+03 6.201536106855248036e-13 8.015686243153897017e-13 9.476494346034105807e-13
6.659750000000000000e+03 6.065471089787031634e-13 7.474941411641490388e-13 8.250819959849455788e-13
6.850319999999999709e+03 5.884621500128158751e-13 6.216041673730825236e-13 7.861565809203605489e-13
7.040890000000000327e+03 5.720195745246718259e-13 6.101089432507598553e-13 6.542917368722915135e-13
7.231470000000000255e+03 5.522726224909591822e-13 4.988326009689677629e-13 6.367950183692017959e-13
7.422039999999999964e+03 5.275768243210523792e-13 4.937499754029296295e-13 5.315899686666079783e-13
7.612609999999999673e+03 5.057593579119446797e-13 3.975726239388529789e-13 5.266265607890406010e-13
7.803180000000000291e+03 4.781836819239695295e-13 4.273239747034604591e-13 4.104018572679330959e-13
7.993750000000000000e+03 4.563872608929994816e-13 2.897109313526084297e-13 4.686290737077789566e-13
8.184329999999999927e+03 4.266609723330206459e-13 3.956529776508904944e-13 2.978116196469522125e-13
8.374899999999999636e+03 4.080186848983927872e-13 2.210161474245312083e-13 4.043496956518596962e-13
8.565469999999999345e+03 3.754641421300969933e-13 2.996337053965726855e-13 2.774808982288731332e-13
8.758229999999999563e+03 3.570769628345670853e-13 2.739644810965736351e-13 2.488984760222370689e-13
9.012370000000000800e+03 3.298573845795027104e-13 1.809829623397633124e-13 2.959593549577530572e-13
9.266500000000000000e+03 3.069548726753798445e-13 2.698636925052722406e-13 1.638500072383311450e-13
9.520629999999999200e+03 2.884080409356962474e-13 1.045324026231879165e-13 2.877906507173466380e-13
9.774760000000000218e+03 2.564313814968609957e-13 2.523162402285345942e-13 1.164309103648827674e-13
1.002889999999999964e+04 2.511946680670177407e-13 1.250542582613399098e-13 2.002758259874987762e-13
1.028300000000000000e+04 2.205914960837920030e-13 1.134955881004412492e-13 1.969136155092160027e-13
1.053720000000000073e+04 2.030375371351789211e-13 2.183239749093787341e-13 6.810804075852106142e-14
1.079129999999999927e+04 1.986158533215036057e-13 7.943567090640556978e-14 1.727659562535906102e-13
1.104539999999999964e+04 1.710185475580841560e-13 8.120314601723616790e-14 1.643836765451131565e-13
1.129960000000000036e+04 1.546475875928892659e-13 1.839797185569357510e-13 4.580617208318180164e-14
1.155370000000000073e+04 1.549459520302569005e-13 1.015362041450842092e-13 9.847869862816936587e-14
1.185460000000000036e+04 1.349571964903380788e-13 3.493622505523253668e-14 1.566384082337761761e-13
1.219350000000000000e+04 1.146291710512407606e-13 1.480448552125883041e-13 3.628571387651782064e-14
1.253239999999999964e+04 1.181343849889570423e-13 8.376647164754581768e-14 7.325163717200880329e-14
1.287129999999999927e+04 1.015643359326655597e-13 2.051044019575723666e-14 1.308873638501741152e-13
1.321010000000000036e+04 8.324941030603033747e-14 1.071007858228933965e-13 4.246504716854330973e-14
1.354900000000000000e+04 8.555407294060397805e-14 1.055931240406566040e-13 2.332052886742255449e-14
1.388789999999999964e+04 8.195862557071687099e-14 2.131027417669203239e-14 9.407703352011468692e-14
1.422679999999999927e+04 6.489220443075205346e-14 2.894023090144589402e-14 8.846114434077061137e-14
1.456570000000000073e+04 5.556149725705601270e-14 9.134596548899865386e-14 2.127873027686125193e-14
1.490460000000000036e+04 5.836487254136462845e-14 8.434652949094112373e-14 1.230169499389694882e-14
1.524350000000000000e+04 5.771406407038811617e-14 2.579799396671809983e-14 5.987210704477868022e-14
1.559020000000000073e+04 4.699650401564092189e-14 7.054404517212270857e-15 7.828177518743146834e-14
1.604210000000000036e+04 3.566263906584506585e-14 5.751871273713845962e-14 2.814714707171308992e-14
1.649400000000000000e+04 3.766874509616891977e-14 7.079771474493521790e-14 2.920200955440263495e-15
1.694590000000000146e+04 3.911934814564875730e-14 2.423246921302230603e-14 3.902634731729961561e-14
1.739779999999999927e+04 3.110164125251141208e-14 3.232641424508646296e-15 5.962801022467370655e-14
1.784979999999999927e+04 2.271340339764076752e-14 3.109137318708882913e-14 3.287396569332655740e-14
1.830170000000000073e+04 2.167840848143041135e-14 5.533329409736543130e-14 2.834169771154273606e-15
1.875359999999999854e+04 2.450922796574719372e-14 4.274761714508330996e-14 6.356210266696782169e-15
1.920550000000000000e+04 2.413705212648027701e-14 1.363501037501198338e-14 3.000713690535277868e-14
1.965740000000000146e+04 1.932409003167059006e-14 1.202452703698303136e-15 4.213850090868793275e-14
2.010929999999999927e+04 1.383252438770015116e-14 1.254834605043106870e-14 3.146620492724867789e-14
2.056129999999999927e+04 1.137042034237494604e-14 3.064948553184068091e-14 1.141822432231169180e-14
2.110150000000000000e+04 1.255003096850530102e-14 3.702829417754994521e-14 -5.953089961782525951e-16
2.170420000000000073e+04 1.450189970309449947e-14 2.142655786102201784e-14 9.114943155211369741e-15
2.230679999999999927e+04 1.304940035494652641e-14 3.723582598716066534e-15 2.456692553177222279e-14
2.290950000000000000e+04 9.221373077157164239e-15 1.904047958035911689e-15 2.686137855558624092e-14
2.351209999999999854e+04 6.231470396442321915e-15 1.280123281699287351e-14 1.591105148032706666e-14
2.411470000000000073e+04 5.681802729222559879e-15 2.281232005743904972e-14 3.598212740878409287e-15
2.471740000000000146e+04 6.803274902712126386e-15 2.343341426849994934e-14 -5.994716582675568822e-16
2.532000000000000000e+04 7.797114340030921187e-15 1.565324758981389089e-14 3.857750133803491274e-15
2.592270000000000073e+04 7.573848933846163123e-15 6.159719764713140076e-15 1.144748119779127641e-14
2.652529999999999927e+04 6.160836288111377079e-15 7.122308457221735472e-16 1.631117271787919385e-14
2.712800000000000000e+04 4.355160803490533004e-15 1.031964146301443348e-15 1.605188868219345540e-14
2.775140000000000146e+04 2.888192197069835035e-15 5.433709084774760354e-15 1.144851120801312691e-14
2.855500000000000000e+04 2.278440128525577926e-15 1.176309768270823463e-14 4.067958811894691010e-15
2.935870000000000073e+04 2.775889209225478193e-15 1.396164337166564232e-14 -1.280840477204676545e-16
3.016229999999999927e+04 3.504656201921936070e-15 1.123542180261072287e-14 4.603691294623085447e-16
3.096590000000000146e+04 3.786835158872797345e-15 6.247544532523233650e-15 3.974589410589893491e-15
3.176959999999999854e+04 3.394084472036767570e-15 1.956696276065672497e-15 7.526002211352898835e-15
3.257320000000000073e+04 2.568720342789319071e-15 1.167442264968154011e-16 9.163601798305539907e-15
3.337680000000000291e+04 1.682111385990329847e-15 7.516122207013389515e-16 8.448175628291772143e-15
3.418050000000000000e+04 1.043317467193380636e-15 2.830959942385142804e-15 6.180291615263021012e-15
3.498409999999999854e+04 7.562916720306435419e-16 5.071134320861016473e-15 3.434386596329045640e-15
3.578780000000000291e+04 7.841124955208663960e-16 6.548511507679995685e-15 1.206081319611292956e-15
3.659140000000000146e+04 9.922449019061350895e-16 6.861290797220839645e-15 -3.283500854989903396e-18
3.756140000000000146e+04 1.307024039636132532e-15 5.996120391554825148e-15 -7.545004089136092179e-17
3.863309999999999854e+04 1.516987096184745973e-15 4.054121463886484402e-15 1.042755955284462006e-15
3.970469999999999709e+04 1.489425424194035862e-15 2.027969880990865028e-15 2.542318524748865077e-15
4.077640000000000146e+04 1.259714404869176203e-15 6.077477207914567322e-16 3.691359849588008045e-15
4.184800000000000000e+04 9.283199618656442798e-16 3.949812926369862137e-17 4.136574215504212393e-15
4.291969999999999709e+04 5.973483147032448663e-16 2.132541062466897073e-16 3.863676213759081162e-15
4.399140000000000146e+04 3.450470106617048616e-16 8.392319113424528045e-16 3.125158224289025705e-15
4.506300000000000000e+04 1.962921564356866029e-16 1.597712447115166075e-15 2.168642231429671616e-15
4.613469999999999709e+04 1.483889227885076367e-16 2.243821371581586433e-15 1.254066981129114398e-15
4.720640000000000146e+04 1.752613389861111153e-16 2.630286820144797165e-15 5.409796615240753530e-16
4.827800000000000000e+04 2.452236212100489360e-16 2.739012835527984399e-15 1.034306025759753184e-16
4.939900000000000000e+04 3.311083257181597654e-16 2.578907289619635358e-15 -7.048030228301062733e-17
5.082809999999999854e+04 4.277324971178484578e-16 2.132496184084977100e-15 3.454368945435712460e-17
5.225719999999999709e+04 4.763222828371141863e-16 1.532028020922692074e-15 3.548418020740297882e-16
5.368630000000000291e+04 4.765203272798597270e-16 9.563020280745512687e-16 7.400605935958419170e-16
5.511540000000000146e+04 4.306615782815702949e-16 4.880070900416748779e-16 1.070395895420435004e-15
5.654450000000000000e+04 3.573797370144197258e-16 1.797852457444885412e-16 1.285646185528712912e-15
5.797350000000000000e+04 2.731811719123460752e-16 3.070718467318795455e-17 1.367997424113761526e-15
5.940259999999999854e+04 1.908640211622024189e-16 1.244418883401391685e-17 1.325512792624188013e-15
6.083169999999999709e+04 1.215036752470857123e-16 8.500694768808533939e-17 1.201550058257003507e-15
6.226080000000000291e+04 6.778110638368072591e-17 2.074609220794545085e-16 1.016885909514888004e-15
6.368990000000000146e+04 3.136368302107415365e-17 3.443137274228740428e-16 8.068803238165488476e-16
6.511900000000000000e+04 1.104235798401005867e-17 4.737656240453077174e-16 6.051597863879707817e-16
6.686039999999999418e+04 3.675630923102536336e-18 6.017781088011975992e-16 3.897534234386711602e-16
6.876610000000000582e+04 1.075855325916671086e-17 6.907813520700168765e-16 2.057754279371787737e-16
7.067180000000000291e+04 2.667915523325920027e-17 7.212086395080482815e-16 8.021588451557677728e-17
7.257750000000000000e+04 4.561014156293741327e-17 7.010658535062419091e-16 9.857639903970129635e-18
7.448319999999999709e+04 6.309946554988124034e-17 6.403137999227017403e-16 -1.499498820971708510e-17
7.638900000000000000e+04 7.745765971177139648e-17 5.615678759689597826e-16 -6.821290073862068386e-18
7.829469999999999709e+04 8.663986051707391975e-17 4.686738337836726078e-16 2.242749455737602826e-17
8.020039999999999418e+04 9.087319029193701219e-17 3.751772514901359810e-16 6.223369342994086671e-17
8.210610000000000582e+04 9.029204808945700655e-17 2.868979162089653965e-16 1.041434426087141525e-16
8.401180000000000291e+04 8.672823228423116350e-17 2.113868615567736513e-16 1.436647333970896506e-16
8.591760000000000582e+04 8.008248943720906030e-17 1.474940766863515192e-16 1.760278042723599011e-16
8.793289999999999418e+04 7.153768147477947908e-17 9.487812237509369284e-17 2.020439133227103705e-16
9.047419999999999709e+04 6.054117731942336986e-17 4.872197234106842954e-17 2.252312760388707765e-16
9.301550000000000000e+04 4.866714158010388166e-17 1.986177408918924613e-17 2.333691388307120480e-16
9.555680000000000291e+04 3.778578165513145088e-17 5.282100397351384791e-18 2.323542647996894217e-16
9.809810000000000582e+04 2.775709201030186019e-17 1.038318020524394647e-18 2.209177693975665552e-16
1.006390000000000000e+05 1.928159138083057119e-17 3.892054510991873207e-18 2.038191014065518781e-16
