1.017789999999999928e+01 1.669347725656233027e-04 1.646134486417431180e-04 1.640924931282486442e-04
1.043200000000000038e+01 1.563651647390357246e-04 1.556116513170527794e-04 1.566720205504431901e-04
1.068609999999999971e+01 1.504566678796207056e-04 1.470027202310950597e-04 1.467617183699954336e-04
1.094030000000000058e+01 1.374989052240062446e-04 1.415357978090924505e-04 1.408216080289348307e-04
1.119439999999999991e+01 1.340135438073360142e-04 1.327199043587898417e-04 1.318377387371351493e-04
1.144849999999999923e+01 1.306804994874044968e-04 1.242400806803263687e-04 1.233085065770858678e-04
1.171439999999999948e+01 1.213632454205862480e-04 1.181352987725147103e-04 1.185387708213030903e-04
1.205320000000000036e+01 1.133539792750001715e-04 1.108572034705826805e-04 1.103606249605050256e-04
1.239209999999999923e+01 1.061622310227540997e-04 1.036774720467653816e-04 1.035689687162646023e-04
1.273099999999999987e+01 9.749185830021820320e-05 9.839817469560061187e-05 9.800669971834649293e-05
1.306990000000000052e+01 9.288002090311408372e-05 9.128484941094743769e-05 9.174963608061681311e-05
1.340879999999999939e+01 8.558785751364858204e-05 8.667063766121894789e-05 8.695258529004513894e-05
1.374770000000000003e+01 8.268950886656723149e-05 8.069602137701052810e-05 8.055957451106431761e-05
1.408660000000000068e+01 7.981031085907381662e-05 7.514182071329309322e-05 7.504483886688269084e-05
1.442549999999999955e+01 7.327072995873540600e-05 7.191836289040989935e-05 7.150987899279079459e-05
1.476440000000000019e+01 6.732924057531371751e-05 6.842479267911075322e-05 6.880856814171383280e-05
1.510330000000000084e+01 6.795950792450481466e-05 6.312989683794582450e-05 6.218382834504930219e-05
1.544209999999999994e+01 6.241144403910737278e-05 6.034980107508686751e-05 6.004429916525814157e-05
1.585510000000000019e+01 5.642988798747188169e-05 5.732431572182670240e-05 5.758804332230885289e-05
1.630699999999999861e+01 5.415645300070732711e-05 5.314828057958736888e-05 5.247790552184502665e-05
1.675890000000000057e+01 4.890060206453143157e-05 5.012566885897241806e-05 5.030476304191909678e-05
1.721079999999999899e+01 4.750767886975423236e-05 4.631395477093301182e-05 4.588637621051419206e-05
1.766280000000000072e+01 4.445188062218710851e-05 4.335339618537477298e-05 4.312249870457574821e-05
1.811469999999999914e+01 4.046902230112228135e-05 4.098644468392513687e-05 4.126444527716482057e-05
1.856660000000000110e+01 3.794768706552054669e-05 3.851371153538030704e-05 3.875224743628687086e-05
1.901849999999999952e+01 3.610238392578198183e-05 3.613881262415103991e-05 3.603550133574392474e-05
1.947040000000000148e+01 3.502100241130714532e-05 3.352965543341290377e-05 3.328881194158225690e-05
1.992229999999999990e+01 3.123580141906288899e-05 3.225512470285438833e-05 3.236523461770272675e-05
2.037430000000000163e+01 2.969381117855075087e-05 3.035840275084996683e-05 3.030304106082838011e-05
2.085219999999999985e+01 2.807770897694368033e-05 2.844482178920421214e-05 2.847178853280587328e-05
2.145479999999999876e+01 2.638682274825335377e-05 2.635820162149815380e-05 2.637348317111456802e-05
2.205750000000000099e+01 2.389961348145919852e-05 2.485805488282553661e-05 2.500689298876300368e-05
2.266009999999999991e+01 2.294591889623937058e-05 2.282110505869522712e-05 2.309159220764327866e-05
2.326269999999999882e+01 2.106715292053829957e-05 2.165813298634343566e-05 2.162878667987276071e-05
2.386540000000000106e+01 1.921110740660083831e-05 2.044732091534755503e-05 2.054905811591196068e-05
2.446799999999999997e+01 1.831306129042232811e-05 1.909495733856565047e-05 1.899002734405301617e-05
2.507069999999999865e+01 1.780336397197972102e-05 1.762566055832015129e-05 1.745013160949070462e-05
2.567330000000000112e+01 1.662571739690981240e-05 1.650455802295931553e-05 1.647887313643406866e-05
2.627590000000000003e+01 1.554130915029206217e-05 1.567645257157508176e-05 1.539356383258537047e-05
2.687859999999999872e+01 1.407838978399998472e-05 1.484024557247172234e-05 1.486461899501326827e-05
2.748120000000000118e+01 1.403795306957197425e-05 1.364472137309248617e-05 1.352954411851583371e-05
2.822250000000000014e+01 1.262455657219765834e-05 1.278741783114409867e-05 1.298101306018436121e-05
2.902609999999999957e+01 1.197560224507467162e-05 1.192182163302665354e-05 1.193162001421016772e-05
2.982979999999999876e+01 1.100676111922927351e-05 1.117084981884836356e-05 1.119025199992354912e-05
3.063340000000000174e+01 1.053292719409698586e-05 1.029833700057511558e-05 1.070911901728240199e-05
3.143700000000000117e+01 9.711209863493827166e-06 9.694016415734307048e-06 9.682395610114095122e-06
3.224069999999999681e+01 8.892158939292004008e-06 9.163601769117080901e-06 9.168973174957961334e-06
3.304429999999999978e+01 8.384055030753228752e-06 8.592578972840875085e-06 8.427261777117680324e-06
3.384790000000000276e+01 8.205054881086449591e-06 7.886153729230363480e-06 7.775033598000381379e-06
3.465160000000000196e+01 7.129498528682892199e-06 7.663655374950514225e-06 7.609510025110413281e-06
3.545519999999999783e+01 7.027359381210338378e-06 7.019451873719010374e-06 6.954163822236691184e-06
3.625880000000000081e+01 6.679715860752306829e-06 6.530645660401801755e-06 6.526281339700464753e-06
3.711789999999999878e+01 6.187418666456616819e-06 6.160836769691379872e-06 6.152321277101436798e-06
3.818959999999999866e+01 5.580693480715665605e-06 5.767135907236291845e-06 5.843815196428037430e-06
3.926129999999999853e+01 5.360844987999876884e-06 5.322515361475626362e-06 5.321041929725896558e-06
4.033290000000000219e+01 5.105254048976955332e-06 4.912504486288424403e-06 4.894992158496325169e-06
4.140460000000000207e+01 4.450255171072393888e-06 4.735904583723183229e-06 4.719410843549274317e-06
4.247630000000000194e+01 4.396450824528687137e-06 4.270321215578713231e-06 4.347760012059043603e-06
4.354789999999999850e+01 3.953634069762061524e-06 4.074780772905765852e-06 4.140183877410492960e-06
4.461959999999999837e+01 3.707470418560268380e-06 3.851624836197743641e-06 3.811313278766156051e-06
4.569129999999999825e+01 3.537818525288832730e-06 3.550855120234186822e-06 3.566030064864335750e-06
4.676290000000000191e+01 3.279183281998245378e-06 3.346743722202659057e-06 3.351052279566193868e-06
4.783460000000000178e+01 3.065503290317528502e-06 3.145232555201765800e-06 3.150135986757878932e-06
4.890630000000000166e+01 2.949153649510081934e-06 2.919274236637509052e-06 2.909858847230351230e-06
5.023669999999999902e+01 2.737371164826179255e-06 2.716765749055782340e-06 2.726883153049386970e-06
5.166579999999999728e+01 2.497686817827819449e-06 2.555069498221377991e-06 2.555108454032298919e-06
5.309490000000000265e+01 2.370997904960875720e-06 2.360040999660907648e-06 2.349268992349992176e-06
5.452400000000000091e+01 2.184858139324196266e-06 2.215820353165902899e-06 2.210139465974146475e-06
5.595309999999999917e+01 2.035809245338549782e-06 2.062199207702519503e-06 2.054281654300326662e-06
5.738219999999999743e+01 1.881347580990837441e-06 1.918542658500824198e-06 1.930916312804689238e-06
5.881130000000000280e+01 1.767267939591240495e-06 1.824409817744083492e-06 1.790424685514265164e-06
6.024040000000000106e+01 1.687637960027171971e-06 1.658247367103878050e-06 1.684047152615964941e-06
6.166949999999999932e+01 1.515807554503974055e-06 1.598116445052266421e-06 1.585048198644301537e-06
6.309859999999999758e+01 1.459005421956589459e-06 1.468014356863153837e-06 1.478477782816759979e-06
6.452760000000000673e+01 1.389542933229784566e-06 1.375952509669441086e-06 1.362277096952229986e-06
6.607179999999999609e+01 1.288445416773118332e-06 1.292136104176667122e-06 1.286752336599646819e-06
6.797750000000000625e+01 1.187453878778872677e-06 1.203385735731226409e-06 1.193516938825476084e-06
6.988320000000000221e+01 1.104495751941609380e-06 1.116566514374766239e-06 1.118298054891513066e-06
7.178889999999999816e+01 1.004020817951025153e-06 1.050478166429981596e-06 1.050632334143451516e-06
7.369469999999999743e+01 9.711233744790278235e-07 9.555189565260836342e-07 9.669097581098320520e-07
7.560039999999999338e+01 9.052460219615938376e-07 9.165210031860018602e-07 9.034932877593472608e-07
7.750610000000000355e+01 8.394022209598801477e-07 8.333264600448791752e-07 8.469070652996881965e-07
7.941179999999999950e+01 7.779666578578106678e-07 7.888077354213902851e-07 7.889694548704450782e-07
8.131749999999999545e+01 7.225192618740695573e-07 7.478040089643317570e-07 7.308876228574504517e-07
8.322329999999999472e+01 6.794694476870178766e-07 6.961784836843856613e-07 6.876237714039444341e-07
8.512900000000000489e+01 6.724498140309223967e-07 6.359351408138601871e-07 6.500691720676270156e-07
8.703470000000000084e+01 6.034074965814880097e-07 5.938307943459765756e-07 6.197209642849532087e-07
8.942260000000000275e+01 5.428902271971891004e-07 5.699833895231975716e-07 5.728341502780137306e-07
9.196389999999999532e+01 5.103422834662527523e-07 5.333388084251242485e-07 5.183901583449610127e-07
9.450520000000000209e+01 4.847865207686796644e-07 5.064926313292584282e-07 4.852357860627695183e-07
9.704659999999999798e+01 4.514303841002780366e-07 4.551065818144867011e-07 4.521575871792089067e-07
9.958790000000000475e+01 4.174118681998635418e-07 4.241446183513083521e-07 4.204381762843066343e-07
1.021290000000000049e+02 3.891741262574272044e-07 3.955244882101477214e-07 3.983497259003054155e-07
1.046710000000000065e+02 3.650556321596498272e-07 3.697004955980517722e-07 3.670221977951979082e-07
1.072120000000000033e+02 3.436463896167074443e-07 3.496441739844907737e-07 3.388624508067543585e-07
1.097530000000000001e+02 3.211983770944033371e-07 3.261625122116972607e-07 3.159838969482161669e-07
1.122939999999999969e+02 2.993798199414041734e-07 2.971749736166359031e-07 3.150768036744670669e-07
1.148359999999999985e+02 2.832963958170206654e-07 2.812456212573899705e-07 2.774368330357373005e-07
1.176110000000000042e+02 2.633896894388466200e-07 2.670264769306204394e-07 2.614302802607310239e-07
1.210000000000000000e+02 2.442649636738984553e-07 2.294182718990607817e-07 2.553378813145563770e-07
1.243889999999999958e+02 2.276552402775774413e-07 2.257508676435482784e-07 2.246727617691132708e-07
1.277780000000000058e+02 2.089734912922183553e-07 2.085522391142681265e-07 2.125150781478584278e-07
1.311670000000000016e+02 1.959401811090929345e-07 2.029401438027232826e-07 1.871554574881838665e-07
1.345550000000000068e+02 1.796083276779595835e-07 1.896612106122325696e-07 1.762428145098079408e-07
1.379439999999999884e+02 1.643624532452545535e-07 1.784244764561504723e-07 1.658127166985950614e-07
1.413329999999999984e+02 1.544888588766856274e-07 1.597860889445694534e-07 1.525794520779222975e-07
1.447220000000000084e+02 1.474907846348043600e-07 1.490790220415141251e-07 1.452073710126277329e-07
1.481109999999999900e+02 1.372668459195368775e-07 1.323775380179038554e-07 1.438858262962009626e-07
1.515000000000000000e+02 1.284937301632908914e-07 1.306593047027764831e-07 1.276952646539326867e-07
1.548890000000000100e+02 1.210553897476188634e-07 1.178245227293168456e-07 1.230095943230643456e-07
1.591740000000000066e+02 1.113872407865323489e-07 1.123433290235887603e-07 1.119262793898789412e-07
1.636930000000000121e+02 1.017647174256725604e-07 1.044416038319264908e-07 1.047950542624010037e-07
1.682129999999999939e+02 9.323266618434595227e-08 9.824485078467660756e-08 9.692505271097746556e-08
1.727319999999999993e+02 8.623981148666852307e-08 8.880801076389667019e-08 9.289988470943484791e-08
1.772510000000000048e+02 8.225015698197466150e-08 8.324150478722166046e-08 8.359435279080371757e-08
1.817700000000000102e+02 7.597370780516296895e-08 7.895912489624659280e-08 7.685697033859045718e-08
1.862889999999999873e+02 7.148218018250268058e-08 7.134680159700616189e-08 7.306053710049120423e-08
1.908079999999999927e+02 6.672037776883867287e-08 6.745831508799630614e-08 6.700107699012617030e-08
1.953280000000000030e+02 6.233566996015712244e-08 6.307236911295778507e-08 6.230790820688511228e-08
1.998470000000000084e+02 5.838959485293857845e-08 5.731911079677089950e-08 5.950685507029054756e-08
2.043660000000000139e+02 5.403695381578826192e-08 5.536028845382900338e-08 5.420428525038275561e-08
2.093530000000000086e+02 5.115681010963482783e-08 4.993596356000534713e-08 5.131112382635983582e-08
2.153789999999999907e+02 4.673579056982061826e-08 4.911402147116528869e-08 4.510804651101412088e-08
2.214060000000000059e+02 4.310846285830847083e-08 4.283372139437397951e-08 4.459606282731757151e-08
2.274319999999999879e+02 3.976437365237146270e-08 4.054266158841413029e-08 4.072588462390234644e-08
2.334590000000000032e+02 3.673225375323254403e-08 3.749790541909301164e-08 3.810829536367446700e-08
2.394850000000000136e+02 3.362584698755638489e-08 3.440061434502025703e-08 3.630678767542337439e-08
2.455109999999999957e+02 3.152891850831535499e-08 3.169097681311500311e-08 3.383196186256966128e-08
2.515380000000000109e+02 2.884288759065557504e-08 3.002022558169762236e-08 3.145245376364681339e-08
2.575640000000000214e+02 2.705798481700606075e-08 2.934588471443656966e-08 2.770775470855739048e-08
2.635910000000000082e+02 2.511739812782519646e-08 2.738396937089505697e-08 2.585943346127975264e-08
2.696170000000000186e+02 2.429258013903887309e-08 2.447504985089210698e-08 2.431817142606903192e-08
2.756440000000000055e+02 2.288839917954155143e-08 2.268138023357828044e-08 2.261704379808017735e-08
2.833330000000000268e+02 2.051116987305804293e-08 2.147552549595442422e-08 2.109187496698754375e-08
2.913700000000000045e+02 1.896689881582870440e-08 1.964822390586360068e-08 1.970472420630769705e-08
2.994060000000000059e+02 1.787927871989315969e-08 1.803584238880957267e-08 1.804253204329727813e-08
3.074420000000000073e+02 1.590117997891056943e-08 1.640143370175480415e-08 1.771324652973463370e-08
3.154789999999999850e+02 1.524941960394902759e-08 1.576849214307811610e-08 1.543344821252795203e-08
3.235149999999999864e+02 1.418614765244815056e-08 1.438150635194980034e-08 1.449514332840205311e-08
3.315509999999999877e+02 1.273347320093030776e-08 1.345975981223450315e-08 1.380219043563519019e-08
3.395880000000000223e+02 1.236917803286418214e-08 1.247695916977157296e-08 1.235489405016425054e-08
3.476240000000000236e+02 1.136818409041164700e-08 1.165788340847100623e-08 1.142124028418317411e-08
3.556610000000000014e+02 1.025594183706353527e-08 1.098023008196484407e-08 1.098221921697162600e-08
3.636970000000000027e+02 9.869988559284100357e-09 1.001228097275945102e-08 1.011484125350547540e-08
3.726580000000000155e+02 9.246727692727139439e-09 9.311483019697610475e-09 9.303363925175254371e-09
3.833740000000000236e+02 8.169287315101165591e-09 8.774727011801564293e-09 8.774399816857273922e-09
3.940910000000000082e+02 7.790663133064143076e-09 7.964897904426484397e-09 8.013032033069377878e-09
4.048079999999999927e+02 7.312955073066672967e-09 7.348497491337765904e-09 7.329209694795564536e-09
4.155240000000000009e+02 6.382907509207576801e-09 6.990110360364670347e-09 6.982490940587754422e-09
4.262409999999999854e+02 5.983716499123921239e-09 6.354685390631712501e-09 6.537211964964367930e-09
4.369569999999999936e+02 5.859779628305453937e-09 5.800585031604197386e-09 5.846744581050351613e-09
4.476739999999999782e+02 5.223463198113691809e-09 5.528470647630609210e-09 5.498112645935700346e-09
4.583910000000000196e+02 4.530267763674228603e-09 5.375882758669793632e-09 5.279321722856848710e-09
4.691070000000000277e+02 4.355709065762183156e-09 4.783225703584444608e-09 4.887374844973375354e-09
4.798240000000000123e+02 4.374812932517023477e-09 4.280316363890289852e-09 4.384232188312689175e-09
4.905409999999999968e+02 4.038332812137009075e-09 4.132952496485118760e-09 3.957620973857873811e-09
5.043389999999999986e+02 3.354837471981542247e-09 3.928299022702461460e-09 3.908360791227997946e-09
5.186299999999999955e+02 3.014497556268848167e-09 3.614711034722035033e-09 3.690595111657118204e-09
5.329199999999999591e+02 3.132303754232134758e-09 3.156229695052678536e-09 3.247779058083188509e-09
5.472110000000000127e+02 3.013437526102261929e-09 2.881332091352414266e-09 2.921124190449325534e-09
5.615019999999999527e+02 2.582872110216034228e-09 2.923135653894224213e-09 2.651419623985743202e-09
5.757930000000000064e+02 2.195062871759894822e-09 2.527178452125922288e-09 2.832389217402184090e-09
5.900839999999999463e+02 2.063096261723748781e-09 2.413674125253253826e-09 2.521596554248489577e-09
6.043750000000000000e+02 2.125742810457523987e-09 2.044708388783308441e-09 2.321884516599168634e-09
6.186660000000000537e+02 2.104354394354902015e-09 1.946056250108025076e-09 1.973234488125073715e-09
6.329569999999999936e+02 1.823851993794298601e-09 1.880909657287992002e-09 1.884615131132110065e-09
6.472480000000000473e+02 1.560532277451721241e-09 1.841170047306243505e-09 1.790860397599636303e-09
6.633460000000000036e+02 1.393411752395777259e-09 1.697208480011436419e-09 1.715681230285587325e-09
6.824039999999999964e+02 1.389119660433232322e-09 1.497972781076221870e-09 1.540838493274546574e-09
7.014610000000000127e+02 1.385188754242791616e-09 1.336454801498202503e-09 1.360183496543519136e-09
7.205180000000000291e+02 1.267165337625412618e-09 1.252360645242669650e-09 1.267470932146512777e-09
7.395750000000000455e+02 1.079605574653082305e-09 1.207813527949095211e-09 1.195432030613870815e-09
7.586319999999999482e+02 9.253214172643306834e-10 1.145965688459006933e-09 1.151167274126342824e-09
7.776900000000000546e+02 8.533362440830206543e-10 1.057748189780661061e-09 1.071045083662608867e-09
7.967469999999999573e+02 8.393268287086263884e-10 9.490318852479529727e-10 9.731821579179014568e-10
8.158039999999999736e+02 8.536450757333514742e-10 8.367736141293283721e-10 8.740335097222241187e-10
8.348609999999999900e+02 8.217414614110439672e-10 7.610893535381961089e-10 7.888571276869202548e-10
8.539180000000000064e+02 7.552271383178128999e-10 7.217847006023432155e-10 7.220156102841643970e-10
8.729759999999999991e+02 6.561907163259444305e-10 6.979023901100852657e-10 6.858821829708507118e-10
8.977309999999999945e+02 5.379243807869463509e-10 6.724176995732913652e-10 6.666096168360665199e-10
9.231449999999999818e+02 4.537640558827167565e-10 6.475344630630051937e-10 6.285899810245424031e-10
9.485579999999999927e+02 4.348807005805092197e-10 5.791426893191012300e-10 5.800121885949470628e-10
9.739710000000000036e+02 4.463092837425719404e-10 5.041039373205132432e-10 5.211512810105790852e-10
9.993840000000000146e+02 4.599658355266315378e-10 4.375070894583938104e-10 4.615566156180550051e-10
1.024799999999999955e+03 4.479382803067501030e-10 3.980629893557539475e-10 4.093487900161617907e-10
1.050210000000000036e+03 4.065276533545461539e-10 3.750589229131814239e-10 3.799917911333142737e-10
1.075619999999999891e+03 3.453030598176856398e-10 3.689250862672129999e-10 3.604119229548190891e-10
1.101039999999999964e+03 2.804959376433940450e-10 3.672955098555062491e-10 3.457481146019243441e-10
1.126450000000000045e+03 2.311207595235097151e-10 3.526164930239767908e-10 3.369241303161031978e-10
1.151859999999999900e+03 2.016052402493159147e-10 3.235166819635462751e-10 3.279822427928796327e-10
1.180779999999999973e+03 1.915442720018646485e-10 2.925726423301412928e-10 3.034889170520040878e-10
1.214670000000000073e+03 2.020657788657039248e-10 2.565296493337521674e-10 2.657817834107263361e-10
1.248559999999999945e+03 2.138935589795410223e-10 2.183024075330941864e-10 2.347633766559055346e-10
1.282450000000000045e+03 2.141017543597553051e-10 1.931072943167429608e-10 2.070635084706313526e-10
1.316339999999999918e+03 2.005112762685966350e-10 1.807529689142378600e-10 1.856909750011923368e-10
1.350230000000000018e+03 1.754377083367689173e-10 1.706088000762544960e-10 1.772136579250617853e-10
1.384119999999999891e+03 1.493435790996040773e-10 1.713732907893297303e-10 1.625748252745996397e-10
1.418009999999999991e+03 1.167476424747857806e-10 1.678527924758294468e-10 1.617760553698790454e-10
1.451900000000000091e+03 1.004169552716566668e-10 1.645363209369698685e-10 1.480227648637697990e-10
1.485789999999999964e+03 7.948657007226071374e-11 1.419976126251886827e-10 1.604275616014064364e-10
1.519670000000000073e+03 7.014094984940881814e-11 1.343904522550143188e-10 1.487929124403194958e-10
1.553559999999999945e+03 6.914472724940400343e-11 1.250087984252192321e-10 1.325672024471626346e-10
1.597980000000000018e+03 7.209511426040745458e-11 1.070481057191413438e-10 1.213486156472614702e-10
1.643170000000000073e+03 7.839506968556813071e-11 9.670358649731468610e-11 1.011835176028972983e-10
1.688359999999999900e+03 8.012777428388646677e-11 8.476167052703796679e-11 8.939985387037265795e-11
1.733549999999999955e+03 8.016059627400033953e-11 7.225780146075853094e-11 8.185071289320795694e-11
1.778740000000000009e+03 7.707290941640527060e-11 6.717121891965007772e-11 7.175697438688839026e-11
1.823930000000000064e+03 7.097226401436515762e-11 6.427289752203218531e-11 6.391282237622516480e-11
1.869130000000000109e+03 6.323129113900713309e-11 6.409320261793649621e-11 5.664654998097026894e-11
1.914319999999999936e+03 5.419761053248100897e-11 6.439500926644322436e-11 5.131463587425214147e-11
1.959509999999999991e+03 4.519917053800981413e-11 5.494966968051371361e-11 5.684171534455480331e-11
2.004700000000000045e+03 3.921837377525169271e-11 4.753439971730361000e-11 5.826088880269563649e-11
2.049889999999999873e+03 3.176502692810993561e-11 6.122213710344261487e-11 4.112737337922170145e-11
2.101840000000000146e+03 2.448098363851018972e-11 5.220168960112040731e-11 4.689719469242673529e-11
2.162110000000000127e+03 1.983842494874304072e-11 4.634309057216827290e-11 4.733548495491404192e-11
2.222369999999999891e+03 1.788552610860242129e-11 3.651156719474177934e-11 4.999041477318186143e-11
2.282630000000000109e+03 1.830886751142025737e-11 3.554312848725272083e-11 4.214283924290590374e-11
2.342900000000000091e+03 1.630534501396625088e-11 4.073958741708204281e-11 3.144553635025693211e-11
2.403159999999999854e+03 1.590783966853053078e-11 2.786639485551692102e-11 3.778970857400073040e-11
2.463429999999999836e+03 1.692720245969426497e-11 3.097108460893662343e-11 2.733326793318706810e-11
2.523690000000000055e+03 1.681418647488834864e-11 2.279250249515134826e-11 2.977247558673542082e-11
2.583960000000000036e+03 1.675130636514080436e-11 2.328223394714029576e-11 2.406547851095432509e-11
2.644219999999999800e+03 1.735060444729745084e-11 2.026686107872897519e-11 2.157305442719926098e-11
2.704480000000000018e+03 1.703422610095000883e-11 1.737913360121406500e-11 2.022703539657760038e-11
2.764750000000000000e+03 1.661970872246534628e-11 1.589033711710505167e-11 1.801248696178373751e-11
2.844420000000000073e+03 1.619301866882767161e-11 1.415119035221041219e-11 1.601967840749741819e-11
2.924780000000000200e+03 1.554108091377941937e-11 1.321209259738740010e-11 1.383429700527165074e-11
3.005150000000000091e+03 1.459816003147802628e-11 1.170249517037641167e-11 1.285940897355272821e-11
3.085510000000000218e+03 1.337612236685183952e-11 1.088554734214119841e-11 1.178080158359266026e-11
3.165869999999999891e+03 1.227707698120510698e-11 1.045648030206174047e-11 1.043534872740749062e-11
3.246239999999999782e+03 1.114797373892742005e-11 9.859504246390637962e-12 9.592849096890305919e-12
3.326599999999999909e+03 9.926379504076574333e-12 9.251266358964482175e-12 9.037462358885432663e-12
3.406960000000000036e+03 8.733400259658430705e-12 8.738525466167148666e-12 8.558618581070969849e-12
3.487329999999999927e+03 7.626313892996194176e-12 8.266523323204242287e-12 8.113846526956572771e-12
3.567690000000000055e+03 6.652729242592054412e-12 7.812776983495336769e-12 7.714456326303699377e-12
3.648050000000000182e+03 5.814249644364951216e-12 7.395086073647783763e-12 7.267837019467485431e-12
3.741360000000000127e+03 4.924135980303342237e-12 6.993780416324225557e-12 6.928347159520796777e-12
3.848519999999999982e+03 3.996920487701128255e-12 6.611960415041852378e-12 6.690016627456105098e-12
3.955690000000000055e+03 3.266441347288610535e-12 6.246826721559843556e-12 6.363114988152643874e-12
4.062860000000000127e+03 2.713567079743824718e-12 5.864194424782595293e-12 6.039409275106539890e-12
4.170020000000000437e+03 2.312252007819508685e-12 5.488967808367826657e-12 5.650631735545202090e-12
4.277189999999999600e+03 2.053364601619381620e-12 5.218864099265199652e-12 5.117714541490741958e-12
4.384359999999999673e+03 1.854903649114002917e-12 5.045987184066258956e-12 4.518821235114089038e-12
4.491520000000000437e+03 1.570247659455364212e-12 4.737681792337476103e-12 4.212689912134129943e-12
4.598689999999999600e+03 1.228810210565040383e-12 4.191772734741241167e-12 4.292425576872789401e-12
4.705859999999999673e+03 1.108394252821986755e-12 3.815636153112587633e-12 4.037938441290085794e-12
4.813020000000000437e+03 1.156736579776016273e-12 3.695646245273261946e-12 3.412442312890868759e-12
4.920189999999999600e+03 9.859713576693244614e-13 3.268083788027799503e-12 3.382209316905314325e-12
5.063100000000000364e+03 8.902424460188952787e-13 2.888455244859839975e-12 3.223144863354861998e-12
5.206010000000000218e+03 8.771270561981990628e-13 2.671060748559914257e-12 2.879603847864465803e-12
5.348920000000000073e+03 9.251797103554253486e-13 2.509261874463007539e-12 2.472812919748899057e-12
5.491819999999999709e+03 9.158479516163662591e-13 2.177104611887688356e-12 2.341037755762251423e-12
5.634729999999999563e+03 8.625625765350871568e-13 1.920963846326755984e-12 2.212810180579708693e-12
5.777640000000000327e+03 8.800815352675868492e-13 1.826550383914136046e-12 1.900774463625718031e-12
5.920550000000000182e+03 8.768527554969372952e-13 1.567323031621071449e-12 1.801901687494880801e-12
6.063460000000000036e+03 8.494311860644425118e-13 1.451995065421054492e-12 1.613891455063775680e-12
6.206369999999999891e+03 8.472655111298120882e-13 1.288541275017752081e-12 1.472250811058069476e-12
6.349279999999999745e+03 8.234690106934276058e-13 1.177950829621251606e-12 1.330654816453462220e-12
6.492189999999999600e+03 8.050508167436780245e-13 1.040241854076763563e-12 1.229579659624853380e-12
6.659750000000000000e+03 7.873006835286877853e-13 9.700821305273931728e-13 1.070595422608213203e-12
6.850319999999999709e+03 7.636546360181393891e-13 8.066397840132733333e-13 1.019975091002080011e-12
7.040890000000000327e+03 7.421666177151715315e-13 7.915909098928937046e-13 8.488170024138199560e-13
7.231470000000000255e+03 7.164067721103003992e-13 6.471559585610553183e-13 8.259968708627886426e-13
7.422039999999999964e+03 6.842513274152075415e-13 6.404284866751769973e-13 6.894598732192987514e-13
7.612609999999999673e+03 6.558355618909402340e-13 5.156169517318321971e-13 6.828988474046382219e-13
7.803180000000000291e+03 6.199722732942760624e-13 5.540645246325429366e-13 5.321170301756426958e-13
7.993750000000000000e+03 5.916080616112822115e-13 3.755830867201086489e-13 6.074799607767874303e-13
8.184329999999999927e+03 5.529763847367858641e-13 5.127828288139868019e-13 3.859902445471076632e-13
8.374899999999999636e+03 5.287174805402245618e-13 2.863855686755803224e-13 5.239428614190562118e-13
8.565469999999999345e+03 4.864380179763841411e-13 3.881448716851661745e-13 3.594743320498999175e-13
8.758229999999999563e+03 4.625174151718218058e-13 3.548131977050630799e-13 3.223468452326780616e-13
9.012370000000000800e+03 4.271108222033733906e-13 2.342591205355560887e-13 3.831703224082643235e-13
9.266500000000000000e+03 3.972960730891726372e-13 3.492242513406204944e-13 2.120056630652273887e-13
9.520629999999999200e+03 3.731470744521628929e-13 1.351504418297353857e-13 3.722782884557593623e-13
9.774760000000000218e+03 3.316261278744626818e-13 3.262178747583333907e-13 1.505025522017865401e-13
1.002889999999999964e+04 3.247106877966338438e-13 1.615772842217434876e-13 2.587936311442743895e-13
1.028300000000000000e+04 2.850189309647418587e-13 1.465206079025729845e-13 2.543618790622974790e-13
1.053720000000000073e+04 2.621922514145087892e-13 2.818729134215303505e-13 8.785222198878577106e-14
1.079129999999999927e+04 2.563526763281298980e-13 1.024450868193663421e-13 2.228886086034316351e-13
1.104539999999999964e+04 2.206073265664078303e-13 1.046201288105835998e-13 2.119940797429315476e-13
1.129960000000000036e+04 1.993513651185751888e-13 2.371222140272710312e-13 5.894779432522075419e-14
1.155370000000000073e+04 1.996127886145125200e-13 1.307651201998209687e-13 1.267535560123996879e-13
1.185460000000000036e+04 1.737473607878067725e-13 4.485261375367351446e-14 2.016243402293629408e-13
1.219350000000000000e+04 1.474449455903758404e-13 1.904228088576763947e-13 4.659354201064688945e-14
1.253239999999999964e+04 1.518469533169332786e-13 1.076670879738680082e-13 9.406290166959084802e-14
1.287129999999999927e+04 1.304465021594436329e-13 2.624190814566516752e-14 1.681139000155058067e-13
1.321010000000000036e+04 1.068071388693306110e-13 1.374259748203660220e-13 5.444964449924060638e-14
1.354900000000000000e+04 1.096673404052209343e-13 1.354376926669759510e-13 2.979634512148961393e-14
1.388789999999999964e+04 1.049733410971287492e-13 2.725364067914706931e-14 1.204917613352327190e-13
1.422679999999999927e+04 8.301593062741676913e-14 3.696131917506667866e-14 1.132367439797597332e-13
1.456570000000000073e+04 7.097926225435676160e-14 1.168067791366860322e-13 2.715631928717012835e-14
1.490460000000000036e+04 7.448492579624190922e-14 1.077879248146689588e-13 1.561607200811095205e-14
1.524350000000000000e+04 7.358221478938934684e-14 3.290350661537235921e-14 7.634444724467263811e-14
1.559020000000000073e+04 5.983227474345321632e-14 8.919375385921800766e-15 9.978030657034228229e-14
1.604210000000000036e+04 4.531751705139795635e-14 7.321520855966497454e-14 3.581638962940159602e-14
1.649400000000000000e+04 4.781658030177935978e-14 9.008780571365295928e-14 3.635514709093515716e-15
1.694590000000000146e+04 4.961830687446323421e-14 3.078967774470489761e-14 4.952937905166980512e-14
1.739779999999999927e+04 3.938605609805766983e-14 4.053280651032144175e-15 7.566647221144821951e-14
1.784979999999999927e+04 2.869281596971493548e-14 3.937237698668194056e-14 4.166298501974012229e-14
1.830170000000000073e+04 2.733768974306418774e-14 7.005392176953836598e-14 3.546150406875838827e-15
1.875359999999999854e+04 3.088354242345385992e-14 5.406334922885028585e-14 7.974936417724496825e-15
1.920550000000000000e+04 3.037797422307409717e-14 1.721125028767275040e-14 3.783575901759488566e-14
1.965740000000000146e+04 2.426764228559286804e-14 1.485240875805574000e-15 5.309709992086941359e-14
2.010929999999999927e+04 1.731306630575774211e-14 1.575466565215346412e-14 3.959377330584346256e-14
2.056129999999999927e+04 1.418396354471146899e-14 3.848482771410174287e-14 1.433072949437438848e-14
2.110150000000000000e+04 1.564155967160282825e-14 4.645100799744001561e-14 -7.815254099396349226e-16
2.170420000000000073e+04 1.807194384869689414e-14 2.684724076203693219e-14 1.137358090973939857e-14
2.230679999999999927e+04 1.623679603478336835e-14 4.650165890947374160e-15 3.069328057353838900e-14
2.290950000000000000e+04 1.143458065356834801e-14 2.354920777829791459e-15 3.352604039115357802e-14
2.351209999999999854e+04 7.687541435824708338e-15 1.593258012443296660e-14 1.982687429001841071e-14
2.411470000000000073e+04 6.989272279321398634e-15 2.837082398734044525e-14 4.466070398874295824e-15
2.471740000000000146e+04 8.370840645226580613e-15 2.910064703323866746e-14 -7.653485358798630803e-16
2.532000000000000000e+04 9.590970251916456001e-15 1.940508457094920096e-14 4.754110375635480498e-15
2.592270000000000073e+04 9.300467276143716510e-15 7.619940368008179518e-15 1.413156612820830371e-14
2.652529999999999927e+04 7.540768859076233496e-15 8.733279450878042702e-16 2.010798181213768474e-14
2.712800000000000000e+04 5.302400759514661412e-15 1.257751159210414688e-15 1.974876221248771848e-14
2.775140000000000146e+04 3.488881356613088572e-15 6.656647922036721498e-15 1.405325676504584120e-14
2.855500000000000000e+04 2.736092479157979534e-15 1.440518695480238861e-14 4.982120080686140736e-15
2.935870000000000073e+04 3.341341220301508707e-15 1.707361822698644747e-14 -1.648231144837010543e-16
3.016229999999999927e+04 4.227979326069114635e-15 1.371629679354474789e-14 5.488475266747066246e-16
3.096590000000000146e+04 4.567013510110559834e-15 7.612670318800846865e-15 4.826002444472437713e-15
3.176959999999999854e+04 4.083686818705523905e-15 2.378592780730460107e-15 9.132395395653220899e-15
3.257320000000000073e+04 3.076622472848329259e-15 1.384235494020211888e-16 1.109952194495236365e-14
3.337680000000000291e+04 1.999006311727648759e-15 9.024742593494771666e-16 1.021035652795221210e-14
3.418050000000000000e+04 1.224540804664989339e-15 3.406062780095697371e-15 7.450843607550098129e-15
3.498409999999999854e+04 8.769148947690861057e-16 6.090531451512710720e-15 4.128805100979477533e-15
3.578780000000000291e+04 9.086312664331972705e-16 7.844949930029115099e-15 1.444443740312136854e-15
3.659140000000000146e+04 1.155767026870738462e-15 8.195767620567873246e-15 -6.815077379907421373e-18
3.756140000000000146e+04 1.529791701735131160e-15 7.145666718998301868e-15 -9.490670983104631832e-17
3.863309999999999854e+04 1.778595456267389629e-15 4.821863554439608964e-15 1.233355720735486152e-15
3.970469999999999709e+04 1.744236912863550377e-15 2.406935170923605153e-15 3.008945138820097393e-15
4.077640000000000146e+04 1.470306528155258887e-15 7.194162453224364907e-16 4.361821532466695541e-15
4.184800000000000000e+04 1.077141831583420593e-15 4.551437539886857188e-17 4.877151899607821383e-15
4.291969999999999709e+04 6.860765837155065851e-16 2.486078621277741587e-16 4.543958037361586211e-15
4.399140000000000146e+04 3.890140555858589346e-16 9.815079289731957945e-16 3.665272470080855922e-15
4.506300000000000000e+04 2.146495139255845232e-16 1.865266366861123541e-15 2.535854771277972718e-15
4.613469999999999709e+04 1.588305857095601968e-16 2.612398011076428288e-15 1.461635587847490692e-15
4.720640000000000146e+04 1.902324656683819624e-16 3.052550058256766358e-15 6.281106476776187838e-16
4.827800000000000000e+04 2.711642497505124603e-16 3.167430155870571758e-15 1.190941171034625755e-16
4.939900000000000000e+04 3.699180484135071014e-16 2.971563063881595560e-15 -8.231652973900264113e-17
5.082809999999999854e+04 4.811380453931929483e-16 2.451823072698693857e-15 3.802467308698631157e-17
5.225719999999999709e+04 5.366977543834752595e-16 1.757350248784008586e-15 4.048585659709861568e-16
5.368630000000000291e+04 5.363960573267981129e-16 1.094236781528664321e-15 8.441957359184334488e-16
5.511540000000000146e+04 4.834406344752312927e-16 5.569204891248165071e-16 1.218611266976941107e-15
5.654450000000000000e+04 3.994145675294231134e-16 2.045317720173258101e-16 1.459923827525009619e-15
5.797350000000000000e+04 3.033470356534528620e-16 3.461618342674755995e-17 1.548915206100789926e-15
5.940259999999999854e+04 2.098959399987889853e-16 1.358814000345836762e-17 1.496022144905035947e-15
6.083169999999999709e+04 1.315085520915222326e-16 9.496840799585136193e-17 1.351403653658655392e-15
6.226080000000000291e+04 7.116247020980360303e-17 2.317146118306222652e-16 1.139433467617164999e-15
6.368990000000000146e+04 3.056126519840115948e-17 3.834505015645958133e-16 9.004885572783774453e-16
6.511900000000000000e+04 8.119109143007686659e-18 5.255832293963880537e-16 6.724261838742477221e-16
6.686039999999999418e+04 2.283856902490954462e-19 6.657570235929965031e-16 4.317451908583568323e-16
6.876610000000000582e+04 8.340654952072745932e-18 7.625233715692951964e-16 2.273815811125186726e-16
7.067180000000000291e+04 2.613457705343049824e-17 7.941462809072208814e-16 8.836620554762185360e-17
7.257750000000000000e+04 4.712320256924076072e-17 7.698969677222871001e-16 1.073015028802910621e-17
7.448319999999999709e+04 6.640357750827495467e-17 7.011517547466771835e-16 -1.661020798053804378e-17
7.638900000000000000e+04 8.209402946712131090e-17 6.130050415323117042e-16 -7.709844298383639578e-18
7.829469999999999709e+04 9.203014166344016411e-17 5.098939384855302097e-16 2.408055162456159545e-17
8.020039999999999418e+04 9.649071924810381969e-17 4.067099869626521185e-16 6.710128140843343067e-17
8.210610000000000582e+04 9.568270253779755809e-17 3.098136345931161312e-16 1.120664699757115735e-16
8.401180000000000291e+04 9.161141613804763617e-17 2.273169575288851473e-16 1.540690303443419848e-16
8.591760000000000582e+04 8.423815418666118565e-17 1.578945149557078893e-16 1.880010545336201873e-16
8.793289999999999418e+04 7.490196634968984182e-17 1.011207591829375546e-16 2.148893858544178245e-16
9.047419999999999709e+04 6.317955019581667975e-17 5.180575518865255196e-17 2.390526396262605083e-16
9.301550000000000000e+04 5.056374984201955842e-17 2.105496344642563883e-17 2.471175024370354065e-16
9.555680000000000291e+04 3.902683531609726044e-17 5.558071089085966514e-18 2.454150353162756448e-16
9.809810000000000582e+04 2.843859263542012199e-17 1.045111918187292763e-18 2.326882909541484188e-16
1.006390000000000000e+05 1.952599304734038522e-17 4.021447847766795499e-18 2.140304135625414038e-16
