1.017789999999999928e+01 1.456363668406930622e-04 1.441165641845094545e-04 1.433849025499873921e-04
1.043200000000000038e+01 1.366324842519074287e-04 1.360555560813932511e-04 1.369914036810739911e-04
1.068609999999999971e+01 1.315747938746129908e-04 1.286304222327122203e-04 1.284523322934255326e-04
1.094030000000000058e+01 1.203508737202482488e-04 1.239237582104533921e-04 1.232946791241283006e-04
1.119439999999999991e+01 1.174114600860178047e-04 1.162742806680750900e-04 1.155589559407967429e-04
1.144849999999999923e+01 1.145795944535036762e-04 1.089741623244460029e-04 1.081670184721317794e-04
1.171439999999999948e+01 1.065037192509403073e-04 1.037121918778899458e-04 1.037870810449319155e-04
1.205320000000000036e+01 9.958481803852342260e-05 9.738954532167786804e-05 9.702397795902771994e-05
1.239209999999999923e+01 9.342561069053086694e-05 9.119314308830317494e-05 9.109696753536052863e-05
1.273099999999999987e+01 8.576431191862524757e-05 8.663557110257922211e-05 8.629389265911929308e-05
1.306990000000000052e+01 8.179465547670410671e-05 7.946322399074090743e-05 8.085465196645733835e-05
1.340879999999999939e+01 7.544660108029929908e-05 7.646901145829514428e-05 7.670373410881510588e-05
1.374770000000000003e+01 7.293376538788988212e-05 7.126678268720434636e-05 7.115137207830142096e-05
1.408660000000000068e+01 7.048747582107807279e-05 6.642095666963716285e-05 6.633984497568999291e-05
1.442549999999999955e+01 6.478247975336758426e-05 6.363185956579846356e-05 6.327470495234281558e-05
1.476440000000000019e+01 5.957191601219992573e-05 6.061192582531466663e-05 6.095866545851927727e-05
1.510330000000000084e+01 6.022450023211973569e-05 5.597208778249736141e-05 5.513566015263627077e-05
1.544209999999999994e+01 5.534356432076028914e-05 5.353912621138374816e-05 5.331113832193162507e-05
1.585510000000000019e+01 5.007562213547716581e-05 5.094965802616630078e-05 5.114286406661860198e-05
1.630699999999999861e+01 4.813104101752900391e-05 4.727821325208279168e-05 4.669244619367654949e-05
1.675890000000000057e+01 4.347407004550186689e-05 4.463925924302081260e-05 4.480668016769047131e-05
1.721079999999999899e+01 4.230271165132990906e-05 4.129049573415995926e-05 4.091443843124938952e-05
1.766280000000000072e+01 3.961969124235381720e-05 3.869726513264522798e-05 3.848473825743406663e-05
1.811469999999999914e+01 3.610998141186340046e-05 3.662541319576288588e-05 3.688066233417222796e-05
1.856660000000000110e+01 3.391060794091801072e-05 3.445260056423635713e-05 3.467142099794519181e-05
1.901849999999999952e+01 3.229567930827666438e-05 3.236679614104955157e-05 3.228125999806188967e-05
1.947040000000000148e+01 3.135769766430189742e-05 3.007433263801853330e-05 2.986268011126713549e-05
1.992229999999999990e+01 2.800285472200206833e-05 2.896646526905073102e-05 2.908728746165892927e-05
2.037430000000000163e+01 2.665534561019276908e-05 2.729949252569378350e-05 2.725343692343445932e-05
2.085219999999999985e+01 2.524758362858065867e-05 2.560768776888936018e-05 2.563744852701494920e-05
2.145479999999999876e+01 2.375398910412598703e-05 2.375461824910984914e-05 2.377193117860314464e-05
2.205750000000000099e+01 2.153603718617437204e-05 2.242702342688990448e-05 2.257476966740037090e-05
2.266009999999999991e+01 2.068474875311142683e-05 2.062409323794642756e-05 2.086393875525109225e-05
2.326269999999999882e+01 1.901950325280603413e-05 1.958973331482794693e-05 1.956450463821189179e-05
2.386540000000000106e+01 1.736766474627209110e-05 1.852512877653092542e-05 1.861196525318479708e-05
2.446799999999999997e+01 1.658656859695916883e-05 1.729692614790700756e-05 1.721588868621620646e-05
2.507069999999999865e+01 1.613132007618968584e-05 1.606846193165193887e-05 1.584619178998178802e-05
2.567330000000000112e+01 1.510209709659447933e-05 1.500221286587276887e-05 1.498123395291143386e-05
2.627590000000000003e+01 1.413078382770898201e-05 1.426833636343636779e-05 1.400967749955713476e-05
2.687859999999999872e+01 1.281750284404389943e-05 1.352842801667561627e-05 1.358143598134935119e-05
2.748120000000000118e+01 1.280137321934891267e-05 1.245572789084192214e-05 1.235153353062302291e-05
2.822250000000000014e+01 1.152084940746297726e-05 1.169195402695139579e-05 1.183273579010182335e-05
2.902609999999999957e+01 1.094537313432015178e-05 1.090766032254928693e-05 1.089047751330533443e-05
2.982979999999999876e+01 1.007233713027064642e-05 1.023452244295649999e-05 1.025279195824866109e-05
3.063340000000000174e+01 9.646461035453888632e-06 9.446606774613597139e-06 9.825002586167186320e-06
3.143700000000000117e+01 8.906685379310706299e-06 8.902594875349021880e-06 8.892223648415353179e-06
3.224069999999999681e+01 8.167111745872756337e-06 8.425234731423364982e-06 8.417356181723208852e-06
3.304429999999999978e+01 7.708560671071469609e-06 7.910645225487543015e-06 7.735649141260463857e-06
3.384790000000000276e+01 7.555968751874155781e-06 7.294900148066057064e-06 7.193402811596553187e-06
3.465160000000000196e+01 6.572054225113822180e-06 7.077750580669328934e-06 7.026388116966094290e-06
3.545519999999999783e+01 6.487055875002465958e-06 6.490430549814616471e-06 6.429540212639603672e-06
3.625880000000000081e+01 6.175968847418973836e-06 6.046439244389552876e-06 6.042495809574422699e-06
3.711789999999999878e+01 5.730088745431490158e-06 5.711767767230706958e-06 5.703914472430634637e-06
3.818959999999999866e+01 5.170585032318658888e-06 5.352249444822449061e-06 5.424647629752683213e-06
3.926129999999999853e+01 4.976793754235082497e-06 4.944720393159593745e-06 4.943669823637830318e-06
4.033290000000000219e+01 4.746358658001024646e-06 4.562843473154435500e-06 4.557411155209783484e-06
4.140460000000000207e+01 4.147301366121577351e-06 4.410331786986160485e-06 4.395451410292268951e-06
4.247630000000000194e+01 4.094459715173794236e-06 3.978306712951613866e-06 4.054259688092051909e-06
4.354789999999999850e+01 3.687113942816845321e-06 3.803568133482501534e-06 3.865178271199380882e-06
4.461959999999999837e+01 3.461584247527918107e-06 3.601511684061577371e-06 3.562888715051382343e-06
4.569129999999999825e+01 3.308764273976609803e-06 3.322949676302131334e-06 3.338201023156442405e-06
4.676290000000000191e+01 3.068840549425981951e-06 3.137477353609845869e-06 3.141186632412400745e-06
4.783460000000000178e+01 2.873865409116863349e-06 2.951806490060083315e-06 2.957123523405865492e-06
4.890630000000000166e+01 2.769445667846657571e-06 2.743908736190104295e-06 2.734934320170477497e-06
5.023669999999999902e+01 2.573762888289269249e-06 2.556402171607670471e-06 2.565932390801731761e-06
5.166579999999999728e+01 2.359605670002936511e-06 2.405068539473484188e-06 2.407278972266776597e-06
5.309490000000000265e+01 2.236773030040679727e-06 2.225223967429658846e-06 2.219063349561542602e-06
5.452400000000000091e+01 2.061241965880279766e-06 2.091350150506417929e-06 2.086382974437319207e-06
5.595309999999999917e+01 1.925288513988802714e-06 1.946352886655913616e-06 1.941287274270746193e-06
5.738219999999999743e+01 1.778432262181952759e-06 1.814959168647524601e-06 1.829658142465020053e-06
5.881130000000000280e+01 1.670982378763937528e-06 1.727985331427513683e-06 1.695828639523878812e-06
6.024040000000000106e+01 1.601296964781649862e-06 1.566082132397565194e-06 1.597066595012438232e-06
6.166949999999999932e+01 1.441333913916467159e-06 1.517456893380379722e-06 1.521023841381783909e-06
6.309859999999999758e+01 1.385703510707401208e-06 1.395531792688277524e-06 1.405783373980580488e-06
6.452760000000000673e+01 1.325671448343772606e-06 1.307774401856623048e-06 1.292016245498002469e-06
6.607179999999999609e+01 1.228195838379786164e-06 1.232081918964164767e-06 1.222040830321019977e-06
6.797750000000000625e+01 1.130013912044987662e-06 1.148264701800235058e-06 1.138432683951201114e-06
6.988320000000000221e+01 1.054038710893266348e-06 1.066395071850449753e-06 1.068087296341400509e-06
7.178889999999999816e+01 9.591996163444052339e-07 1.004182691394628048e-06 1.004303030151723129e-06
7.369469999999999743e+01 9.288316470018242231e-07 9.234322938429732878e-07 9.251767228645800792e-07
7.560039999999999338e+01 8.665016166303661767e-07 8.784316113510037093e-07 8.633354645611921073e-07
7.750610000000000355e+01 8.053716890259849099e-07 8.000868860466385271e-07 8.126230041216971127e-07
7.941179999999999950e+01 7.493576819656582042e-07 7.571266491611225258e-07 7.569488119076408413e-07
8.131749999999999545e+01 6.939635828293052610e-07 7.172368345138776165e-07 7.023150823580862545e-07
8.322329999999999472e+01 6.534004861516335391e-07 6.694195064771520056e-07 6.606012969453883109e-07
8.512900000000000489e+01 6.474649961752946528e-07 6.124900813027708450e-07 6.261076554954216859e-07
8.703470000000000084e+01 5.817044035333952401e-07 5.745020834393404270e-07 5.976231840574670923e-07
8.942260000000000275e+01 5.237960784618593580e-07 5.496135057196629801e-07 5.530378645696503713e-07
9.196389999999999532e+01 4.927961547816955691e-07 5.151641665407525964e-07 5.014723377601847636e-07
9.450520000000000209e+01 4.685327409949204667e-07 4.896006105304403337e-07 4.690528092877746330e-07
9.704659999999999798e+01 4.366452177819688490e-07 4.423840986172929528e-07 4.373930273012923687e-07
9.958790000000000475e+01 4.040689792810262552e-07 4.085058821946552527e-07 4.071107836786425115e-07
1.021290000000000049e+02 3.771050341927622575e-07 3.853481066220586188e-07 3.860888723542122075e-07
1.046710000000000065e+02 3.540759030425483368e-07 3.586313012474263016e-07 3.570279035707699004e-07
1.072120000000000033e+02 3.336372443777433658e-07 3.394908110803438362e-07 3.282503401229471040e-07
1.097530000000000001e+02 3.121575361796828654e-07 3.169967911456522907e-07 3.071086628716003095e-07
1.122939999999999969e+02 2.912490151588850020e-07 2.891171760610626686e-07 3.065415347260080823e-07
1.148359999999999985e+02 2.758915052957353836e-07 2.710305833858161054e-07 2.702059577859838753e-07
1.176110000000000042e+02 2.567490035680101327e-07 2.603102794414675230e-07 2.548610717291860087e-07
1.210000000000000000e+02 2.382587976023168646e-07 2.237805472135828865e-07 2.507604023041003717e-07
1.243889999999999958e+02 2.222007032084824165e-07 2.203446439185824894e-07 2.192956150141899063e-07
1.277780000000000058e+02 2.041009704130237796e-07 2.036906541613693944e-07 2.075657700569584725e-07
1.311670000000000016e+02 1.915013637001238526e-07 1.983458799296417206e-07 1.829199181302345117e-07
1.345550000000000068e+02 1.756623742286651286e-07 1.854997641788759456e-07 1.723752671924590634e-07
1.379439999999999884e+02 1.608694409946935448e-07 1.746372174181939274e-07 1.622921975871125841e-07
1.413329999999999984e+02 1.513227124600743349e-07 1.565115635647818444e-07 1.494499548693840789e-07
1.447220000000000084e+02 1.445829724596543363e-07 1.461384905904056667e-07 1.423435190147007559e-07
1.481109999999999900e+02 1.346712472277855011e-07 1.298727791074800967e-07 1.411623990001348323e-07
1.515000000000000000e+02 1.261743657803277553e-07 1.282946656652903825e-07 1.253837235943819258e-07
1.548890000000000100e+02 1.189749245382332366e-07 1.157951630670483831e-07 1.208906276747184314e-07
1.591740000000000066e+02 1.095329059810852732e-07 1.104700057243922256e-07 1.100590075745225481e-07
1.636930000000000121e+02 1.001202379893495556e-07 1.027478208938637282e-07 1.030938576767867701e-07
1.682129999999999939e+02 9.177498740671289380e-08 9.669697766719671360e-08 9.539675052609045316e-08
1.727319999999999993e+02 8.493499488220186502e-08 8.745345738805930297e-08 9.148190788973887111e-08
1.772510000000000048e+02 8.104660894459711893e-08 8.201613603844849474e-08 8.236277717695442671e-08
1.817700000000000102e+02 7.490561997952289297e-08 7.783770315742659868e-08 7.576557262305054354e-08
1.862889999999999873e+02 7.051597803924653760e-08 7.037495052456137364e-08 7.206440687619212894e-08
1.908079999999999927e+02 6.585662278707664385e-08 6.657949551915788773e-08 6.612743396231739000e-08
1.953280000000000030e+02 6.156634899337481825e-08 6.228931811900158930e-08 6.153381128762361916e-08
1.998470000000000084e+02 5.770520974803075370e-08 5.664429341683398416e-08 5.880592259513529368e-08
2.043660000000000139e+02 5.343920562837769382e-08 5.474544251437938546e-08 5.360214873724293877e-08
2.093530000000000086e+02 5.062009439992456407e-08 4.941025402125883817e-08 5.077061081881661208e-08
2.153789999999999907e+02 4.626073565915321577e-08 4.861242877726684322e-08 4.464784732357997761e-08
2.214060000000000059e+02 4.268552016133297090e-08 4.241107138772388002e-08 4.415503692294315876e-08
2.274319999999999879e+02 3.938851903741313928e-08 4.015632978812465925e-08 4.033759656182813010e-08
2.334590000000000032e+02 3.639888204499421413e-08 3.715426506057124480e-08 3.775838189443455744e-08
2.394850000000000136e+02 3.333365620758924861e-08 3.409800302223846916e-08 3.598732303417229717e-08
2.455109999999999957e+02 3.126752631313113357e-08 3.142494485361025785e-08 3.354732962525861686e-08
2.515380000000000109e+02 2.861500529967884730e-08 2.978077763810945394e-08 3.120129859021171554e-08
2.575640000000000214e+02 2.685682729482134619e-08 2.912379726551377138e-08 2.749807095166489396e-08
2.635910000000000082e+02 2.494049730197946143e-08 2.718946825008875054e-08 2.567632939193180624e-08
2.696170000000000186e+02 2.413419210213092936e-08 2.431261992422045747e-08 2.415613194964862650e-08
2.756440000000000055e+02 2.274972412375973901e-08 2.254238703923056114e-08 2.247778218980970848e-08
2.833330000000000268e+02 2.039239417149503993e-08 2.134890942107986646e-08 2.096773246342509945e-08
2.913700000000000045e+02 1.886180319793415006e-08 1.953642628012647850e-08 1.959234356993938107e-08
2.994060000000000059e+02 1.778288362014933268e-08 1.793786660637073204e-08 1.794415419747994258e-08
3.074420000000000073e+02 1.582132813674164249e-08 1.631516153561580417e-08 1.761954513644256076e-08
3.154789999999999850e+02 1.517450531872022358e-08 1.569018270936773164e-08 1.535648618974321001e-08
3.235149999999999864e+02 1.412076774095037024e-08 1.431309743285100336e-08 1.442632091979863347e-08
3.315509999999999877e+02 1.267921033105579774e-08 1.339898491859010495e-08 1.373949250235410272e-08
3.395880000000000223e+02 1.231782905814043243e-08 1.242488710902266195e-08 1.230312404643690799e-08
3.476240000000000236e+02 1.132505369996732412e-08 1.161193606193822164e-08 1.137659115373822219e-08
3.556610000000000014e+02 1.022132755450700146e-08 1.093984250137845524e-08 1.094172530491454448e-08
3.636970000000000027e+02 9.838278621114039529e-09 9.979459324122641765e-09 1.008125300412024353e-08
3.726580000000000155e+02 9.219053495175520574e-09 9.283281963658397197e-09 9.275175628366087910e-09
3.833740000000000236e+02 8.147463096113272341e-09 8.748411000570400893e-09 8.747990929316330165e-09
3.940910000000000082e+02 7.769627434754590432e-09 7.942609404459158579e-09 7.990389871986255649e-09
4.048079999999999927e+02 7.293674298733914281e-09 7.328970747390559915e-09 7.309811213795528811e-09
4.155240000000000009e+02 6.368381863640984667e-09 6.971696637642047787e-09 6.964303696796970110e-09
4.262409999999999854e+02 5.970658261238262329e-09 6.339182379672263882e-09 6.521005589089475569e-09
4.369569999999999936e+02 5.846648822702569031e-09 5.787852551663563207e-09 5.833672158513872302e-09
4.476739999999999782e+02 5.213076241398124406e-09 5.516711344385936437e-09 5.486618011015941004e-09
4.583910000000000196e+02 4.522921956480956100e-09 5.364922636868221298e-09 5.268585248786057068e-09
4.691070000000000277e+02 4.349022024750517949e-09 4.774609757429447824e-09 4.878275229500036612e-09
4.798240000000000123e+02 4.367973148889592264e-09 4.273817121519063454e-09 4.377202692951346026e-09
4.905409999999999968e+02 4.032728277632005432e-09 4.127246724657440501e-09 3.952250337142556004e-09
5.043389999999999986e+02 3.351227963434098038e-09 3.922814397242493523e-09 3.902935512643410561e-09
5.186299999999999955e+02 3.011507916125267546e-09 3.609927673105645809e-09 3.685608804345087200e-09
5.329199999999999591e+02 3.128697015521825856e-09 3.152580339894568128e-09 3.243852559095606989e-09
5.472110000000000127e+02 3.010044486472319971e-09 2.878161166086053852e-09 2.917939787313628031e-09
5.615019999999999527e+02 2.580477316309867278e-09 2.919906120079572485e-09 2.648592527266561143e-09
5.757930000000000064e+02 2.193375460905302206e-09 2.524568130553306326e-09 2.829414148589392082e-09
5.900839999999999463e+02 2.061518383349999953e-09 2.411477429472650396e-09 2.519169000306465236e-09
6.043750000000000000e+02 2.124034907996563499e-09 2.043124239759693837e-09 2.319945607547743379e-09
6.186660000000000537e+02 2.102786409216975392e-09 1.944677708436248846e-09 1.971839362476377056e-09
6.329569999999999936e+02 1.822758475675617498e-09 1.879684390949507990e-09 1.883401670186875119e-09
6.472480000000000473e+02 1.559848232647692975e-09 1.840089959045985540e-09 1.789830928633522462e-09
6.633460000000000036e+02 1.392917136826758632e-09 1.696339901080670448e-09 1.714793189736571485e-09
6.824039999999999964e+02 1.388564603867633737e-09 1.497295719910493009e-09 1.540109915151474248e-09
7.014610000000000127e+02 1.384597191180884128e-09 1.335916330849595411e-09 1.359617939546754479e-09
7.205180000000000291e+02 1.266665902726040779e-09 1.251878044183048407e-09 1.266982541818144274e-09
7.395750000000000455e+02 1.079263813611513018e-09 1.207353036574417888e-09 1.194984819849203640e-09
7.586319999999999482e+02 9.250953433983015235e-10 1.145551423381422276e-09 1.150750341549396603e-09
7.776900000000000546e+02 8.531483589225912862e-10 1.057405278200249412e-09 1.070691738816509527e-09
7.967469999999999573e+02 8.391401908463417118e-10 9.487729042706852329e-10 9.729055848150537708e-10
8.158039999999999736e+02 8.534529027471403080e-10 8.365879780957828740e-10 8.738297223347218949e-10
8.348609999999999900e+02 8.215772008574650461e-10 7.609527756831194566e-10 7.887094926380559504e-10
8.539180000000000064e+02 7.551107462960040439e-10 7.216785620665636565e-10 7.219097612467925952e-10
8.729759999999999991e+02 6.561267134034371257e-10 6.978226476157353183e-10 6.858064877589878196e-10
8.977309999999999945e+02 5.378883793225439495e-10 6.723426946185846284e-10 6.665375663155438743e-10
9.231449999999999818e+02 4.537419493564907353e-10 6.474660877235176767e-10 6.285235463988717999e-10
9.485579999999999927e+02 4.348573434916167630e-10 5.790889322681206608e-10 5.799557901740553374e-10
9.739710000000000036e+02 4.462805329605402793e-10 5.040654867043406622e-10 5.211081383710074315e-10
9.993840000000000146e+02 4.599335901211476315e-10 4.374791200347659169e-10 4.615242504245668223e-10
1.024799999999999955e+03 4.479094884547793215e-10 3.980411024143003172e-10 4.093253859956365535e-10
1.050210000000000036e+03 4.065061336186078329e-10 3.750403552777915573e-10 3.799730900962312401e-10
1.075619999999999891e+03 3.452900762613148561e-10 3.689091540309823457e-10 3.603968117026181902e-10
1.101039999999999964e+03 2.804897874475775990e-10 3.672828948624055567e-10 3.457367891868742280e-10
1.126450000000000045e+03 2.311183297270543388e-10 3.526077881801389223e-10 3.369159393951955928e-10
1.151859999999999900e+03 2.016042290734826274e-10 3.235123784966357425e-10 3.279777071951432696e-10
1.180779999999999973e+03 1.915441889001396801e-10 2.925717956060974521e-10 3.034881076377728763e-10
1.214670000000000073e+03 2.020653701208558011e-10 2.565288971402385676e-10 2.657809408290400486e-10
1.248559999999999945e+03 2.138930036014313710e-10 2.183018072023392356e-10 2.347626572844820446e-10
1.282450000000000045e+03 2.141012247015438182e-10 1.931068897840669508e-10 2.070630153815188554e-10
1.316339999999999918e+03 2.005107816056937165e-10 1.807526098771891831e-10 1.856905830611438866e-10
1.350230000000000018e+03 1.754374770713001008e-10 1.706085996880342723e-10 1.772134481787508106e-10
1.384119999999999891e+03 1.493433927685069774e-10 1.713730535904609826e-10 1.625746098005414729e-10
1.418009999999999991e+03 1.167475477274624355e-10 1.678525540404072382e-10 1.617758386300644265e-10
1.451900000000000091e+03 1.004169036704357572e-10 1.645361338857455606e-10 1.480225981122149958e-10
1.485789999999999964e+03 7.948656609839395777e-11 1.419975425504254090e-10 1.604274772500365039e-10
1.519670000000000073e+03 7.014094985257266766e-11 1.343903825505186715e-10 1.487928287776512749e-10
1.553559999999999945e+03 6.914472701842759510e-11 1.250087948829289976e-10 1.325671990204292732e-10
1.597980000000000018e+03 7.209511426040745458e-11 1.070481057191413438e-10 1.213486156472614702e-10
1.643170000000000073e+03 7.839506968556813071e-11 9.670358649731468610e-11 1.011835176028972983e-10
1.688359999999999900e+03 8.012777428388646677e-11 8.476167052703796679e-11 8.939985387037265795e-11
1.733549999999999955e+03 8.016059627400033953e-11 7.225780146075853094e-11 8.185071289320795694e-11
1.778740000000000009e+03 7.707290941640527060e-11 6.717121891965007772e-11 7.175697438688839026e-11
1.823930000000000064e+03 7.097226401436515762e-11 6.427289752203218531e-11 6.391282237622516480e-11
1.869130000000000109e+03 6.323129113900713309e-11 6.409320261793649621e-11 5.664654998097026894e-11
1.914319999999999936e+03 5.419761053248100897e-11 6.439500926644322436e-11 5.131463587425214147e-11
1.959509999999999991e+03 4.519917053800981413e-11 5.494966968051371361e-11 5.684171534455480331e-11
2.004700000000000045e+03 3.921837377525169271e-11 4.753439971730361000e-11 5.826088880269563649e-11
2.049889999999999873e+03 3.176502692810993561e-11 6.122213710344261487e-11 4.112737337922170145e-11
2.101840000000000146e+03 2.448098363851018972e-11 5.220168960112040731e-11 4.689719469242673529e-11
2.162110000000000127e+03 1.983842494874304072e-11 4.634309057216827290e-11 4.733548495491404192e-11
2.222369999999999891e+03 1.788552610860242129e-11 3.651156719474177934e-11 4.999041477318186143e-11
2.282630000000000109e+03 1.830886751142025737e-11 3.554312848725272083e-11 4.214283924290590374e-11
2.342900000000000091e+03 1.630534501396625088e-11 4.073958741708204281e-11 3.144553635025693211e-11
2.403159999999999854e+03 1.590783966853053078e-11 2.786639485551692102e-11 3.778970857400073040e-11
2.463429999999999836e+03 1.692720245969426497e-11 3.097108460893662343e-11 2.733326793318706810e-11
2.523690000000000055e+03 1.681418647488834864e-11 2.279250249515134826e-11 2.977247558673542082e-11
2.583960000000000036e+03 1.675130636514080436e-11 2.328223394714029576e-11 2.406547851095432509e-11
2.644219999999999800e+03 1.735060444729745084e-11 2.026686107872897519e-11 2.157305442719926098e-11
2.704480000000000018e+03 1.703422610095000883e-11 1.737913360121406500e-11 2.022703539657760038e-11
2.764750000000000000e+03 1.661970872246534628e-11 1.589033711710505167e-11 1.801248696178373751e-11
2.844420000000000073e+03 1.619301866882767161e-11 1.415119035221041219e-11 1.601967840749741819e-11
2.924780000000000200e+03 1.554108091377941937e-11 1.321209259738740010e-11 1.383429700527165074e-11
3.005150000000000091e+03 1.459816003147802628e-11 1.170249517037641167e-11 1.285940897355272821e-11
3.085510000000000218e+03 1.337612236685183952e-11 1.088554734214119841e-11 1.178080158359266026e-11
3.165869999999999891e+03 1.227707698120510698e-11 1.045648030206174047e-11 1.043534872740749062e-11
3.246239999999999782e+03 1.114797373892742005e-11 9.859504246390637962e-12 9.592849096890305919e-12
3.326599999999999909e+03 9.926379504076574333e-12 9.251266358964482175e-12 9.037462358885432663e-12
3.406960000000000036e+03 8.733400259658430705e-12 8.738525466167148666e-12 8.558618581070969849e-12
3.487329999999999927e+03 7.626313892996194176e-12 8.266523323204242287e-12 8.113846526956572771e-12
3.567690000000000055e+03 6.652729242592054412e-12 7.812776983495336769e-12 7.714456326303699377e-12
3.648050000000000182e+03 5.814249644364951216e-12 7.395086073647783763e-12 7.267837019467485431e-12
3.741360000000000127e+03 4.924135980303342237e-12 6.993780416324225557e-12 6.928347159520796777e-12
3.848519999999999982e+03 3.996920487701128255e-12 6.611960415041852378e-12 6.690016627456105098e-12
3.955690000000000055e+03 3.266441347288610535e-12 6.246826721559843556e-12 6.363114988152643874e-12
4.062860000000000127e+03 2.713567079743824718e-12 5.864194424782595293e-12 6.039409275106539890e-12
4.170020000000000437e+03 2.312252007819508685e-12 5.488967808367826657e-12 5.650631735545202090e-12
4.277189999999999600e+03 2.053364601619381620e-12 5.218864099265199652e-12 5.117714541490741958e-12
4.384359999999999673e+03 1.854903649114002917e-12 5.045987184066258956e-12 4.518821235114089038e-12
4.491520000000000437e+03 1.570247659455364212e-12 4.737681792337476103e-12 4.212689912134129943e-12
4.598689999999999600e+03 1.228810210565040383e-12 4.191772734741241167e-12 4.292425576872789401e-12
4.705859999999999673e+03 1.108394252821986755e-12 3.815636153112587633e-12 4.037938441290085794e-12
4.813020000000000437e+03 1.156736579776016273e-12 3.695646245273261946e-12 3.412442312890868759e-12
4.920189999999999600e+03 9.859713576693244614e-13 3.268083788027799503e-12 3.382209316905314325e-12
5.063100000000000364e+03 8.902424460188952787e-13 2.888455244859839975e-12 3.223144863354861998e-12
5.206010000000000218e+03 8.771270561981990628e-13 2.671060748559914257e-12 2.879603847864465803e-12
5.348920000000000073e+03 9.251797103554253486e-13 2.509261874463007539e-12 2.472812919748899057e-12
5.491819999999999709e+03 9.158479516163662591e-13 2.177104611887688356e-12 2.341037755762251423e-12
5.634729999999999563e+03 8.625625765350871568e-13 1.920963846326755984e-12 2.212810180579708693e-12
5.777640000000000327e+03 8.800815352675868492e-13 1.826550383914136046e-12 1.900774463625718031e-12
5.920550000000000182e+03 8.768527554969372952e-13 1.567323031621071449e-12 1.801901687494880801e-12
6.063460000000000036e+03 8.494311860644425118e-13 1.451995065421054492e-12 1.613891455063775680e-12
6.206369999999999891e+03 8.472655111298120882e-13 1.288541275017752081e-12 1.472250811058069476e-12
6.349279999999999745e+03 8.234690106934276058e-13 1.177950829621251606e-12 1.330654816453462220e-12
6.492189999999999600e+03 8.050508167436780245e-13 1.040241854076763563e-12 1.229579659624853380e-12
6.659750000000000000e+03 7.873006835286877853e-13 9.700821305273931728e-13 1.070595422608213203e-12
6.850319999999999709e+03 7.636546360181393891e-13 8.066397840132733333e-13 1.019975091002080011e-12
7.040890000000000327e+03 7.421666177151715315e-13 7.915909098928937046e-13 8.488170024138199560e-13
7.231470000000000255e+03 7.164067721103003992e-13 6.471559585610553183e-13 8.259968708627886426e-13
7.422039999999999964e+03 6.842513274152075415e-13 6.404284866751769973e-13 6.894598732192987514e-13
7.612609999999999673e+03 6.558355618909402340e-13 5.156169517318321971e-13 6.828988474046382219e-13
7.803180000000000291e+03 6.199722732942760624e-13 5.540645246325429366e-13 5.321170301756426958e-13
7.993750000000000000e+03 5.916080616112822115e-13 3.755830867201086489e-13 6.074799607767874303e-13
8.184329999999999927e+03 5.529763847367858641e-13 5.127828288139868019e-13 3.859902445471076632e-13
8.374899999999999636e+03 5.287174805402245618e-13 2.863855686755803224e-13 5.239428614190562118e-13
8.565469999999999345e+03 4.864380179763841411e-13 3.881448716851661745e-13 3.594743320498999175e-13
8.758229999999999563e+03 4.625174151718218058e-13 3.548131977050630799e-13 3.223468452326780616e-13
9.012370000000000800e+03 4.271108222033733906e-13 2.342591205355560887e-13 3.831703224082643235e-13
9.266500000000000000e+03 3.972960730891726372e-13 3.492242513406204944e-13 2.120056630652273887e-13
9.520629999999999200e+03 3.731470744521628929e-13 1.351504418297353857e-13 3.722782884557593623e-13
9.774760000000000218e+03 3.316261278744626818e-13 3.262178747583333907e-13 1.505025522017865401e-13
1.002889999999999964e+04 3.247106877966338438e-13 1.615772842217434876e-13 2.587936311442743895e-13
1.028300000000000000e+04 2.850189309647418587e-13 1.465206079025729845e-13 2.543618790622974790e-13
1.053720000000000073e+04 2.621922514145087892e-13 2.818729134215303505e-13 8.785222198878577106e-14
1.079129999999999927e+04 2.563526763281298980e-13 1.024450868193663421e-13 2.228886086034316351e-13
1.104539999999999964e+04 2.206073265664078303e-13 1.046201288105835998e-13 2.119940797429315476e-13
1.129960000000000036e+04 1.993513651185751888e-13 2.371222140272710312e-13 5.894779432522075419e-14
1.155370000000000073e+04 1.996127886145125200e-13 1.307651201998209687e-13 1.267535560123996879e-13
1.185460000000000036e+04 1.737473607878067725e-13 4.485261375367351446e-14 2.016243402293629408e-13
1.219350000000000000e+04 1.474449455903758404e-13 1.904228088576763947e-13 4.659354201064688945e-14
1.253239999999999964e+04 1.518469533169332786e-13 1.076670879738680082e-13 9.406290166959084802e-14
1.287129999999999927e+04 1.304465021594436329e-13 2.624190814566516752e-14 1.681139000155058067e-13
1.321010000000000036e+04 1.068071388693306110e-13 1.374259748203660220e-13 5.444964449924060638e-14
1.354900000000000000e+04 1.096673404052209343e-13 1.354376926669759510e-13 2.979634512148961393e-14
1.388789999999999964e+04 1.049733410971287492e-13 2.725364067914706931e-14 1.204917613352327190e-13
1.422679999999999927e+04 8.301593062741676913e-14 3.696131917506667866e-14 1.132367439797597332e-13
1.456570000000000073e+04 7.097926225435676160e-14 1.168067791366860322e-13 2.715631928717012835e-14
1.490460000000000036e+04 7.448492579624190922e-14 1.077879248146689588e-13 1.561607200811095205e-14
1.524350000000000000e+04 7.358221478938934684e-14 3.290350661537235921e-14 7.634444724467263811e-14
1.559020000000000073e+04 5.983227474345321632e-14 8.919375385921800766e-15 9.978030657034228229e-14
1.604210000000000036e+04 4.531751705139795635e-14 7.321520855966497454e-14 3.581638962940159602e-14
1.649400000000000000e+04 4.781658030177935978e-14 9.008780571365295928e-14 3.635514709093515716e-15
1.694590000000000146e+04 4.961830687446323421e-14 3.078967774470489761e-14 4.952937905166980512e-14
1.739779999999999927e+04 3.938605609805766983e-14 4.053280651032144175e-15 7.566647221144821951e-14
1.784979999999999927e+04 2.869281596971493548e-14 3.937237698668194056e-14 4.166298501974012229e-14
1.830170000000000073e+04 2.733768974306418774e-14 7.005392176953836598e-14 3.546150406875838827e-15
1.875359999999999854e+04 3.088354242345385992e-14 5.406334922885028585e-14 7.974936417724496825e-15
1.920550000000000000e+04 3.037797422307409717e-14 1.721125028767275040e-14 3.783575901759488566e-14
1.965740000000000146e+04 2.426764228559286804e-14 1.485240875805574000e-15 5.309709992086941359e-14
2.010929999999999927e+04 1.731306630575774211e-14 1.575466565215346412e-14 3.959377330584346256e-14
2.056129999999999927e+04 1.418396354471146899e-14 3.848482771410174287e-14 1.433072949437438848e-14
2.110150000000000000e+04 1.564155967160282825e-14 4.645100799744001561e-14 -7.815254099396349226e-16
2.170420000000000073e+04 1.807194384869689414e-14 2.684724076203693219e-14 1.137358090973939857e-14
2.230679999999999927e+04 1.623679603478336835e-14 4.650165890947374160e-15 3.069328057353838900e-14
2.290950000000000000e+04 1.143458065356834801e-14 2.354920777829791459e-15 3.352604039115357802e-14
2.351209999999999854e+04 7.687541435824708338e-15 1.593258012443296660e-14 1.982687429001841071e-14
2.411470000000000073e+04 6.989272279321398634e-15 2.837082398734044525e-14 4.466070398874295824e-15
2.471740000000000146e+04 8.370840645226580613e-15 2.910064703323866746e-14 -7.653485358798630803e-16
2.532000000000000000e+04 9.590970251916456001e-15 1.940508457094920096e-14 4.754110375635480498e-15
2.592270000000000073e+04 9.300467276143716510e-15 7.619940368008179518e-15 1.413156612820830371e-14
2.652529999999999927e+04 7.540768859076233496e-15 8.733279450878042702e-16 2.010798181213768474e-14
2.712800000000000000e+04 5.302400759514661412e-15 1.257751159210414688e-15 1.974876221248771848e-14
2.775140000000000146e+04 3.488881356613088572e-15 6.656647922036721498e-15 1.405325676504584120e-14
2.855500000000000000e+04 2.736092479157979534e-15 1.440518695480238861e-14 4.982120080686140736e-15
2.935870000000000073e+04 3.341341220301508707e-15 1.707361822698644747e-14 -1.648231144837010543e-16
3.016229999999999927e+04 4.227979326069114635e-15 1.371629679354474789e-14 5.488475266747066246e-16
3.096590000000000146e+04 4.567013510110559834e-15 7.612670318800846865e-15 4.826002444472437713e-15
3.176959999999999854e+04 4.083686818705523905e-15 2.378592780730460107e-15 9.132395395653220899e-15
3.257320000000000073e+04 3.076622472848329259e-15 1.384235494020211888e-16 1.109952194495236365e-14
3.337680000000000291e+04 1.999006311727648759e-15 9.024742593494771666e-16 1.021035652795221210e-14
3.418050000000000000e+04 1.224540804664989339e-15 3.406062780095697371e-15 7.450843607550098129e-15
3.498409999999999854e+04 8.769148947690861057e-16 6.090531451512710720e-15 4.128805100979477533e-15
3.578780000000000291e+04 9.086312664331972705e-16 7.844949930029115099e-15 1.444443740312136854e-15
3.659140000000000146e+04 1.155767026870738462e-15 8.195767620567873246e-15 -6.815077379907421373e-18
3.756140000000000146e+04 1.529791701735131160e-15 7.145666718998301868e-15 -9.490670983104631832e-17
3.863309999999999854e+04 1.778595456267389629e-15 4.821863554439608964e-15 1.233355720735486152e-15
3.970469999999999709e+04 1.744236912863550377e-15 2.406935170923605153e-15 3.008945138820097393e-15
4.077640000000000146e+04 1.470306528155258887e-15 7.194162453224364907e-16 4.361821532466695541e-15
4.184800000000000000e+04 1.077141831583420593e-15 4.551437539886857188e-17 4.877151899607821383e-15
4.291969999999999709e+04 6.860765837155065851e-16 2.486078621277741587e-16 4.543958037361586211e-15
4.399140000000000146e+04 3.890140555858589346e-16 9.815079289731957945e-16 3.665272470080855922e-15
4.506300000000000000e+04 2.146495139255845232e-16 1.865266366861123541e-15 2.535854771277972718e-15
4.613469999999999709e+04 1.588305857095601968e-16 2.612398011076428288e-15 1.461635587847490692e-15
4.720640000000000146e+04 1.902324656683819624e-16 3.052550058256766358e-15 6.281106476776187838e-16
4.827800000000000000e+04 2.711642497505124603e-16 3.167430155870571758e-15 1.190941171034625755e-16
4.939900000000000000e+04 3.699180484135071014e-16 2.971563063881595560e-15 -8.231652973900264113e-17
5.082809999999999854e+04 4.811380453931929483e-16 2.451823072698693857e-15 3.802467308698631157e-17
5.225719999999999709e+04 5.366977543834752595e-16 1.757350248784008586e-15 4.048585659709861568e-16
5.368630000000000291e+04 5.363960573267981129e-16 1.094236781528664321e-15 8.441957359184334488e-16
5.511540000000000146e+04 4.834406344752312927e-16 5.569204891248165071e-16 1.218611266976941107e-15
5.654450000000000000e+04 3.994145675294231134e-16 2.045317720173258101e-16 1.459923827525009619e-15
5.797350000000000000e+04 3.033470356534528620e-16 3.461618342674755995e-17 1.548915206100789926e-15
5.940259999999999854e+04 2.098959399987889853e-16 1.358814000345836762e-17 1.496022144905035947e-15
6.083169999999999709e+04 1.315085520915222326e-16 9.496840799585136193e-17 1.351403653658655392e-15
6.226080000000000291e+04 7.116247020980360303e-17 2.317146118306222652e-16 1.139433467617164999e-15
6.368990000000000146e+04 3.056126519840115948e-17 3.834505015645958133e-16 9.004885572783774453e-16
6.511900000000000000e+04 8.119109143007686659e-18 5.255832293963880537e-16 6.724261838742477221e-16
6.686039999999999418e+04 2.283856902490954462e-19 6.657570235929965031e-16 4.317451908583568323e-16
6.876610000000000582e+04 8.340654952072745932e-18 7.625233715692951964e-16 2.273815811125186726e-16
7.067180000000000291e+04 2.613457705343049824e-17 7.941462809072208814e-16 8.836620554762185360e-17
7.257750000000000000e+04 4.712320256924076072e-17 7.698969677222871001e-16 1.073015028802910621e-17
7.448319999999999709e+04 6.640357750827495467e-17 7.011517547466771835e-16 -1.661020798053804378e-17
7.638900000000000000e+04 8.209402946712131090e-17 6.130050415323117042e-16 -7.709844298383639578e-18
7.829469999999999709e+04 9.203014166344016411e-17 5.098939384855302097e-16 2.408055162456159545e-17
8.020039999999999418e+04 9.649071924810381969e-17 4.067099869626521185e-16 6.710128140843343067e-17
8.210610000000000582e+04 9.568270253779755809e-17 3.098136345931161312e-16 1.120664699757115735e-16
8.401180000000000291e+04 9.161141613804763617e-17 2.273169575288851473e-16 1.540690303443419848e-16
8.591760000000000582e+04 8.423815418666118565e-17 1.578945149557078893e-16 1.880010545336201873e-16
8.793289999999999418e+04 7.490196634968984182e-17 1.011207591829375546e-16 2.148893858544178245e-16
9.047419999999999709e+04 6.317955019581667975e-17 5.180575518865255196e-17 2.390526396262605083e-16
9.301550000000000000e+04 5.056374984201955842e-17 2.105496344642563883e-17 2.471175024370354065e-16
9.555680000000000291e+04 3.902683531609726044e-17 5.558071089085966514e-18 2.454150353162756448e-16
9.809810000000000582e+04 2.843859263542012199e-17 1.045111918187292763e-18 2.326882909541484188e-16
1.006390000000000000e+05 1.952599304734038522e-17 4.021447847766795499e-18 2.140304135625414038e-16
