1.017789999999999928e+01 1.365023349562095130e-04 1.351665986989673959e-04 1.346407290576376098e-04
1.043200000000000038e+01 1.273813313316026494e-04 1.295375673909266584e-04 1.285318154049969208e-04
1.068609999999999971e+01 1.211950570357027065e-04 1.218635883515499426e-04 1.220678693199107976e-04
1.094030000000000058e+01 1.159373081839169828e-04 1.152216485956285942e-04 1.149080322130929159e-04
1.119439999999999991e+01 1.078901813953160030e-04 1.107718516571465936e-04 1.103964568304331874e-04
1.144849999999999923e+01 1.036024142133744444e-04 1.043057089605650033e-04 1.041077009793384698e-04
1.171439999999999948e+01 9.937482144273600368e-05 9.831088356524431105e-05 9.841562563729298852e-05
1.205320000000000036e+01 9.504308883250616141e-05 9.112357986851125522e-05 9.072769032974193856e-05
1.239209999999999923e+01 8.944489654440224147e-05 8.516717857841054251e-05 8.451251681900499781e-05
1.273099999999999987e+01 8.599276127836120423e-05 7.893105977782541055e-05 7.868413452855186664e-05
1.306990000000000052e+01 7.849328620870382701e-05 7.523688232706737507e-05 7.498547494034775267e-05
1.340879999999999939e+01 7.066769466876442597e-05 7.219455539020600021e-05 7.251585333324777889e-05
1.374770000000000003e+01 7.017407820185007504e-05 6.648620677745447976e-05 6.624542919602046667e-05
1.408660000000000068e+01 6.470346591441436979e-05 6.327102244816756307e-05 6.338779810697083310e-05
1.442549999999999955e+01 6.014121005400174542e-05 6.024747246312674170e-05 6.029454873537930856e-05
1.476440000000000019e+01 5.898608122874512575e-05 5.621728912627455151e-05 5.557225478782247519e-05
1.510330000000000084e+01 5.318613802885062609e-05 5.409533237948870846e-05 5.424579688955866055e-05
1.544209999999999994e+01 4.974595993962854492e-05 5.199071549871581252e-05 5.169658706383247078e-05
1.585510000000000019e+01 4.762284256142798849e-05 4.791375201064783834e-05 4.783868313554921894e-05
1.630699999999999861e+01 4.255328064901011195e-05 4.541855058677539522e-05 4.604546332933781805e-05
1.675890000000000057e+01 4.110126244276319168e-05 4.205830513958772000e-05 4.220041396068641078e-05
1.721079999999999899e+01 3.885921009870198760e-05 3.920524713881717757e-05 3.932798781594022919e-05
1.766280000000000072e+01 3.473388575826120614e-05 3.745258770616790439e-05 3.792526227473511303e-05
1.811469999999999914e+01 3.382943460140096643e-05 3.483499640598441976e-05 3.471502617136672529e-05
1.856660000000000110e+01 3.205492581407117382e-05 3.253177209038111501e-05 3.257515158143188078e-05
1.901849999999999952e+01 3.023211625840529181e-05 3.046233543311397741e-05 3.069361450346684149e-05
1.947040000000000148e+01 2.802933281769508394e-05 2.891162763416168542e-05 2.914263166771309679e-05
1.992229999999999990e+01 2.615839424237870187e-05 2.738367888814609682e-05 2.761495368017143141e-05
2.037430000000000163e+01 2.486454425175706981e-05 2.575213767841742375e-05 2.596732749284268656e-05
2.085219999999999985e+01 2.379690254008228953e-05 2.414231419664138807e-05 2.418139796766361239e-05
2.145479999999999876e+01 2.157844711187385705e-05 2.279534693377920508e-05 2.278042245317176776e-05
2.205750000000000099e+01 2.037599341953330823e-05 2.110324552774068744e-05 2.123113278750124734e-05
2.266009999999999991e+01 1.896283548564096997e-05 1.977274843695742544e-05 1.985345988238916643e-05
2.326269999999999882e+01 1.825577048762230914e-05 1.825073605016650522e-05 1.831484250036768597e-05
2.386540000000000106e+01 1.652805195978047066e-05 1.741071682525986670e-05 1.741079068483228600e-05
2.446799999999999997e+01 1.568306780399416513e-05 1.613464409775826797e-05 1.633611938893331743e-05
2.507069999999999865e+01 1.483871986467128798e-05 1.512926696612812385e-05 1.523063552830073952e-05
2.567330000000000112e+01 1.411408453164220683e-05 1.414413948375158588e-05 1.421002237742470112e-05
2.627590000000000003e+01 1.323874587000161671e-05 1.331984265962737760e-05 1.337983633381463963e-05
2.687859999999999872e+01 1.201678607565790941e-05 1.274462491101186033e-05 1.279913556516880873e-05
2.748120000000000118e+01 1.141008425599381146e-05 1.188037062202333930e-05 1.210409710932054212e-05
2.822250000000000014e+01 1.085641466289394245e-05 1.109251453951627463e-05 1.106813207516511166e-05
2.902609999999999957e+01 1.025767656212378069e-05 1.029723241433774794e-05 1.028134206578376102e-05
2.982979999999999876e+01 9.090950011157061832e-06 9.765034585485356749e-06 9.885190497691122524e-06
3.063340000000000174e+01 8.558718619813205619e-06 8.966691422259783802e-06 9.333935967321410287e-06
3.143700000000000117e+01 8.199152890040728087e-06 8.431832576847926467e-06 8.471837098335304383e-06
3.224069999999999681e+01 7.924378634984287958e-06 7.815418258072462517e-06 7.776906015438893018e-06
3.304429999999999978e+01 7.106162576430465129e-06 7.561943915173627913e-06 7.273933326648672986e-06
3.384790000000000276e+01 6.914726106920938784e-06 6.899690696374519331e-06 6.846725600935454431e-06
3.465160000000000196e+01 6.388983683258763846e-06 6.500467578174200560e-06 6.504919498519568709e-06
3.545519999999999783e+01 5.896450314613317257e-06 6.154468360873181390e-06 6.172676284212635070e-06
3.625880000000000081e+01 5.689782375229527557e-06 5.728372304343224932e-06 5.723564991369026302e-06
3.711789999999999878e+01 5.190567752819494029e-06 5.427634975846597418e-06 5.468866446675173244e-06
3.818959999999999866e+01 4.947501480166445290e-06 5.016348599213533985e-06 5.006942652687776782e-06
3.926129999999999853e+01 4.402496325905426444e-06 4.776902600570317515e-06 4.767271647720417017e-06
4.033290000000000219e+01 4.381706832771764033e-06 4.303908302124592020e-06 4.323438032442377226e-06
4.140460000000000207e+01 4.104627764045288282e-06 4.020312768347926421e-06 4.041414266043538174e-06
4.247630000000000194e+01 3.657283698313146874e-06 3.877201133455023238e-06 3.828677704762481151e-06
4.354789999999999850e+01 3.528572597212276192e-06 3.545660351966354111e-06 3.573497920438285594e-06
4.461959999999999837e+01 3.264779452894751461e-06 3.350270576375123278e-06 3.347971356538996105e-06
4.569129999999999825e+01 3.032593408711190250e-06 3.146167000288918899e-06 3.168941827338939025e-06
4.676290000000000191e+01 2.933313742159977863e-06 2.925466297640962766e-06 2.919154847333730284e-06
4.783460000000000178e+01 2.675833830519221849e-06 2.777671355981348294e-06 2.790889273331152383e-06
4.890630000000000166e+01 2.546474827720194367e-06 2.607222456410609741e-06 2.604051718380033786e-06
5.023669999999999902e+01 2.395873207934513781e-06 2.416316538828414437e-06 2.407187948552843071e-06
5.166579999999999728e+01 2.184884012599834067e-06 2.260228656668143141e-06 2.268162331303091670e-06
5.309490000000000265e+01 2.082921930587181589e-06 2.072228765209699405e-06 2.096698103287877463e-06
5.452400000000000091e+01 1.856647214288063515e-06 1.990711815777763475e-06 1.949845497095321412e-06
5.595309999999999917e+01 1.856057777498566075e-06 1.813842965356633909e-06 1.801470355499474326e-06
5.738219999999999743e+01 1.634764982254360846e-06 1.738945951544442200e-06 1.733426138217821879e-06
5.881130000000000280e+01 1.568559954857909595e-06 1.617010263224471777e-06 1.603555120554713010e-06
6.024040000000000106e+01 1.480143934807050181e-06 1.499761634107950725e-06 1.490365436739984856e-06
6.166949999999999932e+01 1.373863591090024619e-06 1.415253993165294353e-06 1.412672599389750631e-06
6.309859999999999758e+01 1.291554008117706956e-06 1.328459184134580648e-06 1.329316949934531125e-06
6.452760000000000673e+01 1.200901586526305877e-06 1.249520334551583119e-06 1.250057109879384371e-06
6.607179999999999609e+01 1.121727321100624652e-06 1.171595070727145220e-06 1.172973900851257749e-06
6.797750000000000625e+01 1.048224933058025886e-06 1.084610592205917573e-06 1.100127734641945178e-06
6.988320000000000221e+01 9.895545908022780995e-07 9.702542577169456601e-07 1.015094012788239663e-06
7.178889999999999816e+01 8.799557223667931577e-07 9.555895092613094142e-07 9.587753979273759728e-07
7.369469999999999743e+01 8.599581002519180497e-07 8.644578963025779472e-07 9.112440159459444306e-07
7.560039999999999338e+01 8.132838985903875154e-07 8.239142614829337394e-07 8.101438103542512847e-07
7.750610000000000355e+01 7.504326242125453617e-07 7.612141477469988658e-07 7.678957843713048797e-07
7.941179999999999950e+01 6.745645316906274119e-07 7.281254231877744618e-07 7.274586207638394364e-07
8.131749999999999545e+01 6.366306321225168771e-07 6.754419539526280539e-07 6.830356762793855509e-07
8.322329999999999472e+01 6.068675350765953223e-07 6.256226779642241736e-07 6.357998748823511326e-07
8.512900000000000489e+01 5.968084482774243504e-07 5.834514354691236036e-07 5.966452764287235577e-07
8.703470000000000084e+01 5.308988747806623185e-07 5.605655583492763417e-07 5.584227230591347297e-07
8.942260000000000275e+01 4.939700799567831560e-07 5.165482992012547373e-07 5.224271983010635149e-07
9.196389999999999532e+01 4.680136332504088432e-07 4.830134568465623925e-07 4.754744731446580685e-07
9.450520000000000209e+01 4.190630463004489721e-07 4.153018776444454295e-07 4.530141733270784918e-07
9.704659999999999798e+01 3.901800519557909621e-07 4.183999104917411449e-07 4.289520286540674442e-07
9.958790000000000475e+01 3.756126657032056863e-07 3.914177855513514328e-07 3.878197029986313759e-07
1.021290000000000049e+02 3.556287608963498696e-07 3.637559386777029663e-07 3.651799611513280037e-07
1.046710000000000065e+02 3.308054626628171894e-07 3.403640670156791567e-07 3.415147330396022930e-07
1.072120000000000033e+02 3.086777438459654745e-07 3.148628258126346537e-07 3.226620749918475346e-07
1.097530000000000001e+02 2.910108989284253341e-07 2.938560165270813519e-07 3.026112514307274963e-07
1.122939999999999969e+02 2.704470251488394096e-07 2.782146037414019261e-07 3.034316182954504431e-07
1.148359999999999985e+02 2.534827955843217528e-07 2.560888902795114584e-07 2.688406221963247112e-07
1.176110000000000042e+02 2.363854425034268828e-07 2.445536939248335112e-07 2.493543910118155665e-07
1.210000000000000000e+02 2.239827202304539924e-07 2.083479746223483447e-07 2.413839411640007297e-07
1.243889999999999958e+02 2.091655552942543577e-07 2.087791948209972541e-07 2.095131406847484587e-07
1.277780000000000058e+02 1.910358514482490743e-07 2.014055832650351995e-07 1.911444864127101301e-07
1.311670000000000016e+02 1.791257060758394962e-07 1.928414298453110820e-07 1.714178861588494787e-07
1.345550000000000068e+02 1.612590509281431259e-07 1.767239299398225962e-07 1.682521959320343539e-07
1.379439999999999884e+02 1.479261929513581363e-07 1.598505856058178657e-07 1.647626198428240657e-07
1.413329999999999984e+02 1.377072570992504332e-07 1.483483678733986813e-07 1.551392722273509795e-07
1.447220000000000084e+02 1.316816321881326774e-07 1.402657610470413512e-07 1.369707193773867177e-07
1.481109999999999900e+02 1.243849288163918367e-07 1.308437672801059660e-07 1.301620530308911905e-07
1.515000000000000000e+02 1.117100627716835158e-07 1.230585741714809005e-07 1.260290497768356101e-07
1.548890000000000100e+02 1.081946851186794994e-07 1.159506713158462923e-07 1.136795685254742836e-07
1.591740000000000066e+02 1.029984996047924072e-07 1.052862679497325650e-07 1.053289768454750770e-07
1.636930000000000121e+02 9.277164075991359318e-08 1.001940026142357994e-07 9.785191102585066775e-08
1.682129999999999939e+02 8.400509365962448240e-08 9.097185210320833889e-08 9.485535127716720700e-08
1.727319999999999993e+02 7.757328215837392551e-08 8.518231033300434698e-08 8.819692662862174488e-08
1.772510000000000048e+02 7.479873461567789667e-08 7.888625908690131440e-08 7.977070613742081119e-08
1.817700000000000102e+02 6.769799036846906489e-08 7.686363894778079599e-08 7.283992996375018603e-08
1.862889999999999873e+02 6.450731295091181395e-08 6.719751015576182825e-08 7.092677945332638485e-08
1.908079999999999927e+02 6.024108969424938782e-08 6.423617378409298538e-08 6.443297572165765227e-08
1.953280000000000030e+02 5.598192248726953294e-08 6.085929942110012874e-08 5.957241025163035802e-08
1.998470000000000084e+02 5.273769678599910269e-08 5.408139584483580651e-08 5.795033463441144493e-08
2.043660000000000139e+02 4.860608150185303987e-08 5.322719037578919630e-08 5.207903225334108559e-08
2.093530000000000086e+02 4.613029610408624599e-08 4.793930489580854638e-08 4.941390539210522404e-08
2.153789999999999907e+02 4.235557779066403592e-08 4.626044517657532531e-08 4.415492479276066402e-08
2.214060000000000059e+02 3.861821377119100733e-08 4.187778864440163415e-08 4.251697558440737577e-08
2.274319999999999879e+02 3.552976481570255385e-08 4.006641733309710294e-08 3.853180311996451922e-08
2.334590000000000032e+02 3.307686643035855030e-08 3.554432688285194090e-08 3.733769899933089681e-08
2.394850000000000136e+02 3.002853513723123340e-08 3.254943099951330437e-08 3.584030210325547253e-08
2.455109999999999957e+02 2.851334879157075556e-08 3.017758353383185767e-08 3.291776358659739249e-08
2.515380000000000109e+02 2.667556221105812383e-08 2.874478941937210277e-08 2.974588498049621956e-08
2.575640000000000214e+02 2.441168498894162687e-08 2.768519616784233370e-08 2.734296604321604893e-08
2.635910000000000082e+02 2.412457823172427620e-08 2.496479319305525872e-08 2.484491133424089162e-08
2.696170000000000186e+02 2.079157891062368734e-08 2.373443313187712219e-08 2.452865883749919867e-08
2.756440000000000055e+02 1.984738482133497907e-08 2.187984302071663352e-08 2.270676431794839530e-08
2.833330000000000268e+02 1.904356791142613819e-08 2.006273372310743454e-08 2.051157014146643068e-08
2.913700000000000045e+02 1.684528146528954111e-08 1.871637472475182371e-08 1.956497428995863972e-08
2.994060000000000059e+02 1.666065978848700594e-08 1.712340727266730856e-08 1.720041692284569691e-08
3.074420000000000073e+02 1.392937956037393303e-08 1.577414789224831379e-08 1.757118324337775943e-08
3.154789999999999850e+02 1.419204646271079946e-08 1.508467771377197875e-08 1.476132719461400770e-08
3.235149999999999864e+02 1.290574661022366304e-08 1.387889638936576750e-08 1.390584057343865421e-08
3.315509999999999877e+02 1.129743936102290009e-08 1.311173015976760946e-08 1.339501831839485177e-08
3.395880000000000223e+02 1.155068460221414483e-08 1.168579915571210156e-08 1.190689141007376000e-08
3.476240000000000236e+02 1.008281952755854820e-08 1.135134962454676911e-08 1.091396587968232992e-08
3.556610000000000014e+02 8.770872703299436894e-09 1.072128678814355139e-08 1.092741834855701587e-08
3.636970000000000027e+02 9.109906296441113407e-09 9.528023291436763423e-09 9.666352028122129163e-09
3.726580000000000155e+02 8.378828020635605144e-09 8.795062326101117128e-09 9.117169317263283420e-09
3.833740000000000236e+02 6.800208959092848343e-09 8.488749391672428966e-09 8.974901481234725544e-09
3.940910000000000082e+02 7.089148183417381958e-09 7.580875217215324377e-09 7.748905167367298003e-09
4.048079999999999927e+02 6.778469111461640579e-09 6.970983945189121559e-09 6.986720621749242060e-09
4.155240000000000009e+02 5.384794498392683597e-09 6.860045168702123732e-09 6.935190820905195168e-09
4.262409999999999854e+02 5.240934288149967028e-09 6.112138426387859620e-09 6.432238557462175869e-09
4.369569999999999936e+02 5.550313178227208986e-09 5.406971167129743280e-09 5.528875998643051156e-09
4.476739999999999782e+02 4.799405829029233560e-09 5.293911432010745719e-09 5.199641698960024042e-09
4.583910000000000196e+02 3.911530958953595609e-09 5.136594138814648299e-09 5.136333846231756563e-09
4.691070000000000277e+02 3.871876363615390554e-09 4.568199281417447703e-09 4.741197410967163526e-09
4.798240000000000123e+02 4.114512976354674319e-09 3.977856001129916846e-09 4.150193790515411116e-09
4.905409999999999968e+02 3.780558417526447501e-09 3.935453084343987130e-09 3.660968274129566416e-09
5.043389999999999986e+02 2.973890743949196759e-09 3.802495556055664235e-09 3.715723227995140617e-09
5.186299999999999955e+02 2.665702611144443929e-09 3.459140502510142707e-09 3.539439734345414851e-09
5.329199999999999591e+02 2.918438894981291082e-09 2.936875935683403472e-09 3.073125858935305930e-09
5.472110000000000127e+02 2.826990313216186904e-09 2.704755715546453415e-09 2.715417023237361246e-09
5.615019999999999527e+02 2.307573240603147101e-09 2.792498308998731103e-09 2.524654711998123069e-09
5.757930000000000064e+02 1.878396180300740525e-09 2.395977884257515051e-09 2.739742747342508512e-09
5.900839999999999463e+02 1.803643366426552981e-09 2.279637009666673838e-09 2.443108396374740924e-09
6.043750000000000000e+02 1.973338784493121088e-09 1.861983458326160659e-09 2.214784025980719105e-09
6.186660000000000537e+02 2.001886386098747654e-09 1.786922731191850868e-09 1.817724233109402352e-09
6.329569999999999936e+02 1.661221973266848774e-09 1.766365046545191297e-09 1.766442541787960919e-09
6.472480000000000473e+02 1.328483265752836839e-09 1.784551200547887396e-09 1.707418956099276176e-09
6.633460000000000036e+02 1.143890297869462080e-09 1.641098190878931152e-09 1.671410095251607694e-09
6.824039999999999964e+02 1.222087512823563999e-09 1.405403616699119142e-09 1.474780500077317712e-09
7.014610000000000127e+02 1.298945906585689936e-09 1.217703704641964907e-09 1.263142616436576574e-09
7.205180000000000291e+02 1.181304654245560616e-09 1.153919792829001512e-09 1.152076762525438304e-09
7.395750000000000455e+02 9.405827674773555646e-10 1.147763944793953312e-09 1.127766354848691834e-09
7.586319999999999482e+02 7.543939220575937888e-10 1.102702356208696756e-09 1.116542501013710175e-09
7.776900000000000546e+02 7.016129645662665987e-10 1.019639209691645682e-09 1.027107788222088247e-09
7.967469999999999573e+02 7.291971469017485343e-10 8.773698416610169803e-10 9.350660788772349461e-10
8.158039999999999736e+02 7.851022786768336523e-10 7.712328261019671213e-10 8.008425887876487900e-10
8.348609999999999900e+02 7.666162756652856888e-10 6.933623673342022158e-10 7.161682228405124262e-10
8.539180000000000064e+02 6.895718807590451536e-10 6.633637013843239919e-10 6.612624494566312645e-10
8.729759999999999991e+02 5.759138674033563965e-10 6.541682871094399511e-10 6.350179866072038279e-10
8.977309999999999945e+02 4.459532404705254110e-10 6.424181029352972993e-10 6.250098521941773794e-10
9.231449999999999818e+02 3.703381449508536256e-10 6.082983178166012698e-10 5.997247229125452349e-10
9.485579999999999927e+02 3.676694355696352910e-10 5.348635944461560924e-10 5.495413783605482837e-10
9.739710000000000036e+02 3.970889907689190451e-10 4.572571193236288091e-10 4.849569839714523577e-10
9.993840000000000146e+02 4.206491003282221782e-10 3.927945342646273192e-10 4.217519795751506767e-10
1.024799999999999955e+03 4.115913507716839678e-10 3.576107473334084500e-10 3.695683693669077789e-10
1.050210000000000036e+03 3.701863740606570290e-10 3.394496674223554188e-10 3.428220769649877085e-10
1.075619999999999891e+03 3.081461941613226862e-10 3.365176796972575277e-10 3.272166166854198404e-10
1.101039999999999964e+03 2.445440417794381414e-10 3.381643783583198352e-10 3.151246226062421046e-10
1.126450000000000045e+03 1.951982449210525609e-10 3.261883353516736809e-10 3.075637292072739320e-10
1.151859999999999900e+03 1.676831896295445803e-10 2.978690039820158994e-10 3.010939410044396442e-10
1.180779999999999973e+03 1.602881948749074097e-10 2.703284591852889298e-10 2.758066491998037448e-10
1.214670000000000073e+03 1.746979798623322260e-10 2.300128300025394262e-10 2.442008368679284458e-10
1.248559999999999945e+03 1.882978653191090263e-10 1.948069894397598815e-10 2.135760336907311524e-10
1.282450000000000045e+03 1.915951676597807872e-10 1.715863403973188939e-10 1.852755741597003970e-10
1.316339999999999918e+03 1.811969626074543736e-10 1.596004851199286379e-10 1.648537817214170762e-10
1.350230000000000018e+03 1.587922935689450623e-10 1.514231792682999208e-10 1.556018790723551070e-10
1.384119999999999891e+03 1.337511007319292838e-10 1.514664905968352634e-10 1.441798058646931989e-10
1.418009999999999991e+03 1.041675352492810810e-10 1.488361707946272030e-10 1.426002762372927159e-10
1.451900000000000091e+03 8.727389566533800080e-11 1.459145229936895654e-10 1.321584459195324971e-10
1.485789999999999964e+03 6.852436375931159799e-11 1.275878018146073762e-10 1.408917979203210859e-10
1.519670000000000073e+03 5.989322442722018716e-11 1.199667743827899381e-10 1.310908331435898876e-10
1.553559999999999945e+03 5.861839174198418446e-11 1.108172902428755931e-10 1.171154414844202605e-10
1.597980000000000018e+03 6.144182984531111826e-11 9.485584651437803963e-11 1.070317936830309091e-10
1.643170000000000073e+03 6.730250878586541261e-11 8.507117903913781687e-11 8.936302049435680353e-11
1.688359999999999900e+03 6.939380693257106639e-11 7.412807697209207805e-11 7.860114339666487198e-11
1.733549999999999955e+03 6.974254850884202182e-11 6.298830585638867438e-11 7.154302984160133339e-11
1.778740000000000009e+03 6.716445760226415346e-11 5.832688467513764745e-11 6.249654098007823782e-11
1.823930000000000064e+03 6.178098619849137715e-11 5.563933131732633161e-11 5.546676999072632300e-11
1.869130000000000109e+03 5.492791661894063034e-11 5.542334884416302611e-11 4.905829845451238152e-11
1.914319999999999936e+03 4.689126107715992133e-11 5.564880420116005389e-11 4.431548255204803454e-11
1.959509999999999991e+03 3.890803056856374894e-11 4.739170118646890561e-11 4.903018725985557987e-11
2.004700000000000045e+03 3.359625829470428702e-11 4.081009332621962666e-11 5.018894036650649959e-11
2.049889999999999873e+03 2.708110806922788765e-11 5.269776676775938163e-11 3.512865600257275021e-11
2.101840000000000146e+03 2.077621113223838070e-11 4.468670488077356700e-11 4.014956097705926713e-11
2.162110000000000127e+03 1.682995179419031597e-11 3.948563678875321854e-11 4.053886953474928220e-11
2.222369999999999891e+03 1.526059362123654488e-11 3.073090385117606024e-11 4.291580246498019965e-11
2.282630000000000109e+03 1.575776868408574645e-11 2.995735487007107445e-11 3.583578219465591308e-11
2.342900000000000091e+03 1.400427647455501335e-11 3.476363429855357032e-11 2.628295852861382252e-11
2.403159999999999854e+03 1.369812677027691227e-11 2.313961560907623098e-11 3.217283575007406582e-11
2.463429999999999836e+03 1.456379160115001753e-11 2.625237711917067851e-11 2.267438576530091338e-11
2.523690000000000055e+03 1.441975163460904855e-11 1.883679544158476818e-11 2.510696426447126785e-11
2.583960000000000036e+03 1.424281369218299103e-11 1.952162820460283406e-11 2.002003089260601424e-11
2.644219999999999800e+03 1.471488841261630209e-11 1.695562488198310153e-11 1.783109701748662532e-11
2.704480000000000018e+03 1.433518337558423331e-11 1.439949627031754791e-11 1.678267364792232557e-11
2.764750000000000000e+03 1.387211919540229267e-11 1.317255247476630114e-11 1.490378499273251937e-11
2.844420000000000073e+03 1.342210389227528192e-11 1.173291251029565593e-11 1.326276241017393187e-11
2.924780000000000200e+03 1.280529531100326363e-11 1.103835330730529486e-11 1.137073934759574836e-11
3.005150000000000091e+03 1.198361036629741158e-11 9.687245231548942002e-12 1.063667105825122592e-11
3.085510000000000218e+03 1.088073650641892230e-11 8.947141961218640386e-12 9.836277484264357353e-12
3.165869999999999891e+03 9.927023540574988457e-12 8.685125070616647710e-12 8.600906170307651737e-12
3.246239999999999782e+03 9.014935595759003641e-12 8.239993994650241900e-12 7.793339451155154571e-12
3.326599999999999909e+03 8.027696099819290101e-12 7.703558316201368465e-12 7.291089032353083951e-12
3.406960000000000036e+03 7.059146916833348915e-12 7.229893105462867348e-12 6.879051230853476312e-12
3.487329999999999927e+03 6.155693899549603616e-12 6.799015256733754580e-12 6.488085070186272163e-12
3.567690000000000055e+03 5.363170216879840340e-12 6.396749703449567327e-12 6.141090352754883265e-12
3.648050000000000182e+03 4.670329273091629237e-12 6.005085765762079833e-12 5.780127733130764792e-12
3.741360000000000127e+03 3.970175814284341226e-12 5.640764175467648130e-12 5.483844645730322733e-12
3.848519999999999982e+03 3.263479947767484880e-12 5.304761927710713283e-12 5.257013393635767259e-12
3.955690000000000055e+03 2.695086332211180320e-12 4.975951891791539736e-12 4.978474677929869855e-12
4.062860000000000127e+03 2.262431786456828621e-12 4.648518983621877485e-12 4.711993961366493832e-12
4.170020000000000437e+03 1.940301685927151898e-12 4.324266395383926723e-12 4.400313024524083964e-12
4.277189999999999600e+03 1.723855105984109789e-12 4.074072762412075917e-12 3.994547357050136559e-12
4.384359999999999673e+03 1.555859839772783851e-12 3.897735659401055309e-12 3.542059217683727545e-12
4.491520000000000437e+03 1.332562728743698371e-12 3.638497606669882137e-12 3.282037117927564135e-12
4.598689999999999600e+03 1.074384971657351590e-12 3.226764479652556149e-12 3.291916399422041792e-12
4.705859999999999673e+03 9.707466311743569509e-13 2.926376692832011078e-12 3.078699217410445976e-12
4.813020000000000437e+03 9.859764927005646818e-13 2.802889857515855436e-12 2.611956092951386680e-12
4.920189999999999600e+03 8.509655075558227255e-13 2.477784571333324617e-12 2.558937092719851296e-12
5.063100000000000364e+03 7.698867028178734318e-13 2.190625340779637501e-12 2.425006505126472428e-12
5.206010000000000218e+03 7.476027956662947135e-13 2.018226018498672296e-12 2.165347921709993189e-12
5.348920000000000073e+03 7.692609641530671863e-13 1.887334091404322110e-12 1.862726050343665900e-12
5.491819999999999709e+03 7.513153978198259934e-13 1.639113797075299019e-12 1.754508148418789234e-12
5.634729999999999563e+03 7.024786604843111846e-13 1.444465746119978650e-12 1.649401687197768666e-12
5.777640000000000327e+03 7.050338893922967176e-13 1.367335258455735260e-12 1.418140269037050057e-12
5.920550000000000182e+03 6.929637881651555731e-13 1.174069193168463154e-12 1.337331263098719062e-12
6.063460000000000036e+03 6.645042185213961954e-13 1.083186803102721280e-12 1.194920632537058583e-12
6.206369999999999891e+03 6.537785158671519933e-13 9.591561205988188517e-13 1.085332537185796809e-12
6.349279999999999745e+03 6.291570581627053552e-13 8.738467600949959026e-13 9.780746684327961883e-13
6.492189999999999600e+03 6.083187801544067308e-13 7.700109535674884270e-13 8.993437893367549017e-13
6.659750000000000000e+03 5.891346617691138337e-13 7.152568431285124267e-13 7.822738183737972487e-13
6.850319999999999709e+03 5.664304182066688381e-13 5.962810807248457058e-13 7.419565372412936306e-13
7.040890000000000327e+03 5.468529306852813251e-13 5.821103623682190190e-13 6.193073715110240829e-13
7.231470000000000255e+03 5.239859293015341080e-13 4.780404181589282484e-13 5.993594030459396699e-13
7.422039999999999964e+03 4.974295325212430772e-13 4.692477379606049535e-13 5.013269934411890282e-13
7.612609999999999673e+03 4.735291545159417812e-13 3.800366316534917137e-13 4.930305574984790753e-13
7.803180000000000291e+03 4.449387075042015782e-13 4.025308439481638635e-13 3.858556535862908684e-13
7.993750000000000000e+03 4.219789140025970729e-13 2.772991161947062421e-13 4.348736623503489087e-13
8.184329999999999927e+03 3.923662136344179365e-13 3.685756126194705706e-13 2.797768024904557548e-13
8.374899999999999636e+03 3.725407143406035383e-13 2.104644706504641420e-13 3.721467486418737168e-13
8.565469999999999345e+03 3.406032106471956208e-13 2.781800111101005834e-13 2.563141955820245583e-13
8.758229999999999563e+03 3.220322242808623971e-13 2.520222830260180409e-13 2.299724577364556603e-13
9.012370000000000800e+03 2.961081394490215715e-13 1.698747822452943138e-13 2.687709213775555737e-13
9.266500000000000000e+03 2.747811558717821940e-13 2.449955406088765583e-13 1.523753404138076874e-13
9.520629999999999200e+03 2.568023420085377431e-13 9.984691388183937641e-14 2.587999427251841446e-13
9.774760000000000218e+03 2.276701624941085304e-13 2.268452820053108554e-13 1.080035379263464942e-13
1.002889999999999964e+04 2.219403703946233971e-13 1.145192170481711125e-13 1.804254816979943719e-13
1.028300000000000000e+04 1.940797761586273890e-13 1.045131065878232852e-13 1.751950721564358677e-13
1.053720000000000073e+04 1.780961177089782040e-13 1.926405262844169395e-13 6.379675712318593176e-14
1.079129999999999927e+04 1.728805582143204363e-13 7.222617474678551911e-14 1.527102470850284011e-13
1.104539999999999964e+04 1.482969627577653597e-13 7.383826790319284534e-14 1.436189563067473731e-13
1.129960000000000036e+04 1.336235576054025545e-13 1.592973452266717519e-13 4.245834001387041387e-14
1.155370000000000073e+04 1.328012809381663710e-13 8.816557415305006583e-14 8.665576644953811586e-14
1.185460000000000036e+04 1.151226573683114202e-13 3.251289855567503587e-14 1.339058151496884488e-13
1.219350000000000000e+04 9.775178057538364091e-14 1.259742871604564632e-13 3.277080156214190533e-14
1.253239999999999964e+04 1.002031966539079305e-13 7.138430120465184623e-14 6.367716232905075212e-14
1.287129999999999927e+04 8.580690999718393403e-14 1.920891274449174981e-14 1.102743107443703999e-13
1.321010000000000036e+04 7.039886080843375464e-14 9.015802491831044921e-14 3.662569617468205457e-14
1.354900000000000000e+04 7.190857266797770103e-14 8.769860997418085294e-14 2.110430100855763095e-14
1.388789999999999964e+04 6.831006864220242543e-14 1.857194688199919101e-14 7.836302992824019219e-14
1.422679999999999927e+04 5.404621947710331512e-14 2.495707242845132428e-14 7.283397855803372370e-14
1.456570000000000073e+04 4.624816909365938536e-14 7.473955995463102764e-14 1.820435901336012781e-14
1.490460000000000036e+04 4.810243921624703297e-14 6.810913097899525768e-14 1.112784705925051124e-14
1.524350000000000000e+04 4.711350290327465425e-14 2.112381646505563600e-14 4.877635890464870430e-14
1.559020000000000073e+04 3.819623596882982103e-14 6.421294116281003525e-15 6.255707332395470849e-14
1.604210000000000036e+04 2.916081305493526141e-14 4.597584389946704925e-14 2.269985280727117250e-14
1.649400000000000000e+04 3.058978840944426713e-14 5.576011858809743750e-14 3.060114380814600590e-15
1.694590000000000146e+04 3.144740869883991120e-14 1.916577848133363393e-14 3.116954925799699099e-14
1.739779999999999927e+04 2.495355877007795698e-14 2.992697696121046601e-15 4.665601568274104983e-14
1.784979999999999927e+04 1.837129175131828524e-14 2.447131232481454987e-14 2.564874261227840134e-14
1.830170000000000073e+04 1.747356911671902161e-14 4.268957295834984838e-14 2.551247542990357753e-15
1.875359999999999854e+04 1.946282788528157084e-14 3.266800586223862677e-14 5.323821762124057959e-15
1.920550000000000000e+04 1.894602886711263117e-14 1.043806658743670402e-14 2.312431570731507504e-14
1.965740000000000146e+04 1.514487939096299662e-14 1.144721029279918697e-15 3.194200688395556858e-14
2.010929999999999927e+04 1.091305192583864252e-14 9.642984131252598707e-15 2.362423744443044355e-14
2.056129999999999927e+04 8.999504794021359203e-15 2.289129435997191781e-14 8.592843432278568311e-15
2.110150000000000000e+04 9.779088320235631589e-15 2.727853311523173082e-14 -2.227772175943634440e-16
2.170420000000000073e+04 1.111618995136392206e-14 1.569552276264068367e-14 6.928806499210135379e-15
2.230679999999999927e+04 9.940117766848070652e-15 2.777059317627415957e-15 1.808332861145567772e-14
2.290950000000000000e+04 7.080758474236987488e-15 1.512113529911086094e-15 1.955111018873316813e-14
2.351209999999999854e+04 4.878104788038522653e-15 9.351470235372020922e-15 1.150818772583405333e-14
2.411470000000000073e+04 4.442314313807270917e-15 1.638639131420443750e-14 2.641255173717009571e-15
2.471740000000000146e+04 5.193869017289036413e-15 1.667317240890182503e-14 -3.173937151271764947e-16
2.532000000000000000e+04 5.824778706468290428e-15 1.103652681656046239e-14 2.851693528962256392e-15
2.592270000000000073e+04 5.589494852349663965e-15 4.316583904206179241e-15 8.133895090894965846e-15
2.652529999999999927e+04 4.531403386464340030e-15 5.273445892538294543e-16 1.140557784796529564e-14
2.712800000000000000e+04 3.234313903951489845e-15 7.685758678401024026e-16 1.110199022452937222e-14
2.775140000000000146e+04 2.193590431400409678e-15 3.774569628959965966e-15 7.839151328930201417e-15
2.855500000000000000e+04 1.761830422991817301e-15 8.037074613483986259e-15 2.782346251253930129e-15
2.935870000000000073e+04 2.077894833040263071e-15 9.448643114897933103e-15 -5.071560952285983854e-17
3.016229999999999927e+04 2.535655636860792975e-15 7.533136121431150549e-15 3.611005169893122522e-16
3.096590000000000146e+04 2.692196986325114738e-15 4.160684121056838180e-15 2.709379590537317947e-15
3.176959999999999854e+04 2.396050151738919548e-15 1.297333437884212232e-15 5.036723256076180350e-15
3.257320000000000073e+04 1.822442391574932843e-15 9.075112535187774482e-17 6.063836979941026427e-15
3.337680000000000291e+04 1.219017795044921920e-15 5.147418142902536857e-16 5.531541907634406122e-15
3.418050000000000000e+04 7.903233588045838284e-16 1.862581928825956885e-15 4.013259068280419135e-15
3.498409999999999854e+04 5.937052615583215544e-16 3.283094154494588167e-15 2.210969411090583458e-15
3.578780000000000291e+04 6.005719647369222402e-16 4.187459909518781067e-15 7.740380970474188616e-16
3.659140000000000146e+04 7.188115317122257106e-16 4.332495362475166403e-15 8.471377392435719113e-18
3.756140000000000146e+04 9.044846748933893961e-16 3.756002911665533628e-15 -3.064493286586305949e-17
3.863309999999999854e+04 1.021551748152216672e-15 2.520101837148209188e-15 6.699062415678945361e-16
3.970469999999999709e+04 9.900818950924187640e-16 1.251107303174634264e-15 1.593672627048204411e-15
4.077640000000000146e+04 8.354711513629807923e-16 3.733202525403560273e-16 2.286466632277097561e-15
4.184800000000000000e+04 6.218874720181144508e-16 2.811602902559845026e-17 2.537865020361593790e-15
4.291969999999999709e+04 4.119437767658323543e-16 1.366197741215508542e-16 2.346810403622895667e-15
4.399140000000000146e+04 2.542318698741736781e-16 5.141191987160138077e-16 1.882803783241398552e-15
4.506300000000000000e+04 1.606937352305700620e-16 9.625180994663027180e-16 1.294566506363928957e-15
4.613469999999999709e+04 1.285117333255977882e-16 1.335104812770165003e-15 7.418910149665546900e-16
4.720640000000000146e+04 1.404086314521383570e-16 1.545972620040926967e-15 3.174833496732466857e-16
4.827800000000000000e+04 1.772460821025297568e-16 1.592586086407860952e-15 6.190705611586829575e-17
4.939900000000000000e+04 2.222199064540146226e-16 1.482904027714254978e-15 -3.718799355473431785e-17
5.082809999999999854e+04 2.733618099774655849e-16 1.217373018848018677e-15 2.459941313416675110e-17
5.225719999999999709e+04 2.960528610329616124e-16 8.670369951633335838e-16 2.069100401283314348e-16
5.368630000000000291e+04 2.921068447808782579e-16 5.376457706564012414e-16 4.232192541214632490e-16
5.511540000000000146e+04 2.620113338517431362e-16 2.721254028511683698e-16 6.046432512748036664e-16
5.654450000000000000e+04 2.173409995622483780e-16 9.965068408565817270e-17 7.188526729039910009e-16
5.797350000000000000e+04 1.675459790504264742e-16 1.756450378646860682e-17 7.575670922968337379e-16
5.940259999999999854e+04 1.195915428305970657e-16 8.186414745020062799e-18 7.263241472049711289e-16
6.083169999999999709e+04 7.992783884246266404e-17 4.799659640018697524e-17 6.524403773237498749e-16
6.226080000000000291e+04 4.932357092082835290e-17 1.135624690084793126e-16 5.463818430212093529e-16
6.368990000000000146e+04 2.853964546671634719e-17 1.850415871007864425e-16 4.284665753577614012e-16
6.511900000000000000e+04 1.682597400036529503e-17 2.511544311580083065e-16 3.179448524287400342e-16
6.686039999999999418e+04 1.211244088172944675e-17 3.156360567451958049e-16 2.030030886139643943e-16
6.876610000000000582e+04 1.501155716310623249e-17 3.593842512655159651e-16 1.064952655734149008e-16
7.067180000000000291e+04 2.243733825845614692e-17 3.722691200767680416e-16 4.137306358718668749e-17
7.257750000000000000e+04 3.130981652482569152e-17 3.590220012443146783e-16 5.370544370446487382e-18
7.448319999999999709e+04 3.925293371680791186e-17 3.248947318296561527e-16 -7.035203209141989114e-18
7.638900000000000000e+04 4.564430929493064403e-17 2.827976167093982910e-16 -2.668648603348572447e-18
7.829469999999999709e+04 4.926643424036067042e-17 2.338462248840836277e-16 1.210102282717398333e-17
8.020039999999999418e+04 5.038913733820854685e-17 1.853970744279065337e-16 3.177443905859669630e-17
8.210610000000000582e+04 4.907682165134891058e-17 1.402113787019197539e-16 5.199433708158138134e-17
8.401180000000000291e+04 4.645854972521216429e-17 1.022685569704033186e-16 7.066219776564230033e-17
8.591760000000000582e+04 4.234787280351205906e-17 7.051895864863733964e-17 8.534250724112507768e-17
8.793289999999999418e+04 3.747178193826034123e-17 4.485468748248777918e-17 9.668694954732526583e-17
9.047419999999999709e+04 3.170968505904807809e-17 2.290270293842860279e-17 1.069219588892710753e-16
9.301550000000000000e+04 2.558576862570532635e-17 9.310231602619184242e-18 1.097630314366335736e-16
9.555680000000000291e+04 2.011919960137314325e-17 2.556120947530982616e-18 1.084967468539260808e-16
9.809810000000000582e+04 1.509950428013610926e-17 6.458044621322889569e-19 1.022333996246858568e-16
1.006390000000000000e+05 1.090240181848026500e-17 1.997174350005801609e-18 9.348037930691558283e-17
