1.017789999999999928e+01 1.077827163784111876e-04 1.065549825407423941e-04 1.062563331705727756e-04
1.043200000000000038e+01 1.005330088433500782e-04 1.020230959113214422e-04 1.011582902861257131e-04
1.068609999999999971e+01 9.554740170969291989e-05 9.631873853095925604e-05 9.606227483332562889e-05
1.094030000000000058e+01 9.133888883820641782e-05 9.065043256145901749e-05 9.038147131093167582e-05
1.119439999999999991e+01 8.497230411889656861e-05 8.703462127580573790e-05 8.678922752583828365e-05
1.144849999999999923e+01 8.152094545771945786e-05 8.189588677875090891e-05 8.184686141898109735e-05
1.171439999999999948e+01 7.813059654473838371e-05 7.698800689189283389e-05 7.722999077086173088e-05
1.205320000000000036e+01 7.464154580520614515e-05 7.146069035271920107e-05 7.118934168287371174e-05
1.239209999999999923e+01 7.020002182804663889e-05 6.678868506565013429e-05 6.656077516219249086e-05
1.273099999999999987e+01 6.742235091025380932e-05 6.192605510516830205e-05 6.167898196833592394e-05
1.306990000000000052e+01 6.149974728215538760e-05 5.893163126931327329e-05 5.876349023383360275e-05
1.340879999999999939e+01 5.533634782816125239e-05 5.649124278394532386e-05 5.675442241682372761e-05
1.374770000000000003e+01 5.490789024936990395e-05 5.200238926686527060e-05 5.181373594565614836e-05
1.408660000000000068e+01 5.058219792334580137e-05 4.944892778848081292e-05 4.953855371237076680e-05
1.442549999999999955e+01 4.699524176087163684e-05 4.704986911476914267e-05 4.708358769194420505e-05
1.476440000000000019e+01 4.604431266502294980e-05 4.387003172343893764e-05 4.329563058281455973e-05
1.510330000000000084e+01 4.149357401940883248e-05 4.217701060428937133e-05 4.229164886250593331e-05
1.544209999999999994e+01 3.877313560395592360e-05 4.011491883236372607e-05 4.026653939223026629e-05
1.585510000000000019e+01 3.711344454842793766e-05 3.729833003690934926e-05 3.723503364298582263e-05
1.630699999999999861e+01 3.313859699574634278e-05 3.532925631240799099e-05 3.581008947451956082e-05
1.675890000000000057e+01 3.200847148681688995e-05 3.269090726212695768e-05 3.279209924969526832e-05
1.721079999999999899e+01 3.021577872277450420e-05 3.045486698912926231e-05 3.054043773827175290e-05
1.766280000000000072e+01 2.701891581845908104e-05 2.905557836798666049e-05 2.942005186597784782e-05
1.811469999999999914e+01 2.629214026383621576e-05 2.701458885001684884e-05 2.691480720627260854e-05
1.856660000000000110e+01 2.489616563182918524e-05 2.520808824184633172e-05 2.523697990036569746e-05
1.901849999999999952e+01 2.346272147295464829e-05 2.359977825934363681e-05 2.375348664383598131e-05
1.947040000000000148e+01 2.175296225731737702e-05 2.236128621048955482e-05 2.253203380104030237e-05
1.992229999999999990e+01 2.028734505715748629e-05 2.115375794915875393e-05 2.133205485687017389e-05
2.037430000000000163e+01 1.927300475519126973e-05 1.987968111876612173e-05 2.003869608555744019e-05
2.085219999999999985e+01 1.841911210536920529e-05 1.862970429237530888e-05 1.864987914213332286e-05
2.145479999999999876e+01 1.661217678335286896e-05 1.758113833521814142e-05 1.756499161825666395e-05
2.205750000000000099e+01 1.575898457201135337e-05 1.626382662177570847e-05 1.635795637993337374e-05
2.266009999999999991e+01 1.467420144618543711e-05 1.522360952979557355e-05 1.528032912727976772e-05
2.326269999999999882e+01 1.411051278300139775e-05 1.404460756815992458e-05 1.409589767495143128e-05
2.386540000000000106e+01 1.277020326165491318e-05 1.337470213055506316e-05 1.338692564990238557e-05
2.446799999999999997e+01 1.209900868476783226e-05 1.241227469210750101e-05 1.255484356917576572e-05
2.507069999999999865e+01 1.144782151916087753e-05 1.160178763609082403e-05 1.168742891232265429e-05
2.567330000000000112e+01 1.087845625475665541e-05 1.085365469482593942e-05 1.088932336182813862e-05
2.627590000000000003e+01 1.020161495828179105e-05 1.021838338129689101e-05 1.026005404256358457e-05
2.687859999999999872e+01 9.260469589765087814e-06 9.763746338006205747e-06 9.805069134100845619e-06
2.748120000000000118e+01 8.781004684369678978e-06 9.099127470276351023e-06 9.263012653567644346e-06
2.822250000000000014e+01 8.319035626862707875e-06 8.488547223381441817e-06 8.506327329972532435e-06
2.902609999999999957e+01 7.872235584426022953e-06 7.648153700298689300e-06 7.872469656442942804e-06
2.982979999999999876e+01 6.998678363311360819e-06 7.465368334929636695e-06 7.555717141848509917e-06
3.063340000000000174e+01 6.575225857762346854e-06 6.856026701298763198e-06 7.129314204291206475e-06
3.143700000000000117e+01 6.299358564564887358e-06 6.443554432410515684e-06 6.473545306175396556e-06
3.224069999999999681e+01 6.082150219050316217e-06 5.977613711626339814e-06 5.913367578786360738e-06
3.304429999999999978e+01 5.453162868082697655e-06 5.775257193115358730e-06 5.552487536873145584e-06
3.384790000000000276e+01 5.305679904669819920e-06 5.266650282799430303e-06 5.229381223574767370e-06
3.465160000000000196e+01 4.900480476169022709e-06 4.956488117473697975e-06 4.990498480058088995e-06
3.545519999999999783e+01 4.525440499884555196e-06 4.691182722296117508e-06 4.705216592171076423e-06
3.625880000000000081e+01 4.362509624745104733e-06 4.363067333444656483e-06 4.371796412262160422e-06
3.711789999999999878e+01 3.978696020894086561e-06 4.134751402635629081e-06 4.165683625741370653e-06
3.818959999999999866e+01 3.789824838244433603e-06 3.822741935453095733e-06 3.811400092688751671e-06
3.926129999999999853e+01 3.371990999180647701e-06 3.638702384413468715e-06 3.630076411198096299e-06
4.033290000000000219e+01 3.355457484109974347e-06 3.273313399199897732e-06 3.295693990858447630e-06
4.140460000000000207e+01 3.138520280720276563e-06 3.064672547542566644e-06 3.076082687740381818e-06
4.247630000000000194e+01 2.803154154152462157e-06 2.985166812401456895e-06 2.913067781608275981e-06
4.354789999999999850e+01 2.710371460819178843e-06 2.696769601349928272e-06 2.698101159313204536e-06
4.461959999999999837e+01 2.506010712650786127e-06 2.549212650311721703e-06 2.549567812288749968e-06
4.569129999999999825e+01 2.319721121388397071e-06 2.396237157038740354e-06 2.412314060093352285e-06
4.676290000000000191e+01 2.244862075231362876e-06 2.227021166765475467e-06 2.219434304474713909e-06
4.783460000000000178e+01 2.055220393846330756e-06 2.114770376090217655e-06 2.121773052015897783e-06
4.890630000000000166e+01 1.956519053413430222e-06 1.974368301805431554e-06 1.985689925406079117e-06
5.023669999999999902e+01 1.835362546871677069e-06 1.840893079304115971e-06 1.839417849797290059e-06
5.166579999999999728e+01 1.678219323809907263e-06 1.719078845457935662e-06 1.663320975619647148e-06
5.309490000000000265e+01 1.604832795625073607e-06 1.576939233560834075e-06 1.594448082053456532e-06
5.452400000000000091e+01 1.424151858995395977e-06 1.525367594797354267e-06 1.497553965320073471e-06
5.595309999999999917e+01 1.423642738607313770e-06 1.378854878440068188e-06 1.371630016723925774e-06
5.738219999999999743e+01 1.255581060061021317e-06 1.326243354117150837e-06 1.313653134753484352e-06
5.881130000000000280e+01 1.200045256744403893e-06 1.233719345671224395e-06 1.219357327248923739e-06
6.024040000000000106e+01 1.133817189089134169e-06 1.140148164371677752e-06 1.137728659186082567e-06
6.166949999999999932e+01 1.056088881330255969e-06 1.078741946806649859e-06 1.076039994368269567e-06
6.309859999999999758e+01 9.871372973772652180e-07 1.008689735746049368e-06 1.011060657191906382e-06
6.452760000000000673e+01 9.263820598555604172e-07 9.534449800279433579e-07 9.477386430555052642e-07
6.607179999999999609e+01 8.575218445635692262e-07 8.931707346515823305e-07 8.886095315665559931e-07
6.797750000000000625e+01 8.034146567581397189e-07 8.307155420743251212e-07 8.337535229878530506e-07
6.988320000000000221e+01 7.545736282707594730e-07 7.337315236563583784e-07 7.707989500617824736e-07
7.178889999999999816e+01 6.748247454555572525e-07 7.276838923720289919e-07 7.314646463458570836e-07
7.369469999999999743e+01 6.603222937351334686e-07 6.653748010312423670e-07 6.713885898247702170e-07
7.560039999999999338e+01 6.301469424648311799e-07 6.384242542839224741e-07 6.178034854585233683e-07
7.750610000000000355e+01 5.768331156057256299e-07 5.820546254369200778e-07 5.861071754492571380e-07
7.941179999999999950e+01 5.208465863394233195e-07 5.564000457637662572e-07 5.556159050164982065e-07
8.131749999999999545e+01 4.909298200982769960e-07 5.207716218088452356e-07 5.205792598160163797e-07
8.322329999999999472e+01 4.679455051274415642e-07 4.774001780258556647e-07 4.878574736772100618e-07
8.512900000000000489e+01 4.604946316982150090e-07 4.456342166245605854e-07 4.555524945741766561e-07
8.703470000000000084e+01 4.101454984441477387e-07 4.293150842532921171e-07 4.395828376593228135e-07
8.942260000000000275e+01 3.817667731184363325e-07 3.960020192711187995e-07 3.998781881339924557e-07
9.196389999999999532e+01 3.617051031042962769e-07 3.675737064622045963e-07 3.654667020046828254e-07
9.450520000000000209e+01 3.243262532016328643e-07 3.323332108732091335e-07 3.472750569960488951e-07
9.704659999999999798e+01 3.028018049253544485e-07 3.253960836109154400e-07 3.302338288864473779e-07
9.958790000000000475e+01 2.911291325951763443e-07 2.992422496044995455e-07 2.985236713683098617e-07
1.021290000000000049e+02 2.752364569571160260e-07 2.801714926530124399e-07 2.796858244381815031e-07
1.046710000000000065e+02 2.559271357881191317e-07 2.623298065466300439e-07 2.627576840652509395e-07
1.072120000000000033e+02 2.388790413665331205e-07 2.420501033302136008e-07 2.497474473032534386e-07
1.097530000000000001e+02 2.252008263312290412e-07 2.310269603775160815e-07 2.284224140912549872e-07
1.122939999999999969e+02 2.095681872164639326e-07 2.146891681469964252e-07 2.174795142365397704e-07
1.148359999999999985e+02 1.967934652073022877e-07 1.950332081627821932e-07 2.100656955782137555e-07
1.176110000000000042e+02 1.838444743533659069e-07 1.920854049409106400e-07 1.869455098257235083e-07
1.210000000000000000e+02 1.738357296843061046e-07 1.613688150218195533e-07 1.876534264938743949e-07
1.243889999999999958e+02 1.623661943727974396e-07 1.617321354491377068e-07 1.619131424180649308e-07
1.277780000000000058e+02 1.484490887759488931e-07 1.559787415486286763e-07 1.478953251461758667e-07
1.311670000000000016e+02 1.394526992802233985e-07 1.494060808858086667e-07 1.325880124739679659e-07
1.345550000000000068e+02 1.260597715022604895e-07 1.367282538150946929e-07 1.301187652426448663e-07
1.379439999999999884e+02 1.160565997381056016e-07 1.236323530127685071e-07 1.273302512491259687e-07
1.413329999999999984e+02 1.080338887486676899e-07 1.149027640532618263e-07 1.199888457152600285e-07
1.447220000000000084e+02 1.024320281750617745e-07 1.088727285290835307e-07 1.063770825720701375e-07
1.481109999999999900e+02 9.724492040823217030e-08 1.016778920103456184e-07 1.011134172995563161e-07
1.515000000000000000e+02 8.794051780437083718e-08 9.553951023573214435e-08 9.769221552801946585e-08
1.548890000000000100e+02 8.483224975219427285e-08 9.017245351653508801e-08 8.844532041127067178e-08
1.591740000000000066e+02 8.063026952632099256e-08 8.208532704722661828e-08 8.201580934645243009e-08
1.636930000000000121e+02 7.283979989221575712e-08 7.810262464101527165e-08 7.614129306676898418e-08
1.682129999999999939e+02 6.622205149522905767e-08 7.084826345709406534e-08 7.376295176767692297e-08
1.727319999999999993e+02 6.111559953602663316e-08 6.640025422947385868e-08 6.869710791449955893e-08
1.772510000000000048e+02 5.880969474703989083e-08 6.160752800776366569e-08 6.224203756519646953e-08
1.817700000000000102e+02 5.340191116163218896e-08 5.996555730481060642e-08 5.685355801355723759e-08
1.862889999999999873e+02 5.085721118814149693e-08 5.254292066470895021e-08 5.537506166714956027e-08
1.908079999999999927e+02 4.751281411372838442e-08 5.024714988055192470e-08 5.037913272571971699e-08
1.953280000000000030e+02 4.422222319484995585e-08 4.764569276276693631e-08 4.658394676238312621e-08
1.998470000000000084e+02 4.167154082415778669e-08 4.237169230539915016e-08 4.537882891351697720e-08
2.043660000000000139e+02 3.843286604006698881e-08 4.174807996177213589e-08 4.080802149416088815e-08
2.093530000000000086e+02 3.652195522676589042e-08 3.761138130031286870e-08 3.875926008092125292e-08
2.153789999999999907e+02 3.352265885342798511e-08 3.635748024676929819e-08 3.464120801980272944e-08
2.214060000000000059e+02 3.061779645728583536e-08 3.290907121920574741e-08 3.336820099636352142e-08
2.274319999999999879e+02 2.817641378635346198e-08 3.148505069893998622e-08 3.028797448207703408e-08
2.334590000000000032e+02 2.624934156982459224e-08 2.797727809881641435e-08 2.933605220981274984e-08
2.394850000000000136e+02 2.385406154882669921e-08 2.562022175371537188e-08 2.819136925745794001e-08
2.455109999999999957e+02 2.266330095345692508e-08 2.378246331019333470e-08 2.589458952034974928e-08
2.515380000000000109e+02 2.117886351038180995e-08 2.267617598259404920e-08 2.352708127633207034e-08
2.575640000000000214e+02 1.946369492789412354e-08 2.181329049871904776e-08 2.154342881338683704e-08
2.635910000000000082e+02 1.914211528901919620e-08 1.977076598290135651e-08 1.965172284032485025e-08
2.696170000000000186e+02 1.661703534065068163e-08 1.874768153083903982e-08 1.932809952851028830e-08
2.756440000000000055e+02 1.582473301613149963e-08 1.732137051459122848e-08 1.792951694927728216e-08
2.833330000000000268e+02 1.517807237304446544e-08 1.587265901751006336e-08 1.623078695344547754e-08
2.913700000000000045e+02 1.346867558619950447e-08 1.480866471882422144e-08 1.546151009497628143e-08
2.994060000000000059e+02 1.325262613564235188e-08 1.358662905372803970e-08 1.363165020262961568e-08
3.074420000000000073e+02 1.117520571444848638e-08 1.248258698176235234e-08 1.388628327178916606e-08
3.154789999999999850e+02 1.130093791852547890e-08 1.197999249951504187e-08 1.170950567763145787e-08
3.235149999999999864e+02 1.031113294165634564e-08 1.100503094831946418e-08 1.103180942159044424e-08
3.315509999999999877e+02 9.060138013250802157e-09 1.039322983909624129e-08 1.060592198407009862e-08
3.395880000000000223e+02 9.202329828166847690e-09 9.300429001937182548e-09 9.466507673895973100e-09
3.476240000000000236e+02 8.069490687269776640e-09 9.014197367942218886e-09 8.680246849327653447e-09
3.556610000000000014e+02 7.068223438685652441e-09 8.505873823268879819e-09 8.665211122045471377e-09
3.636970000000000027e+02 7.284440475452387011e-09 7.594155409314298488e-09 7.689935755233316870e-09
3.726580000000000155e+02 6.695008578237716836e-09 7.013098788488698726e-09 7.266438817273587989e-09
3.833740000000000236e+02 5.493436335098815322e-09 6.744922644141724433e-09 7.124107924759462372e-09
3.940910000000000082e+02 5.678802276773566405e-09 6.045121444255581736e-09 6.171305342970854103e-09
4.048079999999999927e+02 5.416548143091161398e-09 5.563280820673743341e-09 5.577041102635098763e-09
4.155240000000000009e+02 4.349877132452238253e-09 5.453800915636208150e-09 5.515354374311555913e-09
4.262409999999999854e+02 4.221435771034853228e-09 4.872148778154349450e-09 5.116052266810799263e-09
4.369569999999999936e+02 4.433111162633134684e-09 4.326071399446786326e-09 4.416900445920080994e-09
4.476739999999999782e+02 3.849720448046328389e-09 4.223430007793079238e-09 4.153610976160594775e-09
4.583910000000000196e+02 3.165321764104844465e-09 4.089750784608851050e-09 4.089648979286306750e-09
4.691070000000000277e+02 3.122755124703516730e-09 3.646863974972605002e-09 3.776863012323880067e-09
4.798240000000000123e+02 3.293241447101969147e-09 3.189253287131342907e-09 3.316939049766689191e-09
4.905409999999999968e+02 3.026056050586903436e-09 3.150688693522746087e-09 2.933785103890352170e-09
5.043389999999999986e+02 2.403418538136872935e-09 3.033946212132735204e-09 2.965649721730392342e-09
5.186299999999999955e+02 2.157632878483509239e-09 2.760966423447405077e-09 2.822035693269085959e-09
5.329199999999999591e+02 2.339872778354781688e-09 2.354238740137105704e-09 2.457753907908113958e-09
5.472110000000000127e+02 2.262704428105553882e-09 2.167062039184704059e-09 2.176960660709742825e-09
5.615019999999999527e+02 1.859752115313010030e-09 2.229881789219722253e-09 2.019033642667268171e-09
5.757930000000000064e+02 1.522696822731876494e-09 1.944512784168856197e-09 2.185503841099268538e-09
5.900839999999999463e+02 1.456257696723845290e-09 1.824293280796815066e-09 1.949207689716463559e-09
6.043750000000000000e+02 1.581549004343631146e-09 1.495039053047251844e-09 1.772033882609117539e-09
6.186660000000000537e+02 1.601979180095285572e-09 1.433358655800628742e-09 1.458308744904086336e-09
6.329569999999999936e+02 1.335060520458775026e-09 1.413774983054550760e-09 1.414686605286675029e-09
6.472480000000000473e+02 1.074721086074640131e-09 1.425103565691398118e-09 1.364730539433961990e-09
6.633460000000000036e+02 9.276030454200836749e-10 1.310828608458547401e-09 1.334393273321369492e-09
6.824039999999999964e+02 9.839777829273276505e-10 1.125583523491306565e-09 1.178943417581366488e-09
7.014610000000000127e+02 1.040496808105672368e-09 9.773042217567826325e-10 1.012352233337545695e-09
7.205180000000000291e+02 9.460041219038668056e-10 9.251001943807711257e-10 9.236865936353625816e-10
7.395750000000000455e+02 7.571675762374909767e-10 9.175467431193228594e-10 9.023731011231865878e-10
7.586319999999999482e+02 6.109327051530183140e-10 8.801438248072431377e-10 8.913606041997388613e-10
7.776900000000000546e+02 5.680201955799557756e-10 8.141923043169627316e-10 8.193873338630818333e-10
7.967469999999999573e+02 5.872741832402968171e-10 7.015758729098085796e-10 7.468135248098950930e-10
8.158039999999999736e+02 6.288830922086855761e-10 6.180732485596157363e-10 6.406363384014488618e-10
8.348609999999999900e+02 6.127296474900956950e-10 5.560123090330685446e-10 5.735665133168361402e-10
8.539180000000000064e+02 5.515206452261977631e-10 5.312231380931880908e-10 5.295856575606142128e-10
8.729759999999999991e+02 4.620054147083773576e-10 5.227677115633286329e-10 5.078926841282943836e-10
8.977309999999999945e+02 3.597310922624954713e-10 5.122807552194921335e-10 4.988263357980125006e-10
9.231449999999999818e+02 2.996777945080741836e-10 4.848034129764360491e-10 4.779286695234899862e-10
9.485579999999999927e+02 2.964344542565667431e-10 4.267149368260995636e-10 4.378639515265053586e-10
9.739710000000000036e+02 3.183304375404852288e-10 3.653896511316855023e-10 3.867480927918293876e-10
9.993840000000000146e+02 3.358774409584672587e-10 3.142516111137307231e-10 3.367629675358022052e-10
1.024799999999999955e+03 3.281695107473507599e-10 2.859831840134426223e-10 2.953412813912067416e-10
1.050210000000000036e+03 2.953221648174599508e-10 2.710546259333054921e-10 2.738326518252347071e-10
1.075619999999999891e+03 2.463727594333991052e-10 2.682158059920841413e-10 2.609528636465168892e-10
1.101039999999999964e+03 1.961881056056224129e-10 2.690773772909850217e-10 2.508527665353927280e-10
1.126450000000000045e+03 1.571160178152214848e-10 2.592707662296689876e-10 2.444634004351096682e-10
1.151859999999999900e+03 1.351076833441215841e-10 2.366624679399766630e-10 2.390868163783018207e-10
1.180779999999999973e+03 1.288793369366684644e-10 2.147976430076276785e-10 2.189085102805038760e-10
1.214670000000000073e+03 1.397385005960444424e-10 1.828520313955900646e-10 1.939573316971655647e-10
1.248559999999999945e+03 1.499906216541106537e-10 1.550619956854628862e-10 1.696897500748265599e-10
1.282450000000000045e+03 1.522301582401006254e-10 1.366248175473271335e-10 1.472975076277723244e-10
1.316339999999999918e+03 1.438026132554250624e-10 1.270025196437464238e-10 1.310912094592285779e-10
1.350230000000000018e+03 1.260293727134495881e-10 1.203446170868439777e-10 1.236524213720265251e-10
1.384119999999999891e+03 1.062626163397306138e-10 1.201711745622313046e-10 1.144574472287541661e-10
1.418009999999999991e+03 8.293289204909865628e-11 1.178895012274758404e-10 1.130434284651954611e-10
1.451900000000000091e+03 6.962748755383835231e-11 1.154150671210435778e-10 1.046194601349581179e-10
1.485789999999999964e+03 5.480744450968903545e-11 1.008216226070583647e-10 1.113694424983726226e-10
1.519670000000000073e+03 4.792879331879098531e-11 9.472779132783759397e-11 1.035118450741714617e-10
1.553559999999999945e+03 4.681897803080743491e-11 8.745046819728038326e-11 9.239612244623223240e-11
1.597980000000000018e+03 4.892086043304678620e-11 7.485860496266833384e-11 8.440667371876492659e-11
1.643170000000000073e+03 5.339466049372455035e-11 6.714628661025015467e-11 7.047207975234533189e-11
1.688359999999999900e+03 5.489686048365986720e-11 5.853117248682022628e-11 6.198777992485594880e-11
1.733549999999999955e+03 5.505192409367534058e-11 4.975127952870557907e-11 5.642044585431511813e-11
1.778740000000000009e+03 5.293470027829725660e-11 4.605342890791797695e-11 4.928859799712878852e-11
1.823930000000000064e+03 4.864008395954744579e-11 4.389921600818536387e-11 4.373535684718721327e-11
1.869130000000000109e+03 4.321694840065758580e-11 4.367892991378525319e-11 3.866633399712519596e-11
1.914319999999999936e+03 3.688491999405771170e-11 4.379581504624010813e-11 3.490573131883421116e-11
1.959509999999999991e+03 3.061026384357093929e-11 3.725635782837150028e-11 3.856270487167018974e-11
2.004700000000000045e+03 2.643610409879833069e-11 3.205396492739048299e-11 3.941305219519360932e-11
2.049889999999999873e+03 2.131987102798650924e-11 4.131672670226913727e-11 2.757099507006357506e-11
2.101840000000000146e+03 1.638210133573609975e-11 3.499584022785240368e-11 3.147147675864590830e-11
2.162110000000000127e+03 1.329479545065660779e-11 3.090033423848911160e-11 3.174808577430948944e-11
2.222369999999999891e+03 1.206135409602870552e-11 2.403630811916051112e-11 3.357950477762199248e-11
2.282630000000000109e+03 1.243528303438787435e-11 2.342659981823080407e-11 2.801654550541333169e-11
2.342900000000000091e+03 1.104448252845513670e-11 2.716973389225774438e-11 2.053998514994665375e-11
2.403159999999999854e+03 1.078700617221023030e-11 1.807702133347194103e-11 2.512960556697047768e-11
2.463429999999999836e+03 1.143907698745929250e-11 2.050401231220404152e-11 1.770055929103519167e-11
2.523690000000000055e+03 1.130640891198919847e-11 1.470750412275151917e-11 1.959053733845230211e-11
2.583960000000000036e+03 1.114687035678532333e-11 1.523445252103029503e-11 1.561520896635903653e-11
2.644219999999999800e+03 1.149605425689578401e-11 1.322743174863367182e-11 1.389951930582876265e-11
2.704480000000000018e+03 1.118332566284810782e-11 1.122730401515203346e-11 1.307488024789672635e-11
2.764750000000000000e+03 1.080735384480032994e-11 1.026326619726237990e-11 1.160395483875190354e-11
2.844420000000000073e+03 1.044928653344959282e-11 9.140741652055891404e-12 1.032555630816470579e-11
2.924780000000000200e+03 9.963648339604071323e-12 8.597465476560974969e-12 8.852114243217394800e-12
3.005150000000000091e+03 9.320668320931651450e-12 7.543378766131271802e-12 8.278615016798362534e-12
3.085510000000000218e+03 8.460079535004129692e-12 6.963964739565044336e-12 7.654011484452713544e-12
3.165869999999999891e+03 7.716254025842866615e-12 6.756693761944506326e-12 6.690964964146851202e-12
3.246239999999999782e+03 7.005645310158188539e-12 6.407333986027023774e-12 6.060262182713934105e-12
3.326599999999999909e+03 6.237163813236046788e-12 5.987141324815128597e-12 5.666972985397913680e-12
3.406960000000000036e+03 5.483502059645314271e-12 5.615992216841832512e-12 5.344044623228501196e-12
3.487329999999999927e+03 4.780533583185749122e-12 5.278418359040865078e-12 5.037700923418494040e-12
3.567690000000000055e+03 4.163796099023137521e-12 4.963435821014120475e-12 4.765733721193854689e-12
3.648050000000000182e+03 3.624494614699353569e-12 4.657011218576327071e-12 4.483164469191121535e-12
3.741360000000000127e+03 3.080794517184285865e-12 4.373270947323548629e-12 4.252117937978231443e-12
3.848519999999999982e+03 2.533038529871418326e-12 4.112889213847568707e-12 4.076305306819136553e-12
3.955690000000000055e+03 2.092246360384238415e-12 3.858195687574120909e-12 3.860512580704782308e-12
4.062860000000000127e+03 1.756511050575235812e-12 3.604653925050824996e-12 3.654142961136932479e-12
4.170020000000000437e+03 1.506363842275298580e-12 3.353604996901385693e-12 3.412744890737822662e-12
4.277189999999999600e+03 1.338120795027653774e-12 3.160010691911962854e-12 3.098381678407496750e-12
4.384359999999999673e+03 1.207445994801533946e-12 3.023707437483857035e-12 2.747759140460117423e-12
4.491520000000000437e+03 1.033861399475463488e-12 2.823036159442437393e-12 2.546429930470182188e-12
4.598689999999999600e+03 8.331852025495106616e-13 2.503996297853547209e-12 2.554552314387914517e-12
4.705859999999999673e+03 7.524633935384727385e-13 2.271298658221787804e-12 2.389535140404572377e-12
4.813020000000000437e+03 7.640846865040189981e-13 2.175830815138875077e-12 2.027667327285095785e-12
4.920189999999999600e+03 6.590743735709055809e-13 1.923837348335211063e-12 1.986922915200563597e-12
5.063100000000000364e+03 5.963894433172752131e-13 1.701791873618012259e-12 1.883967426801181166e-12
5.206010000000000218e+03 5.794059356687274696e-13 1.568717449074660298e-12 1.683210409902949226e-12
5.348920000000000073e+03 5.966552094697793940e-13 1.467771858855477946e-12 1.448863265157741217e-12
5.491819999999999709e+03 5.831291219348461520e-13 1.275459905048847565e-12 1.365554098092251620e-12
5.634729999999999563e+03 5.455461578718484785e-13 1.124716557645405134e-12 1.284566108970914520e-12
5.777640000000000327e+03 5.480283580514765881e-13 1.065328155502413117e-12 1.105237459488071199e-12
5.920550000000000182e+03 5.391396435071264226e-13 9.153318938274795008e-13 1.043021050960772637e-12
6.063460000000000036e+03 5.174566831747277135e-13 8.451080855206237677e-13 9.326501129289433657e-13
6.206369999999999891e+03 5.096476202333173926e-13 7.488603477623835488e-13 8.478161707332308751e-13
6.349279999999999745e+03 4.909663783626456039e-13 6.828178624501656907e-13 7.646759252355453334e-13
6.492189999999999600e+03 4.752526205593313890e-13 6.021671685527293684e-13 7.037764420377785644e-13
6.659750000000000000e+03 4.608411602036704324e-13 5.598615049061023785e-13 6.127288205228857258e-13
6.850319999999999709e+03 4.436644513887362778e-13 4.671017107994051927e-13 5.817308655366651290e-13
7.040890000000000327e+03 4.289028597697301993e-13 4.565249519401026367e-13 4.860155794208906675e-13
7.231470000000000255e+03 4.115486562745203012e-13 3.751873296827557911e-13 4.709292664944334404e-13
7.422039999999999964e+03 3.912310342371822703e-13 3.688164106886017230e-13 3.942743687594046284e-13
7.612609999999999673e+03 3.730048785363885789e-13 2.989081761500042471e-13 3.883165417478996279e-13
7.803180000000000291e+03 3.509997521147316403e-13 3.172036422375057374e-13 3.041753680240867869e-13
7.993750000000000000e+03 3.334521652874321520e-13 2.185867682799315527e-13 3.434670137618325625e-13
8.184329999999999927e+03 3.105543180083007525e-13 2.913345568667178609e-13 2.211318007207683927e-13
8.374899999999999636e+03 2.954108018321014146e-13 1.663897464720743017e-13 2.948188943896559984e-13
8.565469999999999345e+03 2.705950888972007183e-13 2.205075615133238222e-13 2.033482284064080903e-13
8.758229999999999563e+03 2.563410359863334319e-13 2.002510851303145509e-13 1.826836705293309112e-13
9.012370000000000800e+03 2.361012069959652627e-13 1.349254069818460884e-13 2.140438515253591328e-13
9.266500000000000000e+03 2.194239773560575296e-13 1.953452387667570047e-13 1.212973002877864593e-13
9.520629999999999200e+03 2.054507494662821336e-13 7.942026643103365559e-14 2.067915263124055144e-13
9.774760000000000218e+03 1.824371037882582669e-13 1.814923546674013017e-13 8.623888739427025581e-14
1.002889999999999964e+04 1.781991022190782709e-13 9.166517024254600207e-14 1.445608497520695023e-13
1.028300000000000000e+04 1.561445843187158220e-13 8.370873187330043643e-14 1.407721242449229956e-13
1.053720000000000073e+04 1.435556889258876500e-13 1.551444579930921795e-13 5.112688279460193064e-14
1.079129999999999927e+04 1.396901763188369308e-13 5.813251260882083710e-14 1.231648518648908836e-13
1.104539999999999964e+04 1.201092426101241615e-13 5.950974697782812872e-14 1.162092627240244004e-13
1.129960000000000036e+04 1.084692461831061910e-13 1.292489108201960623e-13 3.424056749510891390e-14
1.155370000000000073e+04 1.081149154259076670e-13 7.168812973354672104e-14 7.033684255850210501e-14
1.185460000000000036e+04 9.394528592403574583e-14 2.629742994173019703e-14 1.092247996763956072e-13
1.219350000000000000e+04 7.988181076888613798e-14 1.029519517141602849e-13 2.662863715797177083e-14
1.253239999999999964e+04 8.206947744028948378e-14 5.844810125776238408e-14 5.200261915186063522e-14
1.287129999999999927e+04 7.043060849981534058e-14 1.559579122416819106e-14 9.053191250153401244e-14
1.321010000000000036e+04 5.787582717461464113e-14 7.415355845970049613e-14 3.005163526996665269e-14
1.354900000000000000e+04 5.926492808870427934e-14 7.239311756632795985e-14 1.724701108605535388e-14
1.388789999999999964e+04 5.646174178953905001e-14 1.528055022520690257e-14 6.477128176388233882e-14
1.422679999999999927e+04 4.477107895691695759e-14 2.058793391013684383e-14 6.042522510180329110e-14
1.456570000000000073e+04 3.839326016935714085e-14 6.218658045639515649e-14 1.506875040959258656e-14
1.490460000000000036e+04 4.006926715732462489e-14 5.689908067818934087e-14 9.164666802778093254e-15
1.524350000000000000e+04 3.939436883826155155e-14 1.766528907352936657e-14 4.079651581654760358e-14
1.559020000000000073e+04 3.203665810825443280e-14 5.311814136445075511e-15 5.259406682070978833e-14
1.604210000000000036e+04 2.447499694954572663e-14 3.871445309732408563e-14 1.909509516984357193e-14
1.649400000000000000e+04 2.574033910266684038e-14 4.713420501845178837e-14 2.495958689846436267e-15
1.694590000000000146e+04 2.654653790598068233e-14 1.622316584476366009e-14 2.633854580452858339e-14
1.739779999999999927e+04 2.110576806055757256e-14 2.484642424614976356e-15 3.961158842492989699e-14
1.784979999999999927e+04 1.555043443410552849e-14 2.080085250406045474e-14 2.183185572189564588e-14
1.830170000000000073e+04 1.482655439702347347e-14 3.647008904709967668e-14 2.132827066191349695e-15
1.875359999999999854e+04 1.658626603432022233e-14 2.801060523679049127e-14 4.501764110707220958e-15
1.920550000000000000e+04 1.620883544270251376e-14 8.967395005480162124e-15 1.984203454283813247e-14
1.965740000000000146e+04 1.299163344625176312e-14 9.552795477032341329e-16 2.754913236471388726e-14
2.010929999999999927e+04 9.374505984739361232e-15 8.319145160020504451e-15 2.045875763500318305e-14
2.056129999999999927e+04 7.747070239081143334e-15 1.989438220647014647e-14 7.458587870360555941e-15
2.110150000000000000e+04 8.454793283052478017e-15 2.380661912996321034e-14 -2.266726571643217955e-16
2.170420000000000073e+04 9.653223097226733194e-15 1.373526835881389866e-14 6.025157462155492940e-15
2.230679999999999927e+04 8.654690723642504580e-15 2.426091968868433054e-15 1.583743499183081497e-14
2.290950000000000000e+04 6.166944289946882047e-15 1.308952412806373124e-15 1.718608154268359980e-14
2.351209999999999854e+04 4.242145422946967160e-15 8.229495548119031503e-15 1.014541314262096388e-14
2.411470000000000073e+04 3.870496488970377092e-15 1.448964850572093619e-14 2.325629508139953524e-15
2.471740000000000146e+04 4.553335163704790611e-15 1.480098428447454860e-14 -3.005021875039535268e-16
2.532000000000000000e+04 5.136396242215605278e-15 9.833911203314997312e-15 2.518609962078955475e-15
2.592270000000000073e+04 4.950486630696592893e-15 3.858448846804613613e-15 7.253527231839429430e-15
2.652529999999999927e+04 4.024653202279876496e-15 4.665898453637567630e-16 1.022484567037922089e-14
2.712800000000000000e+04 2.875124129912595900e-15 6.818002498443799396e-16 1.000012724906304856e-14
2.775140000000000146e+04 1.947001523436293098e-15 3.405167534690099268e-15 7.092492299257184691e-15
2.855500000000000000e+04 1.560774556747665411e-15 7.284649655339198963e-15 2.520455919803657139e-15
2.935870000000000073e+04 1.853992610639033639e-15 8.592333785437653564e-15 -5.371419185028936228e-17
3.016229999999999927e+04 2.279459274970233418e-15 6.871448015669045975e-15 3.189378857561093705e-16
3.096590000000000146e+04 2.432293349293115267e-15 3.806486063461003343e-15 2.467191419234107868e-15
3.176959999999999854e+04 2.170974160611299649e-15 1.189058057958419292e-15 4.611486152540626948e-15
3.257320000000000073e+04 1.652341031889929445e-15 7.982992305241700331e-17 5.574294389850970865e-15
3.337680000000000291e+04 1.102434719224890111e-15 4.698232605994745464e-16 5.104276526944519273e-15
3.418050000000000000e+04 7.101990156841579247e-16 1.720131402399533388e-15 3.717283725958137487e-15
3.498409999999999854e+04 5.310472969740117216e-16 3.049028118693969093e-15 2.055341312543226172e-15
3.578780000000000291e+04 5.407492922180826978e-16 3.907864584940620392e-15 7.210221970312696263e-16
3.659140000000000146e+04 6.554588974787593349e-16 4.062826493641634013e-15 4.976198265670110436e-18
3.756140000000000146e+04 8.336859470766091660e-16 3.534601682588043956e-15 -3.298748965621391502e-17
3.863309999999999854e+04 9.477472300540614006e-16 2.377715483931861365e-15 6.271380082748897194e-16
3.970469999999999709e+04 9.219595064735795365e-16 1.183313673898353204e-15 1.502455502482765346e-15
4.077640000000000146e+04 7.791890944990978897e-16 3.533578434166560572e-16 2.164090388371513764e-15
4.184800000000000000e+04 5.794081707381906102e-16 2.523306976445449782e-17 2.410242901949152791e-15
4.291969999999999709e+04 3.818358511797930713e-16 1.281136502610649956e-16 2.236224666798317125e-15
4.399140000000000146e+04 2.328101215361719726e-16 4.893329725929119022e-16 1.800181812246463325e-15
4.506300000000000000e+04 1.443945367569345775e-16 9.214544378080008838e-16 1.242047186929766620e-15
4.613469999999999709e+04 1.144592341443795021e-16 1.284059459594976232e-15 7.142176466067115883e-16
4.720640000000000146e+04 1.269994916723498283e-16 1.493462735837086847e-15 3.064149505971109856e-16
4.827800000000000000e+04 1.638643784478565503e-16 1.545508469360804174e-15 5.923855204973981896e-17
4.939900000000000000e+04 2.090184315733985362e-16 1.445456467892995779e-15 -3.745031097946847533e-17
5.082809999999999854e+04 2.600758912916735771e-16 1.189438067628551205e-15 2.252180262733761547e-17
5.225719999999999709e+04 2.835587517620934395e-16 8.491821741642068293e-16 2.009529279359740194e-16
5.368630000000000291e+04 2.809277440884992514e-16 5.278563056293927099e-16 4.137556970127227171e-16
5.511540000000000146e+04 2.525740633410961567e-16 2.677600466879247206e-16 5.934782098986783688e-16
5.654450000000000000e+04 2.096560870041313567e-16 9.810116989368176991e-17 7.079956594197244291e-16
5.797350000000000000e+04 1.613922363858234203e-16 1.695361970916701230e-17 7.486051190754767534e-16
5.940259999999999854e+04 1.146553683323175952e-16 7.529421128424427530e-18 7.201567494082038900e-16
6.083169999999999709e+04 7.581390463048661175e-17 4.707745152520925880e-17 6.491922275336508313e-16
6.226080000000000291e+04 4.575908758702626700e-17 1.127100175884426554e-16 5.456881929005448428e-16
6.368990000000000146e+04 2.533044606142373411e-17 1.848475613307160322e-16 4.296133705731043693e-16
6.511900000000000000e+04 1.383235537451102072e-17 2.522554955447976491e-16 3.201438037826898211e-16
6.686039999999999418e+04 9.314789801594919722e-18 3.181427249996309423e-16 2.049349310455478216e-16
6.876610000000000582e+04 1.246289756160900499e-17 3.631177274753548382e-16 1.076416280801278045e-16
7.067180000000000291e+04 2.020777086616764119e-17 3.770227506166867458e-16 4.178010842674141951e-17
7.257750000000000000e+04 2.945150352799347325e-17 3.644748322011949229e-16 5.229780629347286219e-18
7.448319999999999709e+04 3.780155257428962920e-17 3.306431874066323979e-16 -7.447073133728606920e-18
7.638900000000000000e+04 4.458017388606189190e-17 2.885509535854134914e-16 -3.057315731193034780e-18
7.829469999999999709e+04 4.857286019756997576e-17 2.392594607910628776e-16 1.201726006812117084e-17
8.020039999999999418e+04 5.002003388436817298e-17 1.902432947041699714e-16 3.222383531844424188e-17
8.210610000000000582e+04 4.897610016132859646e-17 1.443236041178729949e-16 5.313455621466678385e-17
8.401180000000000291e+04 4.656272763541611026e-17 1.056187277151159700e-16 7.259839972424046061e-17
8.591760000000000582e+04 4.259599505597396276e-17 7.308476881344961159e-17 8.809628625982555332e-17
8.793289999999999418e+04 3.778876106351810876e-17 4.663252410497609914e-17 1.002297237550442519e-16
9.047419999999999709e+04 3.195495106603574732e-17 2.381236899449505380e-17 1.110677660498651069e-16
9.301550000000000000e+04 2.572394182900149373e-17 9.647313624775115301e-18 1.142406574625326702e-16
9.555680000000000291e+04 2.013701145881302034e-17 2.584833342163377461e-18 1.131413652957957235e-16
9.809810000000000582e+04 1.499873613666006412e-17 5.727904763106105957e-19 1.068213899755180711e-16
1.006390000000000000e+05 1.069460673286213653e-17 1.977766100229979579e-18 9.787902041464553482e-17
