1.017789999999999928e+01 1.567285505761617775e-04 1.575667442629114889e-04 1.572219412694456921e-04
1.043200000000000038e+01 1.460057750585535196e-04 1.501197514476695688e-04 1.492720459669907287e-04
1.068609999999999971e+01 1.389397649656018820e-04 1.410328438509855353e-04 1.417372944057479511e-04
1.094030000000000058e+01 1.329363367375406861e-04 1.332119379085587563e-04 1.329206378621000206e-04
1.119439999999999991e+01 1.234540195519630767e-04 1.278995075479177597e-04 1.271579379812403971e-04
1.144849999999999923e+01 1.186508877544407980e-04 1.201977642026795458e-04 1.203790637394941182e-04
1.171439999999999948e+01 1.137594136750161235e-04 1.131139179621517123e-04 1.135851472535595564e-04
1.205320000000000036e+01 1.088956013108632913e-04 1.049337501534816701e-04 1.044936159579865379e-04
1.239209999999999923e+01 1.024944432559292737e-04 9.787993227261014627e-05 9.767736666767893293e-05
1.273099999999999987e+01 9.859787011803111179e-05 9.064609538301516536e-05 9.037245134886916264e-05
1.306990000000000052e+01 8.993077508412914995e-05 8.627443183305299372e-05 8.604833076518999082e-05
1.340879999999999939e+01 8.083784393481848450e-05 8.279522096242969149e-05 8.316936700865537569e-05
1.374770000000000003e+01 8.027431778008043209e-05 7.613882179743306378e-05 7.587060110367249699e-05
1.408660000000000068e+01 7.391239350874339209e-05 7.240970460899806441e-05 7.255512744624687362e-05
1.442549999999999955e+01 6.859159011483580235e-05 6.888873331925098032e-05 6.896314068816663916e-05
1.476440000000000019e+01 6.725842888219389095e-05 6.420158536195468587e-05 6.346688014447770415e-05
1.510330000000000084e+01 6.050801486581788391e-05 6.176597461820360849e-05 6.194386506097527190e-05
1.544209999999999994e+01 5.649051289564502543e-05 5.870803976146807198e-05 5.901053326202999850e-05
1.585510000000000019e+01 5.399461074286748531e-05 5.462166573787193203e-05 5.456467266500961870e-05
1.630699999999999861e+01 4.814643339936074124e-05 5.174571928101914537e-05 5.249210731042038133e-05
1.675890000000000057e+01 4.642489586349556415e-05 4.787103040939665629e-05 4.808007423057452100e-05
1.721079999999999899e+01 4.383673613203287178e-05 4.458010591125603967e-05 4.475115546891191996e-05
1.766280000000000072e+01 3.883300731102507538e-05 4.257412336210923356e-05 4.318737316338933384e-05
1.811469999999999914e+01 3.803022976443505782e-05 3.954201212251650706e-05 3.945273228307463330e-05
1.856660000000000110e+01 3.599047159319148552e-05 3.689137287343117013e-05 3.698005946806476514e-05
1.901849999999999952e+01 3.389290439074425353e-05 3.450375603305165203e-05 3.484529439771664306e-05
1.947040000000000148e+01 3.127786144115935081e-05 3.276334429903228219e-05 3.306696499626942765e-05
1.992229999999999990e+01 2.913210400988369822e-05 3.099792714489211154e-05 3.128588327207026737e-05
2.037430000000000163e+01 2.760453116315418986e-05 2.913134852192964853e-05 2.941931684209780987e-05
2.085219999999999985e+01 2.649208288297996922e-05 2.722730867907314215e-05 2.733305569442512974e-05
2.145479999999999876e+01 2.389253724810446453e-05 2.571569645281569989e-05 2.569509014378026831e-05
2.205750000000000099e+01 2.260614020273290733e-05 2.375109298362820280e-05 2.394283034584380234e-05
2.266009999999999991e+01 2.092216779804025403e-05 2.224434518066641480e-05 2.239085835289974456e-05
2.326269999999999882e+01 2.016199393169522722e-05 2.051989675051543236e-05 2.061169772682729619e-05
2.386540000000000106e+01 1.821355078570210484e-05 1.955645665194590230e-05 1.957064756014798430e-05
2.446799999999999997e+01 1.732452716017975495e-05 1.805348872927049501e-05 1.831606672163173469e-05
2.507069999999999865e+01 1.626003107425200758e-05 1.696162724258170907e-05 1.709237247157025796e-05
2.567330000000000112e+01 1.552829858830877274e-05 1.579057267025438710e-05 1.588307913473871642e-05
2.627590000000000003e+01 1.453171500481431792e-05 1.485033285734234108e-05 1.494928666473701276e-05
2.687859999999999872e+01 1.313531219293154102e-05 1.421168574394960893e-05 1.427347464488414711e-05
2.748120000000000118e+01 1.246353056159764398e-05 1.322286536106662431e-05 1.348763497560696408e-05
2.822250000000000014e+01 1.181541479273075128e-05 1.234761377955490003e-05 1.235253381016062829e-05
2.902609999999999957e+01 1.117917102683237438e-05 1.141410389352256528e-05 1.138486080460084764e-05
2.982979999999999876e+01 9.846985816072124136e-06 1.086729470165677099e-05 1.098615832690717205e-05
3.063340000000000174e+01 9.247872225471683369e-06 9.939888042917155352e-06 1.008934511952704676e-05
3.143700000000000117e+01 8.893660006677143602e-06 9.323351388294067620e-06 9.374244297976549401e-06
3.224069999999999681e+01 8.602995232243896477e-06 8.606051907998992135e-06 8.589625948176912566e-06
3.304429999999999978e+01 7.691939845272807721e-06 8.265303604061849743e-06 8.212344243098635083e-06
3.384790000000000276e+01 7.473438456667421352e-06 7.590530916421788020e-06 7.539574837286601940e-06
3.465160000000000196e+01 6.870957084941261672e-06 7.151576888229813882e-06 7.150532683982350330e-06
3.545519999999999783e+01 6.307630336520584229e-06 6.766866326549063264e-06 6.792673919802689222e-06
3.625880000000000081e+01 6.102837009953716888e-06 6.274053800917727914e-06 6.274946726008954977e-06
3.711789999999999878e+01 5.562555762373682290e-06 5.934046079915697070e-06 5.980859025561933203e-06
3.818959999999999866e+01 5.297027134608567575e-06 5.470010179370779260e-06 5.477363351796430351e-06
3.926129999999999853e+01 4.713022197085570201e-06 5.201778392901229794e-06 5.198961548043571764e-06
4.033290000000000219e+01 4.687941926439014087e-06 4.681461020763031460e-06 4.707823473583894510e-06
4.140460000000000207e+01 4.363958721645412565e-06 4.366089112490432821e-06 4.399864437208828841e-06
4.247630000000000194e+01 3.877776352354722298e-06 4.212785653916463470e-06 4.163882781472526822e-06
4.354789999999999850e+01 3.764473164439360412e-06 3.882654879553397560e-06 3.884961684901860115e-06
4.461959999999999837e+01 3.459956129567165963e-06 3.627896256481569146e-06 3.638460996184935612e-06
4.569129999999999825e+01 3.224848155628780832e-06 3.390148601387185073e-06 3.417398672618050655e-06
4.676290000000000191e+01 3.091627174884386117e-06 3.138073474120073052e-06 3.154828829623839052e-06
4.783460000000000178e+01 2.809804593400356699e-06 3.001809928701095326e-06 3.014839520668435754e-06
4.890630000000000166e+01 2.674824332071098209e-06 2.800518106482143804e-06 2.802349541102574286e-06
5.023669999999999902e+01 2.523169204422337753e-06 2.586917521963760109e-06 2.583314284821933711e-06
5.166579999999999728e+01 2.289618698659100820e-06 2.419841243859146687e-06 2.434845000962318515e-06
5.309490000000000265e+01 2.184458776596765596e-06 2.214369828558566302e-06 2.247221324318234633e-06
5.452400000000000091e+01 1.951076061819121653e-06 2.118452086911960740e-06 2.140651433295457802e-06
5.595309999999999917e+01 1.938081581083389671e-06 1.933929250112658174e-06 1.920653957785474659e-06
5.738219999999999743e+01 1.696524597580808321e-06 1.853660923098120035e-06 1.850470946012524404e-06
5.881130000000000280e+01 1.638246881932663277e-06 1.716741752736389541e-06 1.704540783453276311e-06
6.024040000000000106e+01 1.534661222244539727e-06 1.581754235015055318e-06 1.579828656583419857e-06
6.166949999999999932e+01 1.425076759884914374e-06 1.498076679433780715e-06 1.500112580321018862e-06
6.309859999999999758e+01 1.330380503496759946e-06 1.413810389345955586e-06 1.414855895875225158e-06
6.452760000000000673e+01 1.249623451419687157e-06 1.310549727395517861e-06 1.317801860423018291e-06
6.607179999999999609e+01 1.155087407675642308e-06 1.237693711609133344e-06 1.242547819361394120e-06
6.797750000000000625e+01 1.070364601656489046e-06 1.139581927038464871e-06 1.162816269778069799e-06
6.988320000000000221e+01 1.015970028383605558e-06 1.036602086007432398e-06 1.072998792650700026e-06
7.178889999999999816e+01 9.047868765450185201e-07 1.004576715849553302e-06 1.006811255891746652e-06
7.369469999999999743e+01 8.873486387879338678e-07 9.146308207233793602e-07 9.545472451011279978e-07
7.560039999999999338e+01 8.249583122809809601e-07 8.609460160602887783e-07 8.505557159811852130e-07
7.750610000000000355e+01 7.728043837880783448e-07 7.926126593260612158e-07 8.014503351665756110e-07
7.941179999999999950e+01 6.851551283142415845e-07 7.610891861216642720e-07 7.604899510872728056e-07
8.131749999999999545e+01 6.485103253310078655e-07 7.023545682409370259e-07 7.125582149246113209e-07
8.322329999999999472e+01 6.183351102031294722e-07 6.389030386583575684e-07 6.602397706413035742e-07
8.512900000000000489e+01 6.064182714404658424e-07 6.055536283487165801e-07 6.193926759820217875e-07
8.703470000000000084e+01 5.376180659793941681e-07 5.879186071033903923e-07 5.853433211692274972e-07
8.942260000000000275e+01 4.994965856003017186e-07 5.332747718268966502e-07 5.407395145742014584e-07
9.196389999999999532e+01 4.732414780394567890e-07 5.016990538509889667e-07 4.929409377297867821e-07
9.450520000000000209e+01 4.222308851417001125e-07 4.269258337011957879e-07 4.694652625004998037e-07
9.704659999999999798e+01 3.903852183279845589e-07 4.315347760322547109e-07 4.441935792676411512e-07
9.958790000000000475e+01 3.770105214813600323e-07 4.008696374147563223e-07 4.027169614791759976e-07
1.021290000000000049e+02 3.582545639183002386e-07 3.710853960208154089e-07 3.767718114568954578e-07
1.046710000000000065e+02 3.335394839408271669e-07 3.472862987554600559e-07 3.491701364125476215e-07
1.072120000000000033e+02 3.109659781179044514e-07 3.203447606715297096e-07 3.293777871180875843e-07
1.097530000000000001e+02 2.931526858093056764e-07 2.983469668904786175e-07 3.080060605451856275e-07
1.122939999999999969e+02 2.714990675002439138e-07 2.774992596112506346e-07 3.000490167945253955e-07
1.148359999999999985e+02 2.532512673772898737e-07 2.567671624104972771e-07 2.749665356127026162e-07
1.176110000000000042e+02 2.352631198922632777e-07 2.436282800515367397e-07 2.605842661462772279e-07
1.210000000000000000e+02 2.239551470762191214e-07 2.093706208907534004e-07 2.441894242252751289e-07
1.243889999999999958e+02 2.066609874366080090e-07 2.097305709492332848e-07 2.116903029420431460e-07
1.277780000000000058e+02 1.904652543224058332e-07 2.024668985517471070e-07 1.925833899619343757e-07
1.311670000000000016e+02 1.777939014148193729e-07 1.936843100039486181e-07 1.728552167412320845e-07
1.345550000000000068e+02 1.584563027721150634e-07 1.781050612910992591e-07 1.697361375367857421e-07
1.379439999999999884e+02 1.440607513322765781e-07 1.612370430185074319e-07 1.665037176492160512e-07
1.413329999999999984e+02 1.341283757447987229e-07 1.491196241472908905e-07 1.564871682679104506e-07
1.447220000000000084e+02 1.307058416876758858e-07 1.402846961521179299e-07 1.367960193663243249e-07
1.481109999999999900e+02 1.222604394537738291e-07 1.304982647228546214e-07 1.299281581990470396e-07
1.515000000000000000e+02 1.080902585800908249e-07 1.230134713544844852e-07 1.264560253454247630e-07
1.548890000000000100e+02 1.055955371270892893e-07 1.154433462794820890e-07 1.130638111534286646e-07
1.591740000000000066e+02 1.009255505696354097e-07 1.041993320998332409e-07 1.045571359705314109e-07
1.636930000000000121e+02 9.025088826527668612e-08 9.920649358209058047e-08 9.730377175263276520e-08
1.682129999999999939e+02 8.091582706285569701e-08 9.028376288716640051e-08 9.447390308997794919e-08
1.727319999999999993e+02 7.483889998873640126e-08 8.435719768578186120e-08 8.750699736548176611e-08
1.772510000000000048e+02 7.253793988354750646e-08 7.777614767180820591e-08 7.882046980464431598e-08
1.817700000000000102e+02 6.512239284218677890e-08 7.598022239621789285e-08 7.191847164159536006e-08
1.862889999999999873e+02 6.214534919768293187e-08 6.606676877990104406e-08 6.999095522241605873e-08
1.908079999999999927e+02 5.798377981185147744e-08 6.310161602078670620e-08 6.336132416736184341e-08
1.953280000000000030e+02 5.368092293955976685e-08 5.966731571895831516e-08 5.857023462148195962e-08
1.998470000000000084e+02 5.053195229397054995e-08 5.292683234487714810e-08 5.678884216115232196e-08
2.043660000000000139e+02 4.645388720444995116e-08 5.195841240019487074e-08 5.095674191535519167e-08
2.093530000000000086e+02 4.399899338624267318e-08 4.676521206896826504e-08 4.823216592878907789e-08
2.153789999999999907e+02 4.042897320300344215e-08 4.493450449060312326e-08 4.307467446639345568e-08
2.214060000000000059e+02 3.669810181622358416e-08 4.068764795162149525e-08 4.143906607215493097e-08
2.274319999999999879e+02 3.373916119515451527e-08 3.892745260719525085e-08 3.740862733926786144e-08
2.334590000000000032e+02 3.135810115866464770e-08 3.439217817840356002e-08 3.628875644313424956e-08
2.394850000000000136e+02 2.838904870895420128e-08 3.149155075678108761e-08 3.473573613426472379e-08
2.455109999999999957e+02 2.691610369826474638e-08 2.910639508790237890e-08 3.189520304583289049e-08
2.515380000000000109e+02 2.525145715772302959e-08 2.765383635662823195e-08 2.867824228165685955e-08
2.575640000000000214e+02 2.285691072665431412e-08 2.671582106668533063e-08 2.638539420666036328e-08
2.635910000000000082e+02 2.286890367229728643e-08 2.393225493792688524e-08 2.374064652130875701e-08
2.696170000000000186e+02 1.934381958756716414e-08 2.275640193579350418e-08 2.366097711663934043e-08
2.756440000000000055e+02 1.857866425188339445e-08 2.085923331744830792e-08 2.178944419066830427e-08
2.833330000000000268e+02 1.783970685646374445e-08 1.915248934716386372e-08 1.957241326837240109e-08
2.913700000000000045e+02 1.564482378776650056e-08 1.785824796609004824e-08 1.872549864614346054e-08
2.994060000000000059e+02 1.567719785584026543e-08 1.621665113482043442e-08 1.633845731333930876e-08
3.074420000000000073e+02 1.281433485390922067e-08 1.503533227502074727e-08 1.680604393861385724e-08
3.154789999999999850e+02 1.330831970820118653e-08 1.424267593919014798e-08 1.397892351153084586e-08
3.235149999999999864e+02 1.199236696203356990e-08 1.315237845216792122e-08 1.316142966075749711e-08
3.315509999999999877e+02 1.035859492804731251e-08 1.243156429446986763e-08 1.273658641961247616e-08
3.395880000000000223e+02 1.080471031848893767e-08 1.096038755662126035e-08 1.119808783688980714e-08
3.476240000000000236e+02 9.325726972779002354e-09 1.072302399372179726e-08 1.025022304582277589e-08
3.556610000000000014e+02 7.949588859222137897e-09 1.013014905723696256e-08 1.033789691554090214e-08
3.636970000000000027e+02 8.428359228154291346e-09 8.891092711733318539e-09 9.064719668112392950e-09
3.726580000000000155e+02 7.762489015091909277e-09 8.193007741219640883e-09 8.504102267688453299e-09
3.833740000000000236e+02 6.111000178569325438e-09 7.976076941675504419e-09 8.455260191755173695e-09
3.940910000000000082e+02 6.514452766932833016e-09 7.051581582254936712e-09 7.232057546812232851e-09
4.048079999999999927e+02 6.265460096858197245e-09 6.465647211841992755e-09 6.535045931103815819e-09
4.155240000000000009e+02 4.827760608766885374e-09 6.422422229959897916e-09 6.488009415673220995e-09
4.262409999999999854e+02 4.732922075618657964e-09 5.677390629886090705e-09 6.010465486495254146e-09
4.369569999999999936e+02 5.124215495121363323e-09 4.968839235207865506e-09 5.101576109670774172e-09
4.476739999999999782e+02 4.375993244529883668e-09 4.898403251326419435e-09 4.794522216143699357e-09
4.583910000000000196e+02 3.476543954985054925e-09 4.773947078850475644e-09 4.773381686164472060e-09
4.691070000000000277e+02 3.470351828377547886e-09 4.211403956433454468e-09 4.396174871188999453e-09
4.798240000000000123e+02 3.762533505830019945e-09 3.652586165428365278e-09 3.810342209047608663e-09
4.905409999999999968e+02 3.453019121694565866e-09 3.592350007667897595e-09 3.332991030637537797e-09
5.043389999999999986e+02 2.640939352273056735e-09 3.499336062266048322e-09 3.416688945460895805e-09
5.186299999999999955e+02 2.354080620468098689e-09 3.176636562443786711e-09 3.259898109888115075e-09
5.329199999999999591e+02 2.643961662595354848e-09 2.661996951152526846e-09 2.803333085452120036e-09
5.472110000000000127e+02 2.569886791129563180e-09 2.451779721608958087e-09 2.457287290461480367e-09
5.615019999999999527e+02 2.054863268447907212e-09 2.551437803717334114e-09 2.296982773434759336e-09
5.757930000000000064e+02 1.642493515766275123e-09 2.227178145893565231e-09 2.506814418340160144e-09
5.900839999999999463e+02 1.592838446721856529e-09 2.064404402949898306e-09 2.230946070018234475e-09
6.043750000000000000e+02 1.776631020176964838e-09 1.667731470253564692e-09 2.003731377569471644e-09
6.186660000000000537e+02 1.807154398402328839e-09 1.602225324616595082e-09 1.629148416181076577e-09
6.329569999999999936e+02 1.479025048603197261e-09 1.590722353377918577e-09 1.588174714818885000e-09
6.472480000000000473e+02 1.158140038311805502e-09 1.614382057590776120e-09 1.540625368097419385e-09
6.633460000000000036e+02 9.881431265078301348e-10 1.481002006253312520e-09 1.510448113638858037e-09
6.824039999999999964e+02 1.076139515059160762e-09 1.256682241536440733e-09 1.325629237004398941e-09
7.014610000000000127e+02 1.160563188735337950e-09 1.080337843994642646e-09 1.122411777482820661e-09
7.205180000000000291e+02 1.052840918995428871e-09 1.025021404163744178e-09 1.023175445480827530e-09
7.395750000000000455e+02 8.244685180325414741e-10 1.025864491732190190e-09 1.005294254308275363e-09
7.586319999999999482e+02 6.481695896457891434e-10 9.879986026019004101e-10 9.996493909523108381e-10
7.776900000000000546e+02 6.018955776919335675e-10 9.103428478883911790e-10 9.196695540196755538e-10
7.967469999999999573e+02 6.337792483852772968e-10 7.786446896045834902e-10 8.324365196101397260e-10
8.158039999999999736e+02 6.887856838389110445e-10 6.782578286529644385e-10 7.081799538988159491e-10
8.348609999999999900e+02 6.777472684984491225e-10 6.071117053299340475e-10 6.295001482516171808e-10
8.539180000000000064e+02 6.068282288645880443e-10 5.815783098428833402e-10 5.796018524925287759e-10
8.729759999999999991e+02 5.008830199251852796e-10 5.753127136389947071e-10 5.571094345958201328e-10
8.977309999999999945e+02 3.806556242934925876e-10 5.672271827274676643e-10 5.505016287390400157e-10
9.231449999999999818e+02 3.124053398473748713e-10 5.367400477106915916e-10 5.293266907219336780e-10
9.485579999999999927e+02 3.128672999597465931e-10 4.694188840246690800e-10 4.841274693336582078e-10
9.739710000000000036e+02 3.428377897852515628e-10 3.984341846423422184e-10 4.250733476044064612e-10
9.993840000000000146e+02 3.664331168928985198e-10 3.402124907359662012e-10 3.673700068111353869e-10
1.024799999999999955e+03 3.590063748279968042e-10 3.092911271866562619e-10 3.202576619773470340e-10
1.050210000000000036e+03 3.213744244415974192e-10 2.940380626621591976e-10 2.966218603202436140e-10
1.075619999999999891e+03 2.649363230833045277e-10 2.921280527536554652e-10 2.835918981310401401e-10
1.101039999999999964e+03 2.074357415865247695e-10 2.939155252674484039e-10 2.737338699700269222e-10
1.126450000000000045e+03 1.633653470952154512e-10 2.833408024805985130e-10 2.674252124321861306e-10
1.151859999999999900e+03 1.393849915360967178e-10 2.581285737558657933e-10 2.614677573112376080e-10
1.180779999999999973e+03 1.336598240243736350e-10 2.333209003729475667e-10 2.391051777450789203e-10
1.214670000000000073e+03 1.475964089729047953e-10 1.979412382025994290e-10 2.105293967180957905e-10
1.248559999999999945e+03 1.606623880455754025e-10 1.665118832495473208e-10 1.834806312624773121e-10
1.282450000000000045e+03 1.641883331397171300e-10 1.460913188158764217e-10 1.584737172484065418e-10
1.316339999999999918e+03 1.552882564944529649e-10 1.357561368112507656e-10 1.405038743438963652e-10
1.350230000000000018e+03 1.356008772330538833e-10 1.288503067981655806e-10 1.325004953455805659e-10
1.384119999999999891e+03 1.134995177651870394e-10 1.291397647201580710e-10 1.226898044684943500e-10
1.418009999999999991e+03 8.751040457144154838e-11 1.270522604338769650e-10 1.214455332701337470e-10
1.451900000000000091e+03 7.260945175718066802e-11 1.245926562424967996e-10 1.125420988393626203e-10
1.485789999999999964e+03 5.632372598410316349e-11 1.087632467689432143e-10 1.200766325338336824e-10
1.519670000000000073e+03 4.892976725877814957e-11 1.020682223626293992e-10 1.115770560645125116e-10
1.553559999999999945e+03 4.794497531330822863e-11 9.402840062743760498e-11 9.946416678621420754e-11
1.597980000000000018e+03 5.061202450808905982e-11 8.024214429779352084e-11 9.075603027803748024e-11
1.643170000000000073e+03 5.590501081507280067e-11 7.174391631203509481e-11 7.555705138417212460e-11
1.688359999999999900e+03 5.796783891747565505e-11 6.226623814884888447e-11 6.625874378593149735e-11
1.733549999999999955e+03 5.845998387269108898e-11 5.269520105856258280e-11 6.013212431882636428e-11
1.778740000000000009e+03 5.637515538707157258e-11 4.869081519721624722e-11 5.235169316239219516e-11
1.823930000000000064e+03 5.184170638063066282e-11 4.639070773172748723e-11 4.633290190536987690e-11
1.869130000000000109e+03 4.601142311364252386e-11 4.619957241091624901e-11 4.088019396956124707e-11
1.914319999999999936e+03 3.915599212573967018e-11 4.639865630730907695e-11 3.685535618771447162e-11
1.959509999999999991e+03 3.233980468137173940e-11 3.948085192920269349e-11 4.078628418522602693e-11
2.004700000000000045e+03 2.778422714917539687e-11 3.393937806111220461e-11 4.175925669973882462e-11
2.049889999999999873e+03 2.225209191303137089e-11 4.385134350670960368e-11 2.914245555243344223e-11
2.101840000000000146e+03 1.691744257219221874e-11 3.717817458154439927e-11 3.330695338788898845e-11
2.162110000000000127e+03 1.358815451632686123e-11 3.284753376902040551e-11 3.364029859230155035e-11
2.222369999999999891e+03 1.226454259064810607e-11 2.554837267523505505e-11 3.561640890605670073e-11
2.282630000000000109e+03 1.268733519710315533e-11 2.485027052093269516e-11 2.974276092287567953e-11
2.342900000000000091e+03 1.126436452518667954e-11 2.879397647357377305e-11 2.178696959058523563e-11
2.403159999999999854e+03 1.103410882399848042e-11 1.914610685751279328e-11 2.661752444896441350e-11
2.463429999999999836e+03 1.178959308696690332e-11 2.165344339067552396e-11 1.874294371033589743e-11
2.523690000000000055e+03 1.169593814011333546e-11 1.550724104415452652e-11 2.070190060159396292e-11
2.583960000000000036e+03 1.157955910380271515e-11 1.602981046471149180e-11 1.647093954390649671e-11
2.644219999999999800e+03 1.198313628016597117e-11 1.388112017131946898e-11 1.464113064630906094e-11
2.704480000000000018e+03 1.167921750312974221e-11 1.175889817647759788e-11 1.374348705383634327e-11
2.764750000000000000e+03 1.130136012065621115e-11 1.072971370068973377e-11 1.217172885763104773e-11
2.844420000000000073e+03 1.094377510083209648e-11 9.541109549574678175e-12 1.081292194052193296e-11
2.924780000000000200e+03 1.044332187846025225e-11 8.965120500555561599e-12 9.255413113823389035e-12
3.005150000000000091e+03 9.768395191401116557e-12 7.859447796543668160e-12 8.646368091525800546e-12
3.085510000000000218e+03 8.863084531899563594e-12 7.255967283624394559e-12 7.982504897815977788e-12
3.165869999999999891e+03 8.077692464648058696e-12 7.038196711915186296e-12 6.972050341240959213e-12
3.246239999999999782e+03 7.323769066694763211e-12 6.671946097138612857e-12 6.313165649578893741e-12
3.326599999999999909e+03 6.508998837622083021e-12 6.233753971382019883e-12 5.902179383496979231e-12
3.406960000000000036e+03 5.711203921547653452e-12 5.847108555874781390e-12 5.564012889022113996e-12
3.487329999999999927e+03 4.968536834801166482e-12 5.494722950503190287e-12 5.243040368163307866e-12
3.567690000000000055e+03 4.318045471456810192e-12 5.164891215785112776e-12 4.957507766759820482e-12
3.648050000000000182e+03 3.750584692697839228e-12 4.843611364512299175e-12 4.660170296338058196e-12
3.741360000000000127e+03 3.179612624567851364e-12 4.546817487082904648e-12 4.418300382537749247e-12
3.848519999999999982e+03 2.605707943810975929e-12 4.275434985903704330e-12 4.235220284665813019e-12
3.955690000000000055e+03 2.145319101775751067e-12 4.009387677714088253e-12 4.009623920694284470e-12
4.062860000000000127e+03 1.795708969203275225e-12 3.743779116579493142e-12 3.793338531703630443e-12
4.170020000000000437e+03 1.536288395921622336e-12 3.480449396681654138e-12 3.540420617536154989e-12
4.277189999999999600e+03 1.362711701474399690e-12 3.276619513809987870e-12 3.211595402528857879e-12
4.384359999999999673e+03 1.228430798950331940e-12 3.132174263059472178e-12 2.845390139888561904e-12
4.491520000000000437e+03 1.049704559434636538e-12 2.921207995820054706e-12 2.634307588861334645e-12
4.598689999999999600e+03 8.431257003944805406e-13 2.588019473884692965e-12 2.639923618499646389e-12
4.705859999999999673e+03 7.612024421558054863e-13 2.344217994246514895e-12 2.466355529792355945e-12
4.813020000000000437e+03 7.747130978329863303e-13 2.242141746456064801e-12 2.089976280921076174e-12
4.920189999999999600e+03 6.674271019827848020e-13 1.979461844753226077e-12 2.044867307585721206e-12
5.063100000000000364e+03 6.038895124231695280e-13 1.749149035387512713e-12 1.936943524307761747e-12
5.206010000000000218e+03 5.873315234459214534e-13 1.610499533019008524e-12 1.728667085968004636e-12
5.348920000000000073e+03 6.057984186269371935e-13 1.504898789311725154e-12 1.486336610545145191e-12
5.491819999999999709e+03 5.924007312553424419e-13 1.305994692985935384e-12 1.399179440567655625e-12
5.634729999999999563e+03 5.541493842536631101e-13 1.150226989068594061e-12 1.314443258108394797e-12
5.777640000000000327e+03 5.568317350661769058e-13 1.087949915188490041e-12 1.129416170949306296e-12
5.920550000000000182e+03 5.477087458499834519e-13 9.333649529688493686e-13 1.064319183413750986e-12
6.063460000000000036e+03 5.253712862786543435e-13 8.605226003599067077e-13 9.502218141605364034e-13
6.206369999999999891e+03 5.170993773205937461e-13 7.612753800636755015e-13 8.624308119610634129e-13
6.349279999999999745e+03 4.976326221126355705e-13 6.930149143622458908e-13 7.765180314524755595e-13
6.492189999999999600e+03 4.811178336538824158e-13 6.100762303955102164e-13 7.133973829006066737e-13
6.659750000000000000e+03 4.660178038364188583e-13 5.663882208430251959e-13 6.201425306359745701e-13
6.850319999999999709e+03 4.482369946884418553e-13 4.719463932562102942e-13 5.880499613298744475e-13
7.040890000000000327e+03 4.328585400741121019e-13 4.607181640437227176e-13 4.906292690588887313e-13
7.231470000000000255e+03 4.148561507822287285e-13 3.780989617585296992e-13 4.747782769347031919e-13
7.422039999999999964e+03 3.938514264800757217e-13 3.712121117181069184e-13 3.969079234346941643e-13
7.612609999999999673e+03 3.749697608876197368e-13 3.003879528288904193e-13 3.903484059246982354e-13
7.803180000000000291e+03 3.522984093976646316e-13 3.183275308181163060e-13 3.052731078747912818e-13
7.993750000000000000e+03 3.341230807348969576e-13 2.189965338551748882e-13 3.441411035291283339e-13
8.184329999999999927e+03 3.106154820137761986e-13 2.913864484048291961e-13 2.211828076339403904e-13
8.374899999999999636e+03 2.948926647480121412e-13 1.661395309861407885e-13 2.943134541774300209e-13
8.565469999999999345e+03 2.695574238523398028e-13 2.197203090535524579e-13 2.026083014422174790e-13
8.758229999999999563e+03 2.547907729998264998e-13 1.991067121012617028e-13 1.816509945118911080e-13
9.012370000000000800e+03 2.343442077124433008e-13 1.340372613600102521e-13 2.125036011831178452e-13
9.266500000000000000e+03 2.174783819894332516e-13 1.936810242562265720e-13 1.203217515108703665e-13
9.520629999999999200e+03 2.033077386583351820e-13 7.872729871129181159e-14 2.046972949748965929e-13
9.774760000000000218e+03 1.802518546091541968e-13 1.793958474445270780e-13 8.530760918340446761e-14
1.002889999999999964e+04 1.757551143768825349e-13 9.050904384176614526e-14 1.426760997372574928e-13
1.028300000000000000e+04 1.537237010746958726e-13 8.254799212175556353e-14 1.386511486753866494e-13
1.053720000000000073e+04 1.410693094837335619e-13 1.525028641302500946e-13 5.036454878370616097e-14
1.079129999999999927e+04 1.369801457682787602e-13 5.710616140372113811e-14 1.208648256945631842e-13
1.104539999999999964e+04 1.175253159574602430e-13 5.836084805828850519e-14 1.137551493191498181e-13
1.129960000000000036e+04 1.059036849898070788e-13 1.262139650105686522e-13 3.354297358146507817e-14
1.155370000000000073e+04 1.052862422396690633e-13 6.985975929415683229e-14 6.859981138682266084e-14
1.185460000000000036e+04 9.130742303925012893e-14 2.568376431813504592e-14 1.061777594509533475e-13
1.219350000000000000e+04 7.754657810397788073e-14 9.993389191797390516e-14 2.593516649863845169e-14
1.253239999999999964e+04 7.953694462842394168e-14 5.665795820682647735e-14 5.047879010264429011e-14
1.287129999999999927e+04 6.814671119869786587e-14 1.518851180468412908e-14 8.758261587876620261e-14
1.321010000000000036e+04 5.592472101731302805e-14 7.163245055583859518e-14 2.907570544456514843e-14
1.354900000000000000e+04 5.715903693038634085e-14 6.975695795875550190e-14 1.672109889265502782e-14
1.388789999999999964e+04 5.434035599868891087e-14 1.475296889237960582e-14 6.233585815927050277e-14
1.422679999999999927e+04 4.301483368246048103e-14 1.983403746706847573e-14 5.800070143806334539e-14
1.456570000000000073e+04 3.682451512443719346e-14 5.955925165094660283e-14 1.448388444093664904e-14
1.490460000000000036e+04 3.833486144120503356e-14 5.433682308426794843e-14 8.835870554098864902e-15
1.524350000000000000e+04 3.758453050062871985e-14 1.685680712829183767e-14 3.891498316874583634e-14
1.559020000000000073e+04 3.049484264874604115e-14 5.107450092683361426e-15 4.998201521001182706e-14
1.604210000000000036e+04 2.328890600096226115e-14 3.675658351482365483e-14 1.814490229872423506e-14
1.649400000000000000e+04 2.445267687656645151e-14 4.463843025441357246e-14 2.425846215587427301e-15
1.694590000000000146e+04 2.516704996141065626e-14 1.535472454975989157e-14 2.495329372782636849e-14
1.739779999999999927e+04 1.998589415424341008e-14 2.386968180981912666e-15 3.741042925294511289e-14
1.784979999999999927e+04 1.472086718961606399e-14 1.963383591331650644e-14 2.058752435288425820e-14
1.830170000000000073e+04 1.401490126699047787e-14 3.430692857721597278e-14 2.040619607114452995e-15
1.875359999999999854e+04 1.563412374620940289e-14 2.628816939866838609e-14 4.269380616351267311e-15
1.920550000000000000e+04 1.524064955073012995e-14 8.408818928792915247e-15 1.861732343864152111e-14
1.965740000000000146e+04 1.219687140998208445e-14 9.179599412391502454e-16 2.576052881966581164e-14
2.010929999999999927e+04 8.796486810022205709e-15 7.782356246297171706e-15 1.908136040532310759e-14
2.056129999999999927e+04 7.262201846231835507e-15 1.851439053392165296e-14 6.949413927421077558e-15
2.110150000000000000e+04 7.904297162099738674e-15 2.209739252407055487e-14 -1.854801464064079268e-16
2.170420000000000073e+04 9.000233484010307019e-15 1.273171340701670529e-14 5.612800502233921477e-15
2.230679999999999927e+04 8.058787697775014430e-15 2.255009559855988328e-15 1.468029271754181285e-14
2.290950000000000000e+04 5.745693470213678610e-15 1.226870473080644293e-15 1.589685468569162699e-14
2.351209999999999854e+04 3.960612365687697233e-15 7.612306028109139814e-15 9.371441903014749824e-15
2.411470000000000073e+04 3.611617353071050282e-15 1.336318699456238165e-14 2.153341007602131668e-15
2.471740000000000146e+04 4.232287304577653812e-15 1.362113155372457308e-14 -2.615083692408740046e-16
2.532000000000000000e+04 4.757179605761006026e-15 9.032885639394452948e-15 2.330602868724168081e-15
2.592270000000000073e+04 4.574422641369917119e-15 3.539883694813068730e-15 6.665747035187151368e-15
2.652529999999999927e+04 3.715425351063561754e-15 4.332028908132920171e-16 9.367451701680092373e-15
2.712800000000000000e+04 2.656393488020354271e-15 6.319046610279786697e-16 9.138506431725574970e-15
2.775140000000000146e+04 1.804240447726357943e-15 3.112986235580392590e-15 6.467402045264291834e-15
2.855500000000000000e+04 1.450513756456283075e-15 6.640244886428139492e-15 2.299208743433535995e-15
2.935870000000000073e+04 1.714835032090432472e-15 7.820235574138842608e-15 -4.224998546786071846e-17
3.016229999999999927e+04 2.097862713989981189e-15 6.246274726416174502e-15 2.986068710211496824e-16
3.096590000000000146e+04 2.232377503434815018e-15 3.456754760554845657e-15 2.249532651015267148e-15
3.176959999999999854e+04 1.990857525347741545e-15 1.080249918139344909e-15 4.191111957442568186e-15
3.257320000000000073e+04 1.517084994173803176e-15 7.584445820138811491e-17 5.056883113407742318e-15
3.337680000000000291e+04 1.016431820036688244e-15 4.301271624660324068e-16 4.623593773635638212e-15
3.418050000000000000e+04 6.599523454543011270e-16 1.560361113168969602e-15 3.362784563248865809e-15
3.498409999999999854e+04 4.967364395500036759e-16 2.757641956766481258e-15 1.857512575044162024e-15
3.578780000000000291e+04 5.041518923612282954e-16 3.527094237912716953e-15 6.522166294488737583e-16
3.659140000000000146e+04 6.058226138600044582e-16 3.660173785208733958e-15 7.299873535478437383e-18
3.756140000000000146e+04 7.647189046399723923e-16 3.180855752462872810e-15 -2.592482821631507834e-17
3.863309999999999854e+04 8.657830747951612984e-16 2.138681014288284258e-15 5.683627657635186747e-16
3.970469999999999709e+04 8.410551133460967043e-16 1.064175697562330912e-15 1.355074173360481179e-15
4.077640000000000146e+04 7.113560597667169741e-16 3.184217223243714008e-16 1.948643963623879999e-15
4.184800000000000000e+04 5.307393580409035218e-16 2.419846609408510513e-17 2.168203809380509221e-15
4.291969999999999709e+04 3.523924301496350308e-16 1.171363836702069429e-16 2.010196573116074760e-15
4.399140000000000146e+04 2.180071416680131176e-16 4.416592027103524303e-16 1.617264748223490080e-15
4.506300000000000000e+04 1.381645406857958156e-16 8.292135584655135538e-16 1.115330302257262634e-15
4.613469999999999709e+04 1.108802514217706221e-16 1.153810740245712395e-15 6.412646712170357099e-16
4.720640000000000146e+04 1.216596161126542469e-16 1.340570045904148786e-15 2.754352236290109406e-16
4.827800000000000000e+04 1.542562346287530635e-16 1.386068991593702992e-15 5.401934221378346070e-17
4.939900000000000000e+04 1.941959244506899213e-16 1.295418787547968735e-15 -3.234547651149746675e-17
5.082809999999999854e+04 2.394693260905894507e-16 1.066037608107922936e-15 2.166901767268748613e-17
5.225719999999999709e+04 2.600185374202857040e-16 7.612124511868802317e-16 1.817538386202115198e-16
5.368630000000000291e+04 2.572782098988213299e-16 4.733476725405335618e-16 3.726456282009471390e-16
5.511540000000000146e+04 2.314741508308703464e-16 2.403217831384063485e-16 5.338753078708062048e-16
5.654450000000000000e+04 1.926505495918713073e-16 8.833704460998592233e-17 6.366508944448723074e-16
5.797350000000000000e+04 1.490646066859152270e-16 1.570237705040936527e-17 6.731454551754368796e-16
5.940259999999999854e+04 1.068503755431825587e-16 7.398114345462676173e-18 6.476608546847047213e-16
6.083169999999999709e+04 7.177873280591642446e-17 4.305900508596029091e-17 5.840069109037610224e-16
6.226080000000000291e+04 4.458661134807510199e-17 1.021598042429324110e-16 4.910874469027263158e-16
6.368990000000000146e+04 2.603786076015280879e-17 1.671327658538120748e-16 3.868174462037376058e-16
6.511900000000000000e+04 1.555855589482029697e-17 2.279066944112041729e-16 2.884375712941379535e-16
6.686039999999999418e+04 1.132574326293214408e-17 2.874172634383420045e-16 1.848422916707491141e-16
6.876610000000000582e+04 1.400005036489930874e-17 3.281968345829916247e-16 9.727900306873928538e-17
7.067180000000000291e+04 2.083878157550704122e-17 3.410179530333585624e-16 3.794549415809543711e-17
7.257750000000000000e+04 2.905524026501717224e-17 3.299797160529721691e-16 4.993546153839081893e-18
7.448319999999999709e+04 3.647499019000567157e-17 2.996771491815068076e-16 -6.424951369140308598e-18
7.638900000000000000e+04 4.252770318087817801e-17 2.618556304685720152e-16 -2.402087192491314487e-18
7.829469999999999709e+04 4.606297817750193177e-17 2.174276680335099738e-16 1.132248125045609097e-17
8.020039999999999418e+04 4.730911499181931293e-17 1.731526244995879672e-16 2.974734288989089136e-17
8.210610000000000582e+04 4.629631194161755943e-17 1.315856203766991611e-16 4.886493885100340090e-17
8.401180000000000291e+04 4.406479463755855432e-17 9.648769188258101489e-17 6.673299139740399035e-17
8.591760000000000582e+04 4.040996733970063485e-17 6.691936846260429142e-17 8.104189731472892651e-17
8.793289999999999418e+04 3.597993751473043057e-17 4.281534851639390313e-17 9.232652812470628233e-17
9.047419999999999709e+04 3.056814479040374768e-17 2.194583561514348392e-17 1.024261758354260267e-16
9.301550000000000000e+04 2.477747036857922970e-17 8.968477625315242401e-18 1.055116028737832708e-16
9.555680000000000291e+04 1.958962729232298414e-17 2.492830058758510531e-18 1.046887565753809973e-16
9.809810000000000582e+04 1.479774626023282363e-17 6.562360028748053632e-19 9.904726329030522528e-17
1.006390000000000000e+05 1.077167269882549767e-17 1.976270760550538961e-18 9.096961113296723194e-17
