1.017789999999999928e+01 1.546379473742045337e-04 1.542579753499200891e-04 1.528057680932212129e-04
1.043200000000000038e+01 1.441538800966773938e-04 1.468944419851208184e-04 1.458002114308202190e-04
1.068609999999999971e+01 1.370515534030657633e-04 1.380521776751325266e-04 1.383166086248035858e-04
1.094030000000000058e+01 1.310936590318533272e-04 1.304053349826625355e-04 1.300633144242060502e-04
1.119439999999999991e+01 1.217755070617534578e-04 1.252143398042287114e-04 1.246494183235816449e-04
1.144849999999999923e+01 1.168790760551995225e-04 1.178417105262865959e-04 1.177189988685803103e-04
1.171439999999999948e+01 1.119805361919348280e-04 1.106660362446423114e-04 1.110493202839830782e-04
1.205320000000000036e+01 1.071111576178342286e-04 1.027108881294444017e-04 1.022567726685976472e-04
1.239209999999999923e+01 1.006357396020672541e-04 9.589328849900139297e-05 9.559374045279181811e-05
1.273099999999999987e+01 9.670454458653064353e-05 8.875363404155030994e-05 8.848835863564400643e-05
1.306990000000000052e+01 8.815009716223161731e-05 8.451789045468388302e-05 8.423981380545881681e-05
1.340879999999999939e+01 7.926698295357096507e-05 8.099495118476238761e-05 8.137971551595512784e-05
1.374770000000000003e+01 7.849872235381420823e-05 7.452164334220362052e-05 7.425276817893361025e-05
1.408660000000000068e+01 7.241518460900735177e-05 7.083952077856890011e-05 7.097243102748282742e-05
1.442549999999999955e+01 6.721276817978610451e-05 6.737585424515471369e-05 6.743235117201204346e-05
1.476440000000000019e+01 6.586146420469939056e-05 6.279169763443392081e-05 6.207241535358125242e-05
1.510330000000000084e+01 5.930354410027088548e-05 6.035425905739328587e-05 6.052441419342224124e-05
1.544209999999999994e+01 5.541043890249476513e-05 5.735877358890218065e-05 5.761501779808235382e-05
1.585510000000000019e+01 5.295065562859386816e-05 5.333042558221324819e-05 5.325356534486505865e-05
1.630699999999999861e+01 4.724386397888936901e-05 5.049489156930122376e-05 5.119800083343656419e-05
1.675890000000000057e+01 4.556608604323720240e-05 4.670069035436285145e-05 4.686292425793320846e-05
1.721079999999999899e+01 4.303663448560734317e-05 4.347714670404226274e-05 4.362129085149789635e-05
1.766280000000000072e+01 3.838676411760937073e-05 4.148137000654382103e-05 4.201556144920728583e-05
1.811469999999999914e+01 3.734750391046822994e-05 3.853047113966462720e-05 3.840669522099107795e-05
1.856660000000000110e+01 3.533648335113366925e-05 3.593100308491993891e-05 3.598842798350416800e-05
1.901849999999999952e+01 3.328001610971535463e-05 3.359920228197504612e-05 3.385481071502459091e-05
1.947040000000000148e+01 3.079019007735473644e-05 3.185158214944014844e-05 3.211508147218089651e-05
1.992229999999999990e+01 2.867764144088452862e-05 3.012385541113120354e-05 3.038722202455315365e-05
2.037430000000000163e+01 2.720947270732308664e-05 2.828871530473259829e-05 2.853395882377186398e-05
2.085219999999999985e+01 2.602193585772714961e-05 2.647031972618545727e-05 2.652489669898188443e-05
2.145479999999999876e+01 2.356536059915969922e-05 2.495654887601203348e-05 2.494866152508076266e-05
2.205750000000000099e+01 2.222172510778551793e-05 2.307476704243737839e-05 2.322368914266586011e-05
2.266009999999999991e+01 2.061649267973545934e-05 2.159529166175992479e-05 2.169041712701236824e-05
2.326269999999999882e+01 1.983767229501495332e-05 1.990199296609625036e-05 1.997611113078187026e-05
2.386540000000000106e+01 1.791818095029312714e-05 1.895815561352959703e-05 1.896775297796562338e-05
2.446799999999999997e+01 1.699757738785838735e-05 1.753194401123873571e-05 1.775798814226979739e-05
2.507069999999999865e+01 1.603417753727133841e-05 1.642215212356988477e-05 1.652867385366134188e-05
2.567330000000000112e+01 1.524222431094972874e-05 1.531934351632969392e-05 1.537455321036193848e-05
2.627590000000000003e+01 1.426960011182812358e-05 1.440367544432497363e-05 1.447244428143140376e-05
2.687859999999999872e+01 1.291378070944906906e-05 1.380261753608300232e-05 1.380488188221378168e-05
2.748120000000000118e+01 1.224862867661048055e-05 1.280075817566211371e-05 1.304619385394828998e-05
2.822250000000000014e+01 1.171251765959288906e-05 1.193528263833301080e-05 1.192963794793010041e-05
2.902609999999999957e+01 1.098510117176680303e-05 1.105776260119658322e-05 1.102643317863208126e-05
2.982979999999999876e+01 9.705767563905939499e-06 1.047664856646541494e-05 1.060704560193051649e-05
3.063340000000000174e+01 9.122580216137102376e-06 9.602904252496726975e-06 1.009758387178414767e-05
3.143700000000000117e+01 8.732506366006857838e-06 9.014087774933912829e-06 9.058158744838016492e-06
3.224069999999999681e+01 8.430856391801171964e-06 8.326835894996195049e-06 8.300219621276577097e-06
3.304429999999999978e+01 7.542545180899818542e-06 8.015585522587922776e-06 7.749288951035180576e-06
3.384790000000000276e+01 7.325998126369329248e-06 7.337571541080182525e-06 7.281310094762707899e-06
3.465160000000000196e+01 6.750324467632836429e-06 6.900792219763880468e-06 6.904720782965663659e-06
3.545519999999999783e+01 6.210104989810736150e-06 6.429992026949412057e-06 6.541854016762544853e-06
3.625880000000000081e+01 5.985577514092216777e-06 6.057029301437113126e-06 6.052815399669531633e-06
3.711789999999999878e+01 5.454267608240493665e-06 5.726696307648930574e-06 5.770276393280299153e-06
3.818959999999999866e+01 5.191638732645142518e-06 5.282640615281433990e-06 5.276471487047155826e-06
3.926129999999999853e+01 4.613355804974267392e-06 5.022735954497337913e-06 5.014113150930914238e-06
4.033290000000000219e+01 4.584603876079329919e-06 4.518567976843808410e-06 4.538856360717602876e-06
4.140460000000000207e+01 4.271913964845546366e-06 4.213240904229779601e-06 4.238934612060347671e-06
4.247630000000000194e+01 3.810064124323659802e-06 4.057763792779657701e-06 4.006424729441512225e-06
4.354789999999999850e+01 3.673393864728634292e-06 3.679852228520525935e-06 3.745076083716644614e-06
4.461959999999999837e+01 3.386682849592912529e-06 3.492907072353430295e-06 3.491663701527580716e-06
4.569129999999999825e+01 3.144658524399513296e-06 3.271876121819301569e-06 3.296434922161634796e-06
4.676290000000000191e+01 3.031376557675591660e-06 3.038808375934198163e-06 3.032485932566034404e-06
4.783460000000000178e+01 2.759851427691851133e-06 2.886032929541720662e-06 2.893983481850377303e-06
4.890630000000000166e+01 2.617604387199055779e-06 2.695637016876410688e-06 2.693645559183583506e-06
5.023669999999999902e+01 2.464182684550428613e-06 2.492982630558278977e-06 2.483375780826901977e-06
5.166579999999999728e+01 2.242440079965770161e-06 2.328785383862252506e-06 2.338311752856429065e-06
5.309490000000000265e+01 2.130668480751057972e-06 2.130752964003666432e-06 2.157162052836836636e-06
5.452400000000000091e+01 1.897806357774867373e-06 2.057133000620012475e-06 2.012097297066515393e-06
5.595309999999999917e+01 1.894752410872669673e-06 1.860416469886903352e-06 1.847288183163671852e-06
5.738219999999999743e+01 1.666918429831591450e-06 1.779617552632510429e-06 1.774260286956434703e-06
5.881130000000000280e+01 1.596956433168384597e-06 1.650618030382668409e-06 1.637923355820178336e-06
6.024040000000000106e+01 1.502139501925200978e-06 1.523750122642696666e-06 1.520725646168014247e-06
6.166949999999999932e+01 1.392145371179852966e-06 1.439637803570840031e-06 1.438006611320777715e-06
6.309859999999999758e+01 1.304973736399026228e-06 1.351845792051234277e-06 1.350514740158765450e-06
6.452760000000000673e+01 1.213977415732477738e-06 1.264306217571832272e-06 1.266158234732900502e-06
6.607179999999999609e+01 1.126799229158506136e-06 1.184507914453994162e-06 1.186711148015522301e-06
6.797750000000000625e+01 1.053161828685698531e-06 1.094912126782820264e-06 1.111344184842834027e-06
6.988320000000000221e+01 9.949558658845578757e-07 9.718462566787370643e-07 1.024153904396075726e-06
7.178889999999999816e+01 8.815130413489521932e-07 9.616913643507280230e-07 9.646662502249376699e-07
7.369469999999999743e+01 8.611874015335722515e-07 8.958758947547444532e-07 9.152422519559063218e-07
7.560039999999999338e+01 8.113810423924633175e-07 8.264061244694345747e-07 8.126850223246225726e-07
7.750610000000000355e+01 7.487048688707912726e-07 7.612330673342694851e-07 7.682609916724675765e-07
7.941179999999999950e+01 6.704316348904461917e-07 7.274892997085653575e-07 7.268307294179939792e-07
8.131749999999999545e+01 6.320005024472789929e-07 6.730529177066805955e-07 6.809810474689730130e-07
8.322329999999999472e+01 6.013726984269895576e-07 6.234920431553030468e-07 6.324159472559417083e-07
8.512900000000000489e+01 5.901017208456438817e-07 5.790974559959670384e-07 5.922361874316348610e-07
8.703470000000000084e+01 5.235925787281400410e-07 5.551642713467696615e-07 5.533844024777728810e-07
8.942260000000000275e+01 4.863679430570109121e-07 5.104890990162553840e-07 5.166249230231599396e-07
9.196389999999999532e+01 4.601930050453990487e-07 4.765845506093240937e-07 4.743979100370816219e-07
9.450520000000000209e+01 4.112272576735999465e-07 4.089810595219456496e-07 4.464282726843985844e-07
9.704659999999999798e+01 3.818717987218357353e-07 4.116530587919492157e-07 4.222000036854274978e-07
9.958790000000000475e+01 3.672742274564136054e-07 3.843228625431814193e-07 3.809056223343748734e-07
1.021290000000000049e+02 3.473674823484909979e-07 3.562542967798803837e-07 3.578232612059788594e-07
1.046710000000000065e+02 3.226465871777804643e-07 3.326525457970015415e-07 3.333406960522046813e-07
1.072120000000000033e+02 3.005151527901206283e-07 3.070564532555841406e-07 3.148462204820513105e-07
1.097530000000000001e+02 2.828178767906053182e-07 2.859649815378913496e-07 2.788212855315598214e-07
1.122939999999999969e+02 2.622011285763869361e-07 2.702018434988441585e-07 2.949108455852861410e-07
1.148359999999999985e+02 2.450916157659893262e-07 2.481008174204025726e-07 2.607764899449208977e-07
1.176110000000000042e+02 2.280038948654168120e-07 2.404733760396375415e-07 2.413827541572855406e-07
1.210000000000000000e+02 2.159283048818622974e-07 2.010162319095166841e-07 2.349067142486211324e-07
1.243889999999999958e+02 2.013559043894426567e-07 2.011499189354154006e-07 2.020500009151420586e-07
1.277780000000000058e+02 1.835650394817947744e-07 1.937936092458906529e-07 1.839838309421119261e-07
1.311670000000000016e+02 1.717429218014990328e-07 1.852524306604822735e-07 1.647706985780187275e-07
1.345550000000000068e+02 1.541259786866099225e-07 1.695994455514413534e-07 1.614919973619488153e-07
1.379439999999999884e+02 1.409586283207244320e-07 1.533544655325014805e-07 1.579341362252524050e-07
1.413329999999999984e+02 1.310072845319245687e-07 1.418376156832352071e-07 1.484153293048402738e-07
1.447220000000000084e+02 1.252758722871081720e-07 1.337681386358230929e-07 1.305954172904621722e-07
1.481109999999999900e+02 1.180847771072775962e-07 1.245007902386717990e-07 1.238679376134586267e-07
1.515000000000000000e+02 1.055966111755252321e-07 1.169112035257868369e-07 1.198044718586879551e-07
1.548890000000000100e+02 1.022071324343216749e-07 1.098710800675091254e-07 1.077006350181692725e-07
1.591740000000000066e+02 9.721810659642912249e-08 9.952837140868091529e-08 9.961462271488999827e-08
1.636930000000000121e+02 8.735300620662055517e-08 9.459477487937153536e-08 9.244253011400796628e-08
1.682129999999999939e+02 7.887324901311839387e-08 8.579634998182481221e-08 8.950851395705684067e-08
1.727319999999999993e+02 7.274663972440500658e-08 8.019317026308915150e-08 8.305554113250586577e-08
1.772510000000000048e+02 7.009366378012679476e-08 7.410401201676581634e-08 7.495930036310743983e-08
1.817700000000000102e+02 6.326628277188048776e-08 7.211814260968377707e-08 6.832954261843578478e-08
1.862889999999999873e+02 6.019996242764098562e-08 6.289303378720602422e-08 6.642034210515303086e-08
1.908079999999999927e+02 5.611600429270584599e-08 6.001084518291043940e-08 6.020344572438374057e-08
1.953280000000000030e+02 5.202808209582776298e-08 5.673754698857543080e-08 5.555921579559683227e-08
1.998470000000000084e+02 4.891187598511285499e-08 5.030940535433376471e-08 5.392035314055340384e-08
2.043660000000000139e+02 4.498168293146493660e-08 4.940065016741915341e-08 4.835001363247759623e-08
2.093530000000000086e+02 4.260091254731553738e-08 4.440712160481908898e-08 4.577754679186538260e-08
2.153789999999999907e+02 3.906854840420527270e-08 4.277180338452253189e-08 4.084780445127221463e-08
2.214060000000000059e+02 3.555266227980994136e-08 3.866759174418641645e-08 3.927439885600366075e-08
2.274319999999999879e+02 3.266068570623612572e-08 3.694268413236084963e-08 3.552344485719643846e-08
2.334590000000000032e+02 3.035467095518424166e-08 3.270600976086140833e-08 3.437682169852376893e-08
2.394850000000000136e+02 2.750578856644248068e-08 2.990310821058004824e-08 3.293539186297749447e-08
2.455109999999999957e+02 2.607158761277767832e-08 2.766799262791616871e-08 3.019913056730617257e-08
2.515380000000000109e+02 2.435866266837214705e-08 2.630145356934479641e-08 2.722525195020726236e-08
2.575640000000000214e+02 2.222270363448039983e-08 2.529665011679792804e-08 2.498363744872167672e-08
2.635910000000000082e+02 2.195389136465131106e-08 2.274961971592028345e-08 2.263140646804472072e-08
2.696170000000000186e+02 1.884179435359631399e-08 2.158633148528467560e-08 2.232518240111902149e-08
2.756440000000000055e+02 1.796236189604993483e-08 1.984498244406409424e-08 2.061119915588598383e-08
2.833330000000000268e+02 1.721305663722777783e-08 1.817357230127076329e-08 1.857963338150146603e-08
2.913700000000000045e+02 1.519140309090459789e-08 1.693054863003401110e-08 1.770498275906140198e-08
2.994060000000000059e+02 1.502680357747549117e-08 1.545530842991206935e-08 1.552993248061244560e-08
3.074420000000000073e+02 1.251410193713202833e-08 1.422664412376927444e-08 1.585448705909870364e-08
3.154789999999999850e+02 1.275793403952407235e-08 1.357065411888681489e-08 1.328379527897164373e-08
3.235149999999999864e+02 1.157232091378990885e-08 1.247076491036031058e-08 1.249336323269668581e-08
3.315509999999999877e+02 1.009967522836119438e-08 1.176242405810634359e-08 1.202022006815744421e-08
3.395880000000000223e+02 1.032939784045610389e-08 1.045308420307388727e-08 1.065385398847001589e-08
3.476240000000000236e+02 8.998017399649099555e-09 1.014072013547952983e-08 9.745931602216137385e-09
3.556610000000000014e+02 7.789865582250923327e-09 9.561180260296989875e-09 9.746287109452087562e-09
3.636970000000000027e+02 8.090799281607486882e-09 8.469227297274645944e-09 8.596286725117872087e-09
3.726580000000000155e+02 7.428849537136363650e-09 7.802118598480187050e-09 8.089028024383454235e-09
3.833740000000000236e+02 6.004738976906714769e-09 7.526853897399226611e-09 7.960220397694062572e-09
3.940910000000000082e+02 6.264639930887065064e-09 6.706630526497385705e-09 6.857424158615551124e-09
4.048079999999999927e+02 5.984871817024902315e-09 6.156897104167837625e-09 6.170594654007263369e-09
4.155240000000000009e+02 4.734972145362273033e-09 6.054857769031848898e-09 6.121258185605881359e-09
4.262409999999999854e+02 4.604629404927620649e-09 5.382545645869202345e-09 5.667786125203179478e-09
4.369569999999999936e+02 4.877551727190895910e-09 4.749820354993443841e-09 4.858479077815662082e-09
4.476739999999999782e+02 4.206186389034046374e-09 4.645143064800134401e-09 4.561205434165821276e-09
4.583910000000000196e+02 3.415301812366927259e-09 4.500525670467156779e-09 4.500276149165918330e-09
4.691070000000000277e+02 3.376602295657387823e-09 3.992289588726558867e-09 4.145299123616054742e-09
4.798240000000000123e+02 3.586379186412846164e-09 3.466073750536932615e-09 3.618546543050222277e-09
4.905409999999999968e+02 3.287993048598662236e-09 3.422472894575209093e-09 3.183261296826129938e-09
5.043389999999999986e+02 2.577944969486895218e-09 3.304258109564982386e-09 3.228768584948123793e-09
5.186299999999999955e+02 2.307165712176079467e-09 3.001611929627716667e-09 3.071921104596204481e-09
5.329199999999999591e+02 2.526779221430454677e-09 2.542838692811346229e-09 2.661865170558200732e-09
5.472110000000000127e+02 2.444710313986379273e-09 2.338540863687939036e-09 2.347569952725682516e-09
5.615019999999999527e+02 1.990254319367921143e-09 2.411994889477061927e-09 2.179999288755018588e-09
5.757930000000000064e+02 1.616042996175454813e-09 2.066096882024533946e-09 2.362880060838934302e-09
5.900839999999999463e+02 1.550022901767416635e-09 1.961660432627698116e-09 2.103230326955490211e-09
6.043750000000000000e+02 1.694560533278704140e-09 1.598511783942516676e-09 1.902452973978780495e-09
6.186660000000000537e+02 1.716170107534558771e-09 1.531323902088042967e-09 1.557720971977398883e-09
6.329569999999999936e+02 1.420441637116360676e-09 1.511036399295258120e-09 1.511020989188381844e-09
6.472480000000000473e+02 1.132574263831498428e-09 1.523719794002058294e-09 1.457646953366443823e-09
6.633460000000000036e+02 9.730858096081177516e-10 1.398520816319161850e-09 1.424452866872720798e-09
6.824039999999999964e+02 1.039166189765679611e-09 1.195799403158717342e-09 1.255043931075603601e-09
7.014610000000000127e+02 1.103742920029181625e-09 1.034436583855324912e-09 1.073231842009460713e-09
7.205180000000000291e+02 1.002403083639029981e-09 9.789778385232846607e-10 9.774046048776859355e-10
7.395750000000000455e+02 7.966586156894658460e-10 9.725719866605571541e-10 9.554888758099773538e-10
7.586319999999999482e+02 6.376837945288692156e-10 9.330645159590657039e-10 9.446506819120655913e-10
7.776900000000000546e+02 5.921126285378276413e-10 8.612319564079410760e-10 8.677123170542315712e-10
7.967469999999999573e+02 6.145574619793961108e-10 7.398226057282581434e-10 7.883970814923462251e-10
8.158039999999999736e+02 6.606695958942802731e-10 6.489546292099741331e-10 6.740264123363762218e-10
8.348609999999999900e+02 6.439393952298250452e-10 5.822959982021046497e-10 6.015269538480706274e-10
8.539180000000000064e+02 5.780284984799335699e-10 5.559977033743571990e-10 5.542396188657095638e-10
8.729759999999999991e+02 4.816472356506216756e-10 5.471256509520444676e-10 5.310990104373339995e-10
8.977309999999999945e+02 3.724448796349132721e-10 5.366434467942954333e-10 5.220959590907914852e-10
9.231449999999999818e+02 3.089336964894607087e-10 5.075151495898526529e-10 5.003698662246867209e-10
9.485579999999999927e+02 3.063614351652362521e-10 4.456580617913421603e-10 4.579086118977829898e-10
9.739710000000000036e+02 3.304519029175403294e-10 3.804827785928231311e-10 4.035442419536367749e-10
9.993840000000000146e+02 3.495436413019070074e-10 3.264043903009904419e-10 3.504566885571026772e-10
1.024799999999999955e+03 3.414799876927267648e-10 2.967452533735446342e-10 3.066531414537288249e-10
1.050210000000000036e+03 3.066321555997653867e-10 2.812416245405648148e-10 2.840111005076698727e-10
1.075619999999999891e+03 2.548368385029838371e-10 2.783166466506702130e-10 2.706364319103460977e-10
1.101039999999999964e+03 2.019251524009100286e-10 2.791236335143565550e-10 2.601846275887335376e-10
1.126450000000000045e+03 1.609317396067823539e-10 2.686961169078847156e-10 2.534495046053330590e-10
1.151859999999999900e+03 1.380118678503207272e-10 2.448851114021280603e-10 2.475658083771512568e-10
1.180779999999999973e+03 1.317118419894304350e-10 2.218382254870084885e-10 2.264182717019611540e-10
1.214670000000000073e+03 1.433472751082830977e-10 1.886399510595453573e-10 2.001984252001715621e-10
1.248559999999999945e+03 1.542929745687311472e-10 1.595928400257314171e-10 1.749162027063375579e-10
1.282450000000000045e+03 1.567611000535409439e-10 1.404130072248890250e-10 1.515934804879701374e-10
1.316339999999999918e+03 1.480403424752828488e-10 1.304520965708865781e-10 1.347317426146306544e-10
1.350230000000000018e+03 1.295621464696085034e-10 1.235901772814546935e-10 1.270165509393368719e-10
1.384119999999999891e+03 1.090027671856089763e-10 1.234445520487273033e-10 1.175071838566207192e-10
1.418009999999999991e+03 8.479457851297226188e-11 1.210995424451691487e-10 1.160428241802071731e-10
1.451900000000000091e+03 7.097291283085439538e-11 1.185193778361621821e-10 1.073483619083434710e-10
1.485789999999999964e+03 5.566149749391423193e-11 1.034366390444072029e-10 1.142527424227985964e-10
1.519670000000000073e+03 4.857934952094346783e-11 9.708472713125603484e-11 1.061002000896405417e-10
1.553559999999999945e+03 4.745145200417569787e-11 8.951179931702851894e-11 9.459834833911581508e-11
1.597980000000000018e+03 4.967046266689561829e-11 7.654770047944272380e-11 8.636696033422169094e-11
1.643170000000000073e+03 5.432780681701935287e-11 6.859545909481257600e-11 7.204275495000809711e-11
1.688359999999999900e+03 5.593296425216603507e-11 5.972284802979346014e-11 6.330947555472854082e-11
1.733549999999999955e+03 5.613395268382189967e-11 5.070335394411535542e-11 5.757017910277478186e-11
1.778740000000000009e+03 5.398535166675219356e-11 4.690175086372607538e-11 5.024089956364174943e-11
1.823930000000000064e+03 4.959302610930603932e-11 4.468686212249253779e-11 4.454103790951344644e-11
1.869130000000000109e+03 4.403553366366317787e-11 4.445176020939652672e-11 3.934746426374031661e-11
1.914319999999999936e+03 3.754627196546114023e-11 4.456408664873523224e-11 3.549641842313085275e-11
1.959509999999999991e+03 3.111725638077094364e-11 3.789357210288091666e-11 3.920842075689667721e-11
2.004700000000000045e+03 2.683556002524683548e-11 3.258045919221893719e-11 4.006437795874544195e-11
2.049889999999999873e+03 2.160487023007434385e-11 4.198756922684103600e-11 2.799983565414783971e-11
2.101840000000000146e+03 1.656554391282481213e-11 3.555428710353328169e-11 3.195314284807151900e-11
2.162110000000000127e+03 1.341905752208284918e-11 3.138892451389522275e-11 3.223234300786353764e-11
2.222369999999999891e+03 1.216235034325138999e-11 2.441000814221507635e-11 3.408772284593938744e-11
2.282630000000000109e+03 1.254379882656827391e-11 2.377583838121932552e-11 2.843701404497241656e-11
2.342900000000000091e+03 1.113859274818048384e-11 2.756103326891907464e-11 2.083986016306188718e-11
2.403159999999999854e+03 1.088160707210813139e-11 1.833087974419537173e-11 2.548096151125122806e-11
2.463429999999999836e+03 1.154932113155070313e-11 2.077441291512441689e-11 1.794196695491788398e-11
2.523690000000000055e+03 1.141827303330825388e-11 1.489346687843834925e-11 1.984329502482134921e-11
2.583960000000000036e+03 1.126022418582025210e-11 1.541593452697555763e-11 1.580671682602354120e-11
2.644219999999999800e+03 1.161383862793017517e-11 1.337474887690546900e-11 1.406141148044579122e-11
2.704480000000000018e+03 1.129595978082853163e-11 1.134471304538410093e-11 1.321724643272983642e-11
2.764750000000000000e+03 1.091283466074955367e-11 1.036333322380750391e-11 1.172148422189577117e-11
2.844420000000000073e+03 1.055022982472152394e-11 9.225764440543504230e-12 1.042520733135805899e-11
2.924780000000000200e+03 1.005779749733838521e-11 8.673972569664908725e-12 8.933633908212235390e-12
3.005150000000000091e+03 9.405596642926263931e-12 7.607830071167919760e-12 8.351221083462602369e-12
3.085510000000000218e+03 8.534004243570021183e-12 7.021376271229753568e-12 7.717408222878153406e-12
3.165869999999999891e+03 7.780304247855625449e-12 6.809700207447981156e-12 6.743767108294866201e-12
3.246239999999999782e+03 7.060135197089731320e-12 6.454876156339987860e-12 6.105874129691741041e-12
3.326599999999999909e+03 6.282180689399005333e-12 6.029068145547386948e-12 5.707265559900462986e-12
3.406960000000000036e+03 5.519899084636228235e-12 5.652800080962333555e-12 5.379517882257786565e-12
3.487329999999999927e+03 4.809456079720703744e-12 5.310333561136854504e-12 5.068552802645799235e-12
3.567690000000000055e+03 4.186517454223202080e-12 4.990594200735892714e-12 4.792198768011246139e-12
3.648050000000000182e+03 3.642151512064996551e-12 4.679577897789021083e-12 4.505185861072987575e-12
3.741360000000000127e+03 3.094247527356736371e-12 4.391915473691985460e-12 4.270546210161314080e-12
3.848519999999999982e+03 2.543133633314585622e-12 4.128337280289998740e-12 4.091963051788909349e-12
3.955690000000000055e+03 2.099906242895663527e-12 3.870597150860102297e-12 3.873252076821167635e-12
4.062860000000000127e+03 1.762463392352415433e-12 3.614124310837484925e-12 3.664055011890398169e-12
4.170020000000000437e+03 1.511099746755392681e-12 3.360349607551940167e-12 3.419858701965783000e-12
4.277189999999999600e+03 1.341980903442775608e-12 3.164341427260291864e-12 3.102737059896920456e-12
4.384359999999999673e+03 1.210572101716824833e-12 3.025795998281176449e-12 2.749614946582562333e-12
4.491520000000000437e+03 1.036343783277035744e-12 2.822894144122463990e-12 2.546255600909158312e-12
4.598689999999999600e+03 8.352268535126371787e-13 2.501803607335453182e-12 2.552415965802557203e-12
4.705859999999999673e+03 7.540594957984322404e-13 2.267431148731807741e-12 2.385503578151971651e-12
4.813020000000000437e+03 7.650075856649827205e-13 2.170332641254538479e-12 2.022329519239706525e-12
4.920189999999999600e+03 6.596815986313436333e-13 1.917098980130073381e-12 1.979830597048925727e-12
5.063100000000000364e+03 5.966597059383256115e-13 1.694635824161177214e-12 1.875925888324380107e-12
5.206010000000000218e+03 5.791413232268703525e-13 1.561031075260213813e-12 1.674760368271145866e-12
5.348920000000000073e+03 5.956167237772034657e-13 1.459574134440747806e-12 1.440408761760615654e-12
5.491819999999999709e+03 5.814829044397677599e-13 1.267376175155356284e-12 1.356477162554258352e-12
5.634729999999999563e+03 5.434931358344262298e-13 1.116631515185045963e-12 1.274977356308627006e-12
5.777640000000000327e+03 5.452403044853511051e-13 1.056793293295562064e-12 1.095960817679832230e-12
5.920550000000000182e+03 5.356954372267622316e-13 9.072106270256693805e-13 1.033275731851338470e-12
6.063460000000000036e+03 5.135050389763997211e-13 8.367702032929511817e-13 9.230180523589394983e-13
6.206369999999999891e+03 5.050199127280221029e-13 7.407562155561551900e-13 8.381380003323520801e-13
6.349279999999999745e+03 4.858159272840647996e-13 6.746662906706927132e-13 7.550909378595577040e-13
6.492189999999999600e+03 4.695412604699346517e-13 5.943045277081505403e-13 6.940901533959132743e-13
6.659750000000000000e+03 4.546568166944958957e-13 5.519738127516825244e-13 6.036674688833997814e-13
6.850319999999999709e+03 4.371618776968487108e-13 4.601989307059117406e-13 5.726096887128060567e-13
7.040890000000000327e+03 4.220833619490059035e-13 4.492993557323119075e-13 4.779994687056856356e-13
7.231470000000000255e+03 4.044672407343057935e-13 3.690062694981866075e-13 4.626471393875330760e-13
7.422039999999999964e+03 3.840062665214789624e-13 3.622520222489910057e-13 3.870153821355946496e-13
7.612609999999999673e+03 3.655949775191019206e-13 2.934089968073081465e-13 3.806516726712983156e-13
7.803180000000000291e+03 3.435609668573451313e-13 3.108096234349584796e-13 2.979353778962966254e-13
7.993750000000000000e+03 3.258749674691706431e-13 2.141289859671728706e-13 3.358285245702607397e-13
8.184329999999999927e+03 3.030475474360191993e-13 2.846576989483840482e-13 2.160752986920121111e-13
8.374899999999999636e+03 2.877793781323515839e-13 1.625539284449763667e-13 2.874613951365614672e-13
8.565469999999999345e+03 2.631506402123905679e-13 2.148928712831924574e-13 1.980119415923615396e-13
8.758229999999999563e+03 2.488463829507396083e-13 1.947221429952611310e-13 1.776824321852914083e-13
9.012370000000000800e+03 2.289035678962592403e-13 1.312813576427674489e-13 2.077513183956906871e-13
9.266500000000000000e+03 2.124998569147869648e-13 1.894418556419243904e-13 1.178086360404150966e-13
9.520629999999999200e+03 1.986832977987087655e-13 7.721180687902659260e-14 2.002064754916708215e-13
9.774760000000000218e+03 1.762200613525266796e-13 1.755555879872213094e-13 8.357012373577306608e-14
1.002889999999999964e+04 1.718684061634550092e-13 8.865696713367226068e-14 1.396908864484039250e-13
1.028300000000000000e+04 1.503699612753591768e-13 8.093880502412720427e-14 1.357206088322666503e-13
1.053720000000000073e+04 1.380565667923234812e-13 1.493164323961998740e-13 4.942517130145673479e-14
1.079129999999999927e+04 1.340924076745842064e-13 5.599860473576410405e-14 1.184229300415531832e-13
1.104539999999999964e+04 1.150945820284267230e-13 5.727502645589406023e-14 1.114513087888032353e-13
1.129960000000000036e+04 1.037704373558326491e-13 1.237002657903604119e-13 3.294888592698837320e-14
1.155370000000000073e+04 1.032058031796924179e-13 6.850805071185474025e-14 6.731976103688268931e-14
1.185460000000000036e+04 8.953144547206901632e-14 2.525902977537120619e-14 1.041323791180661749e-13
1.219350000000000000e+04 7.607127442459732245e-14 9.803393126106488850e-14 2.548585656387464670e-14
1.253239999999999964e+04 7.803994242354309196e-14 5.559415415712694608e-14 4.957451371889668526e-14
1.287129999999999927e+04 6.688172519843838980e-14 1.495250419329614242e-14 8.595401213752970673e-14
1.321010000000000036e+04 5.491356967695526580e-14 7.032987096327970471e-14 2.856317943875980546e-14
1.354900000000000000e+04 5.614200484291202626e-14 6.848497597947501537e-14 1.645937361819282301e-14
1.388789999999999964e+04 5.338587989099373328e-14 1.450720764964119347e-14 6.124199697389565838e-14
1.422679999999999927e+04 4.227883621954017181e-14 1.951286882678026708e-14 5.698763165347960939e-14
1.456570000000000073e+04 3.621413350144961868e-14 5.854216608481767805e-14 1.425050230080502655e-14
1.490460000000000036e+04 3.771138007665341404e-14 5.341865792829758900e-14 8.711340502516786543e-15
1.524350000000000000e+04 3.698488595278603238e-14 1.658461697636155167e-14 3.829185066688677924e-14
1.559020000000000073e+04 3.002295914563121889e-14 5.038964867878783053e-15 4.918733953646720235e-14
1.604210000000000036e+04 2.294039151272076405e-14 3.618547517091853123e-14 1.786457072100604671e-14
1.649400000000000000e+04 2.409217970573040887e-14 4.394550668849571586e-14 2.400831961871718089e-15
1.694590000000000146e+04 2.479976338492398209e-14 1.512194118673049531e-14 2.458462610983203849e-14
1.739779999999999927e+04 1.970165331600404990e-14 2.357994352127558935e-15 3.685679008757243112e-14
1.784979999999999927e+04 1.452007084607643535e-14 1.935364247383565926e-14 2.028926195778393343e-14
1.830170000000000073e+04 1.382910261287738608e-14 3.381987477080457203e-14 2.016202044546223079e-15
1.875359999999999854e+04 1.542954351685336047e-14 2.592248434633628455e-14 4.216784571211728832e-15
1.920550000000000000e+04 1.504547552309753186e-14 8.295585407373239525e-15 1.837188708612043351e-14
1.965740000000000146e+04 1.204643878142878841e-14 9.082832505659856567e-16 2.542709922905107161e-14
2.010929999999999927e+04 8.693694913681262970e-15 7.687355942429257206e-15 1.884204258904173429e-14
2.056129999999999927e+04 7.181735495284376315e-15 1.829229996244721008e-14 6.866183601497457601e-15
2.110150000000000000e+04 7.818546621263392124e-15 2.183871383158721450e-14 -1.814113044749284723e-16
2.170420000000000073e+04 8.903529361015368764e-15 1.258581660509441845e-14 5.551366879489359181e-15
2.230679999999999927e+04 7.974489234636644431e-15 2.230061538708697325e-15 1.451947091973321185e-14
2.290950000000000000e+04 5.688435442615179438e-15 1.214665891192904638e-15 1.572682309248896548e-14
2.351209999999999854e+04 3.923699279850837811e-15 7.534396628655867135e-15 9.274289306201051380e-15
2.411470000000000073e+04 3.579471439985110547e-15 1.323013666730921898e-14 2.132094582660006101e-15
2.471740000000000146e+04 4.195282391086807525e-15 1.349038897331995788e-14 -2.582749369938646270e-16
2.532000000000000000e+04 4.716711699628868327e-15 8.949791469213278840e-15 2.310252372610267753e-15
2.592270000000000073e+04 4.537234011791834278e-15 3.508812620102219252e-15 6.608702449219145871e-15
2.652529999999999927e+04 3.687122397475751017e-15 4.296421184732468169e-16 9.291242698349688187e-15
2.712800000000000000e+04 2.637876872162049180e-15 6.272955541736220226e-16 9.068691140162058890e-15
2.775140000000000146e+04 1.793020316280208873e-15 3.091146258879388800e-15 6.421367065886249127e-15
2.855500000000000000e+04 1.442250426766962086e-15 6.595578238583145171e-15 2.283618794095877878e-15
2.935870000000000073e+04 1.705317237516321112e-15 7.770294820358141481e-15 -4.189379154409629073e-17
3.016229999999999927e+04 2.086579407127764331e-15 6.208717010357710739e-15 2.970525335273744816e-16
3.096590000000000146e+04 2.221052626210747653e-15 3.437310698598062145e-15 2.237296575170771537e-15
3.176959999999999854e+04 1.981602836310372094e-15 1.074584565288589149e-15 4.169873917525793126e-15
3.257320000000000073e+04 1.510853578275349329e-15 7.546821319116319187e-17 5.033498791225821676e-15
3.337680000000000291e+04 1.012951026557133167e-15 4.284033358969205123e-16 4.604452294979135898e-15
3.418050000000000000e+04 6.582381433957053722e-16 1.554818284683256375e-15 3.350602302939665742e-15
3.498409999999999854e+04 4.958425456892334154e-16 2.749338582402905107e-15 1.851810066926575428e-15
3.578780000000000291e+04 5.034916048001195380e-16 3.518582893720156747e-15 6.505961638879895824e-16
3.659140000000000146e+04 6.052574402613797577e-16 3.653688947614419745e-15 7.281321157967558617e-18
3.756140000000000146e+04 7.642369265054224434e-16 3.176895358307275738e-15 -2.585584846378460318e-17
3.863309999999999854e+04 8.655273239922633980e-16 2.136962611159979179e-15 5.679958229923238732e-16
3.970469999999999709e+04 8.411824164327332709e-16 1.063809351943337485e-15 1.354772716852045062e-15
4.077640000000000146e+04 7.118469440577311666e-16 3.184525157453170834e-16 1.949171210577607758e-15
4.184800000000000000e+04 5.314466660843096240e-16 2.420208656178811251e-17 2.169950084834366497e-15
4.291969999999999709e+04 3.531408371984165555e-16 1.173070928660917665e-16 2.012968946450772241e-15
4.399140000000000146e+04 2.186890682845245664e-16 4.425650440442947330e-16 1.620479772098079409e-15
4.506300000000000000e+04 1.387652606463618604e-16 8.314469653637523279e-16 1.118273363648219896e-15
4.613469999999999709e+04 1.114752331123392108e-16 1.157720912188773901e-15 6.434008528004467544e-16
4.720640000000000146e+04 1.223716699939402166e-16 1.346117748020990446e-15 2.765541865483241822e-16
4.827800000000000000e+04 1.552179665290566927e-16 1.392923165263728412e-15 5.427790567494301699e-17
4.939900000000000000e+04 1.955050817275565658e-16 1.302892003692882122e-15 -3.252954867686115851e-17
5.082809999999999854e+04 2.411630276473928968e-16 1.072787422377177014e-15 2.182216782323820318e-17
5.225719999999999709e+04 2.619858653663405932e-16 7.664865255075014275e-16 1.830426656597354937e-16
5.368630000000000291e+04 2.593784226636754484e-16 4.769237999565729836e-16 3.755062053735577402e-16
5.511540000000000146e+04 2.335242589369967349e-16 2.422957921955660348e-16 5.383267825725681040e-16
5.654450000000000000e+04 1.945090252470278061e-16 8.912277450228737863e-17 6.424160747044702332e-16
5.797350000000000000e+04 1.506368690135137987e-16 1.585239730408282368e-17 6.797572717370761744e-16
5.940259999999999854e+04 1.080901537749061572e-16 7.479540481221246673e-18 6.545542362002920824e-16
6.083169999999999709e+04 7.270450255473394879e-17 4.356306315769296222e-17 5.907385770397332578e-16
6.226080000000000291e+04 4.523705900622373140e-17 1.034456597971607645e-16 4.972127498608565181e-16
6.368990000000000146e+04 2.647983312822938092e-17 1.694025489858248264e-16 3.920363668845234934e-16
6.511900000000000000e+04 1.587381484544357946e-17 2.312502281472511225e-16 2.926465152845910071e-16
6.686039999999999418e+04 1.158604398774728600e-17 2.918759608398194062e-16 1.876959976984006415e-16
6.876610000000000582e+04 1.430900930705554095e-17 3.335232097926551172e-16 9.885041208415692255e-17
7.067180000000000291e+04 2.127152572495924122e-17 3.468137112077672777e-16 3.858767545168687831e-17
7.257750000000000000e+04 2.964816251938062043e-17 3.358559805245429837e-16 5.083396728465101751e-18
7.448319999999999709e+04 3.722819090088753145e-17 3.052748551336097088e-16 -6.541028409494718703e-18
7.638900000000000000e+04 4.343078575042700223e-17 2.669898542541470539e-16 -2.442569481299889567e-18
7.829469999999999709e+04 4.707810865500293604e-17 2.219070187074362556e-16 1.156470989060437454e-17
8.020039999999999418e+04 4.839756477170753268e-17 1.769048915216311202e-16 3.040307570961506899e-17
8.210610000000000582e+04 4.741296638021259678e-17 1.345883914469952353e-16 4.999300005962361914e-17
8.401180000000000291e+04 4.518298704749916635e-17 9.880948943285349635e-17 6.835357419664373974e-17
8.591760000000000582e+04 4.149209480297670325e-17 6.861973003811887377e-17 8.311737016239873973e-17
8.793289999999999418e+04 3.699551723206110402e-17 4.396100028449277745e-17 9.481438691351546108e-17
9.047419999999999709e+04 3.146219095816076990e-17 2.255231416371598207e-17 1.052734108427697836e-16
9.301550000000000000e+04 2.553109544419502695e-17 9.225423248803447509e-18 1.085410992823811811e-16
9.555680000000000291e+04 2.021203557691617580e-17 2.568375468780133033e-18 1.077972917088924345e-16
9.809810000000000582e+04 1.529175834326160578e-17 6.794168682015886942e-19 1.020928461693758553e-16
1.006390000000000000e+05 1.115269431921041656e-17 2.043369104164947910e-18 9.387089141214513004e-17
