1.017789999999999928e+01 1.077515129827189173e-04 1.065249859073852710e-04 1.062265184448453725e-04
1.043200000000000038e+01 1.005036216413764328e-04 1.019943079468399162e-04 1.011298294234030200e-04
1.068609999999999971e+01 9.551921637973081536e-05 9.629122647594137057e-05 9.603495883299612360e-05
1.094030000000000058e+01 9.131189047297344160e-05 9.062434799967579338e-05 9.035554348577461170e-05
1.119439999999999991e+01 8.494684850670753253e-05 8.700940046016263660e-05 8.676413545439663928e-05
1.144849999999999923e+01 8.149651175635880024e-05 8.187200081924731702e-05 8.182302268057450607e-05
1.171439999999999948e+01 7.810707091124448982e-05 7.696535737988739463e-05 7.720729774920870596e-05
1.205320000000000036e+01 7.461898258212330056e-05 7.144442915957402353e-05 7.116818524322644562e-05
1.239209999999999923e+01 7.017881123538150098e-05 6.676879678466004229e-05 6.654096087842079933e-05
1.273099999999999987e+01 6.740200627898380544e-05 6.190740509484434916e-05 6.166040481020031009e-05
1.306990000000000052e+01 6.148109522494175872e-05 5.891383829313096639e-05 5.874576421901639851e-05
1.340879999999999939e+01 5.531940426319189533e-05 5.647409454212024157e-05 5.673721361161255204e-05
1.374770000000000003e+01 5.489099599428037531e-05 5.198643694004274782e-05 5.179784400739950468e-05
1.408660000000000068e+01 5.056650885715303228e-05 4.943368035740589023e-05 4.952328607040480500e-05
1.442549999999999955e+01 4.698054091539097059e-05 4.703525718705081681e-05 4.706897890489135480e-05
1.476440000000000019e+01 4.602986522309860068e-05 4.385631640223531223e-05 4.328209474395673586e-05
1.510330000000000084e+01 4.148040738535581243e-05 4.216375768364513687e-05 4.227837162389757290e-05
1.544209999999999994e+01 3.876070246920276287e-05 4.010224402383393916e-05 4.025384110599238658e-05
1.585510000000000019e+01 3.710148958376358795e-05 3.728650688861714137e-05 3.722324703343150431e-05
1.630699999999999861e+01 3.312782426487087924e-05 3.531801935467210389e-05 3.579872245255914646e-05
1.675890000000000057e+01 3.199800071995144316e-05 3.268046734223385333e-05 3.278166348912986530e-05
1.721079999999999899e+01 3.020584383074446878e-05 3.044507675337598433e-05 3.053064764140913712e-05
1.766280000000000072e+01 2.700990470258823374e-05 2.904622775128883592e-05 2.941274626427654244e-05
1.811469999999999914e+01 2.628338565298536512e-05 2.700584314760309655e-05 2.690612369128968299e-05
1.856660000000000110e+01 2.488783506809183840e-05 2.519989232600018658e-05 2.522879799069935051e-05
1.901849999999999952e+01 2.345482268213192390e-05 2.359205790747731632e-05 2.374574755887318961e-05
1.947040000000000148e+01 2.174552052600221724e-05 2.235397414420969571e-05 2.252469808375212674e-05
1.992229999999999990e+01 2.028035406766527172e-05 2.114680533404137395e-05 2.132507723445498668e-05
2.037430000000000163e+01 1.926630691721077746e-05 1.987312309641401051e-05 2.003211534202910065e-05
2.085219999999999985e+01 1.841273395721745046e-05 1.862349403480929915e-05 1.864370205517965087e-05
2.145479999999999876e+01 1.660642172998221802e-05 1.757526748513251385e-05 1.755914804251261136e-05
2.205750000000000099e+01 1.575347752866465133e-05 1.625837507775353678e-05 1.635250562100235103e-05
2.266009999999999991e+01 1.466903468085049486e-05 1.521853555167759074e-05 1.527526019064588623e-05
2.326269999999999882e+01 1.410555746602547427e-05 1.403990996017065571e-05 1.409119619555314866e-05
2.386540000000000106e+01 1.276568985550844906e-05 1.337023674361673263e-05 1.338245963866200930e-05
2.446799999999999997e+01 1.209477282769994696e-05 1.240808505181302535e-05 1.255063136080296860e-05
2.507069999999999865e+01 1.144374515345938833e-05 1.159789820828645957e-05 1.168353720626392244e-05
2.567330000000000112e+01 1.087461623390980989e-05 1.084998074000939222e-05 1.088566528474618741e-05
2.627590000000000003e+01 1.019800386151533479e-05 1.021491763324589126e-05 1.025658698934341458e-05
2.687859999999999872e+01 9.257160125778362452e-06 9.760442017710763160e-06 9.801763546866851416e-06
2.748120000000000118e+01 8.777866787294567741e-06 9.096046419187831845e-06 9.259893465695018028e-06
2.822250000000000014e+01 8.316034142492169398e-06 8.485678926005185452e-06 8.503470023589595263e-06
2.902609999999999957e+01 7.869463564376004877e-06 7.645561292692602636e-06 7.869811257703194986e-06
2.982979999999999876e+01 6.996181997290701550e-06 7.462880280944491483e-06 7.553205843114302938e-06
3.063340000000000174e+01 6.572883536109511818e-06 6.853747483450640692e-06 7.126957373569324693e-06
3.143700000000000117e+01 6.297146248141250657e-06 6.441409725752237554e-06 6.471395207460168089e-06
3.224069999999999681e+01 6.080030692572665606e-06 5.975618165106275262e-06 5.911401324583025476e-06
3.304429999999999978e+01 5.451264461298716704e-06 5.773343137797562356e-06 5.550650760421159353e-06
3.384790000000000276e+01 5.303844213952191368e-06 5.264914496031131264e-06 5.227662278384967692e-06
3.465160000000000196e+01 4.898780125097331934e-06 4.954877945480247907e-06 4.988883787727246767e-06
3.545519999999999783e+01 4.523863377703323252e-06 4.689665676008662364e-06 4.703701130652408528e-06
3.625880000000000081e+01 4.361014866042593662e-06 4.361655476647787030e-06 4.370384137304012051e-06
3.711789999999999878e+01 3.977339503115394537e-06 4.133418326091502302e-06 4.164341158216608874e-06
3.818959999999999866e+01 3.788549611378961580e-06 3.821519167417351271e-06 3.810192662127416859e-06
3.926129999999999853e+01 3.370871509186588735e-06 3.637553360728600718e-06 3.628935254920816589e-06
4.033290000000000219e+01 3.354361504045164780e-06 3.272294968088321770e-06 3.294671392019504596e-06
4.140460000000000207e+01 3.137505871262267069e-06 3.063728521138373427e-06 3.075140305391491416e-06
4.247630000000000194e+01 2.802249722319791135e-06 2.984267663434790555e-06 2.912190893637988329e-06
4.354789999999999850e+01 2.709523345114672528e-06 2.695957411027255707e-06 2.697296646751465081e-06
4.461959999999999837e+01 2.505224449269380434e-06 2.548465139615868443e-06 2.548824829606789227e-06
4.569129999999999825e+01 2.319017585313349142e-06 2.395538536337946034e-06 2.411613808027822944e-06
4.676290000000000191e+01 2.244180098694271886e-06 2.226391045839671806e-06 2.218806934317732431e-06
4.783460000000000178e+01 2.054601081487868311e-06 2.114182574820555243e-06 2.121186788296266766e-06
4.890630000000000166e+01 1.955947349838502803e-06 1.973826310497587382e-06 1.985148310731913515e-06
5.023669999999999902e+01 1.834841726131291535e-06 1.840398477770087280e-06 1.838924028331426210e-06
5.166579999999999728e+01 1.677751569085911613e-06 1.718626464514226306e-06 1.662884831741298804e-06
5.309490000000000265e+01 1.604402385095920039e-06 1.576536385362004964e-06 1.594042551479518257e-06
5.452400000000000091e+01 1.423773469587037912e-06 1.524993618321852556e-06 1.497187408369098308e-06
5.595309999999999917e+01 1.423282289354800941e-06 1.378523974998323568e-06 1.371108732562293299e-06
5.738219999999999743e+01 1.255267901016734406e-06 1.325934557516587371e-06 1.313348323010285146e-06
5.881130000000000280e+01 1.199759229430372729e-06 1.233442927439062376e-06 1.219084436988532745e-06
6.024040000000000106e+01 1.133558524347553434e-06 1.139901240801405964e-06 1.137484346846061276e-06
6.166949999999999932e+01 1.055853383733922826e-06 1.078518660247414362e-06 1.075820631914315653e-06
6.309859999999999758e+01 9.869235586090754934e-07 1.008491838637230294e-06 1.010863605971951819e-06
6.452760000000000673e+01 9.261964652432916953e-07 9.532624000767382451e-07 9.475588389067320572e-07
6.607179999999999609e+01 8.573529927653687919e-07 8.930106288349558214e-07 8.884523820678525302e-07
6.797750000000000625e+01 8.032635667682379980e-07 8.305759446006081078e-07 8.336159362874219407e-07
6.988320000000000221e+01 7.544394174856666433e-07 7.336161667414590149e-07 7.706801934531837249e-07
7.178889999999999816e+01 6.747145390977242944e-07 7.275785612119471008e-07 7.313581309557922408e-07
7.369469999999999743e+01 6.602259102129636870e-07 6.652829289906405204e-07 6.712976677392262366e-07
7.560039999999999338e+01 6.300581089335590412e-07 6.383468578399567572e-07 6.177284692450793135e-07
7.750610000000000355e+01 5.767632297059331910e-07 5.819892518484202499e-07 5.860422950599487427e-07
7.941179999999999950e+01 5.207863324056813765e-07 5.563469469911062782e-07 5.555629221051583908e-07
8.131749999999999545e+01 4.908808203543927839e-07 5.207269403358532708e-07 5.205357012814989565e-07
8.322329999999999472e+01 4.679062561309338071e-07 4.773661081485980166e-07 4.878232753918724395e-07
8.512900000000000489e+01 4.604627659900996772e-07 4.456091037360294977e-07 4.555270247222299557e-07
8.703470000000000084e+01 4.101223649960389284e-07 4.292972548984448867e-07 4.395645761076333529e-07
8.942260000000000275e+01 3.817509000240076363e-07 3.959908800908257053e-07 3.998679110352313684e-07
9.196389999999999532e+01 3.616959295185961525e-07 3.675689454877483450e-07 3.654619743509827184e-07
9.450520000000000209e+01 3.243222924412066883e-07 3.323332501370598263e-07 3.472759964624252010e-07
9.704659999999999798e+01 3.028021681378878726e-07 3.254023504050819035e-07 3.302406528157710859e-07
9.958790000000000475e+01 2.911351136080080902e-07 2.992524160130447429e-07 2.985340944434366125e-07
1.021290000000000049e+02 2.752482474668844283e-07 2.801858656127848260e-07 2.797005639453145249e-07
1.046710000000000065e+02 2.559428877592565554e-07 2.623478041435068016e-07 2.627758440972367220e-07
1.072120000000000033e+02 2.388981117751491043e-07 2.420707131778372560e-07 2.497692206470138149e-07
1.097530000000000001e+02 2.252233821971246182e-07 2.310511511217288922e-07 2.284465018811465876e-07
1.122939999999999969e+02 2.095930800986065351e-07 2.147157932813126834e-07 2.175067258200808602e-07
1.148359999999999985e+02 1.968204269679655832e-07 1.950609189354528860e-07 2.100966011125973739e-07
1.176110000000000042e+02 1.838733182408290265e-07 1.921170178828733013e-07 1.869766744362977534e-07
1.210000000000000000e+02 1.738667685799106351e-07 1.613978417526151435e-07 1.876882097474743060e-07
1.243889999999999958e+02 1.623983346884930659e-07 1.617645262542532651e-07 1.619460173772536998e-07
1.277780000000000058e+02 1.484814483010392699e-07 1.560133815732383494e-07 1.479282252990666559e-07
1.311670000000000016e+02 1.394858762803758822e-07 1.494424803975217371e-07 1.326203586021024458e-07
1.345550000000000068e+02 1.260919914707187169e-07 1.367647531456536397e-07 1.301534830636277048e-07
1.379439999999999884e+02 1.160885772357384035e-07 1.236680711389484614e-07 1.273671580253131783e-07
1.413329999999999984e+02 1.080661020621072308e-07 1.149385079858312263e-07 1.200263909555210636e-07
1.447220000000000084e+02 1.024655121364293890e-07 1.089090912381925190e-07 1.064125100783354440e-07
1.481109999999999900e+02 9.727915026213321378e-08 1.017142486098580506e-07 1.011495947704023385e-07
1.515000000000000000e+02 8.797343368585385226e-08 9.557624964115459971e-08 9.772991012235837607e-08
1.548890000000000100e+02 8.486664308223864413e-08 9.020956496052865717e-08 8.848169635723272446e-08
1.591740000000000066e+02 8.066485982686655464e-08 8.212080407462228083e-08 8.205133201851122804e-08
1.636930000000000121e+02 7.287259337209103818e-08 7.813824126802415596e-08 7.617609895988483241e-08
1.682129999999999939e+02 6.625323665313391064e-08 7.088224596090437842e-08 7.379842106596173985e-08
1.727319999999999993e+02 6.114594348203042491e-08 6.643372276244389136e-08 6.873179887552571096e-08
1.772510000000000048e+02 5.884060061389092907e-08 6.164019655902162584e-08 6.227508562708745946e-08
1.817700000000000102e+02 5.343121114240851431e-08 5.999891878956021375e-08 5.688514830803129720e-08
1.862889999999999873e+02 5.088658701750236258e-08 5.257353894228066706e-08 5.540740604021698353e-08
1.908079999999999927e+02 4.754163351514668000e-08 5.027788654716248399e-08 5.040995793769085939e-08
1.953280000000000030e+02 4.425038940006478899e-08 4.767630827767966298e-08 4.661389744225556877e-08
1.998470000000000084e+02 4.169939021397541201e-08 4.240018745350934041e-08 4.540938969253239871e-08
2.043660000000000139e+02 3.845977254007640790e-08 4.177746607642244963e-08 4.083675122350115785e-08
2.093530000000000086e+02 3.654866149686993024e-08 3.763899282379545978e-08 3.878772693533462487e-08
2.153789999999999907e+02 3.354803442078602450e-08 3.638510175521872524e-08 3.466752686399526932e-08
2.214060000000000059e+02 3.064179190665294967e-08 3.293497013989496942e-08 3.339447956965148627e-08
2.274319999999999879e+02 2.819929169840186250e-08 3.151071321510847172e-08 3.031265093121103105e-08
2.334590000000000032e+02 2.627142036207483346e-08 2.800087596526032729e-08 2.936081567046150918e-08
2.394850000000000136e+02 2.387484267599772815e-08 2.564260715650538482e-08 2.821602320749690014e-08
2.455109999999999957e+02 2.268375753780149915e-08 2.380397629567630377e-08 2.591803479052220628e-08
2.515380000000000109e+02 2.119869012414972881e-08 2.269742474200031670e-08 2.354913449592098992e-08
2.575640000000000214e+02 1.948257178359869489e-08 2.183448426476089759e-08 2.156436227164041884e-08
2.635910000000000082e+02 1.916138646775909155e-08 1.979067202064504471e-08 1.967150925340507804e-08
2.696170000000000186e+02 1.663439223745757822e-08 1.876724922202336808e-08 1.934827014051906248e-08
2.756440000000000055e+02 1.584188804296707756e-08 1.734012226590103372e-08 1.794891735513189808e-08
2.833330000000000268e+02 1.519498522000476753e-08 1.589031544014916314e-08 1.624884114784607489e-08
2.913700000000000045e+02 1.348408250485021819e-08 1.482557152761881679e-08 1.547915636753096998e-08
2.994060000000000059e+02 1.326818153506391655e-08 1.360256788920919632e-08 1.364763732772689499e-08
3.074420000000000073e+02 1.118870285919750118e-08 1.249761058274233774e-08 1.390298339006016447e-08
3.154789999999999850e+02 1.131495134645727241e-08 1.199483469680823373e-08 1.172400749364098985e-08
3.235149999999999864e+02 1.032428275962679444e-08 1.101902520379925117e-08 1.104583977533020876e-08
3.315509999999999877e+02 9.072047727225806559e-09 1.040681781565200251e-08 1.061978123069069354e-08
3.395880000000000223e+02 9.214731671599735333e-09 9.312957164725231850e-09 9.479252595675039347e-09
3.476240000000000236e+02 8.080728239329550353e-09 9.026688187454318973e-09 8.692287439148426811e-09
3.556610000000000014e+02 7.078397230188505513e-09 8.517981704288390200e-09 8.677541961523106114e-09
3.636970000000000027e+02 7.295182825186460676e-09 7.605325452696581951e-09 7.701229930116960637e-09
3.726580000000000155e+02 6.705151976304319442e-09 7.023703345827444032e-09 7.277418917868240199e-09
3.833740000000000236e+02 5.502009518363390525e-09 6.755291261147484772e-09 7.135043276489127775e-09
3.940910000000000082e+02 5.687781667027279734e-09 6.054637911663593064e-09 6.181007725309130256e-09
4.048079999999999927e+02 5.425280214697551678e-09 5.572234911227667192e-09 5.586017340474783732e-09
4.155240000000000009e+02 4.357126929541103358e-09 5.462739982599774083e-09 5.524387331059124624e-09
4.262409999999999854e+02 4.228605121345530568e-09 4.880328179017274276e-09 5.124611019637196249e-09
4.369569999999999936e+02 4.440748236399909808e-09 4.333537485423506727e-09 4.424511702176585761e-09
4.476739999999999782e+02 3.856540426990567682e-09 4.230856609003390053e-09 4.160925804006044317e-09
4.583910000000000196e+02 3.171135717200684975e-09 4.097095738493026120e-09 4.096993960306290707e-09
4.691070000000000277e+02 3.128608351470507415e-09 3.653595494393163934e-09 3.783811826136330421e-09
4.798240000000000123e+02 3.299496632597035805e-09 3.195327976500899931e-09 3.323224038902065629e-09
4.905409999999999968e+02 3.031952668928553947e-09 3.156833471521023118e-09 2.939513403550423968e-09
5.043389999999999986e+02 2.408272683029738774e-09 3.039930148417306440e-09 2.971499416552956229e-09
5.186299999999999955e+02 2.162081194101121121e-09 2.766506490105131421e-09 2.827685424593747998e-09
5.329199999999999591e+02 2.344693415323509623e-09 2.359086676231707649e-09 2.462791662844784021e-09
5.472110000000000127e+02 2.267434453816395523e-09 2.171604178709896687e-09 2.181527980273708802e-09
5.615019999999999527e+02 1.863772217164048111e-09 2.234603799470051943e-09 2.023327754565900484e-09
5.757930000000000064e+02 1.526101399933012603e-09 1.948705168941727226e-09 2.190205254325261418e-09
5.900839999999999463e+02 1.459552066567334987e-09 1.828327274466560314e-09 1.953485007263299356e-09
6.043750000000000000e+02 1.585133955650500856e-09 1.498445497395113273e-09 1.776027934954386698e-09
6.186660000000000537e+02 1.605668155311609535e-09 1.436685127354977647e-09 1.461693486933413562e-09
6.329569999999999936e+02 1.338241614222647280e-09 1.417104669193463662e-09 1.418023486983889865e-09
6.472480000000000473e+02 1.077398507328605945e-09 1.428508128189057006e-09 1.368002758882337671e-09
6.633460000000000036e+02 9.299849733472168927e-10 1.314021235525396792e-09 1.337636891127386735e-09
6.824039999999999964e+02 9.864841044703180742e-10 1.128392489206048056e-09 1.181866528723634284e-09
7.014610000000000127e+02 1.043131027902927506e-09 9.798027903127035205e-10 1.014924734584369397e-09
7.205180000000000291e+02 9.484382088601577021e-10 9.274946368199561026e-10 9.260781793598866242e-10
7.395750000000000455e+02 7.591907755210519043e-10 9.199324866280430809e-10 9.047309174509054247e-10
7.586319999999999482e+02 6.126399044995146357e-10 8.824540898067722723e-10 8.937066752937133099e-10
7.776900000000000546e+02 5.696396175715501010e-10 8.163742100370544680e-10 8.215688948713955692e-10
7.967469999999999573e+02 5.889426365976655292e-10 7.034980842021244838e-10 7.488523990402104383e-10
8.158039999999999736e+02 6.306578269977618455e-10 6.198227862084274688e-10 6.424292182207285704e-10
8.348609999999999900e+02 6.144735158714206021e-10 5.576248552459480935e-10 5.752165436826315565e-10
8.539180000000000064e+02 5.531278349731664721e-10 5.327842234544270846e-10 5.311424950124066104e-10
8.729759999999999991e+02 4.634081146715955803e-10 5.243188636540111024e-10 5.094075435943935174e-10
8.977309999999999945e+02 3.608798592626885756e-10 5.138016225295712563e-10 5.003154703677404795e-10
9.231449999999999818e+02 3.006709833518777852e-10 4.862586361406476883e-10 4.793623338194747617e-10
9.485579999999999927e+02 2.974114532882461698e-10 4.280242544091933492e-10 4.391944063568314811e-10
9.739710000000000036e+02 3.193580639186750562e-10 3.665435328625821382e-10 3.879508236907430177e-10
9.993840000000000146e+02 3.369494060629343728e-10 3.152697831408554923e-10 3.378380185322103580e-10
1.024799999999999955e+03 3.292242779364350239e-10 2.869233774555083113e-10 2.963073339840567735e-10
1.050210000000000036e+03 2.962953873082520671e-10 2.719521218964219936e-10 2.747429815873261083e-10
1.075619999999999891e+03 2.472179082013794025e-10 2.691083868133273542e-10 2.618254717372933689e-10
1.101039999999999964e+03 1.968975823493387419e-10 2.699793946567318081e-10 2.516934071779295946e-10
1.126450000000000045e+03 1.577161081931986576e-10 2.601507316536240223e-10 2.452877988811774853e-10
1.151859999999999900e+03 1.356430214131402315e-10 2.374798352867585272e-10 2.399052048209013286e-10
1.180779999999999973e+03 1.293925987974187242e-10 2.155577555097128872e-10 2.196672882232684687e-10
1.214670000000000073e+03 1.402762663430974661e-10 1.835086131578165116e-10 1.946505468622861187e-10
1.248559999999999945e+03 1.505513644629957608e-10 1.556383107484015452e-10 1.703084017542027635e-10
1.282450000000000045e+03 1.527938983737222278e-10 1.371447726511982921e-10 1.478475062654795658e-10
1.316339999999999918e+03 1.443387217247574492e-10 1.274910559341155096e-10 1.315913410723270959e-10
1.350230000000000018e+03 1.265103971037562120e-10 1.208106271606221907e-10 1.241291009516216504e-10
1.384119999999999891e+03 1.066829580656933935e-10 1.206351393870766618e-10 1.149037105685125186e-10
1.418009999999999991e+03 8.327976052201900148e-11 1.183446287517226231e-10 1.134848620810490248e-10
1.451900000000000091e+03 6.993470627516998042e-11 1.158620846816393879e-10 1.050310889845506701e-10
1.485789999999999964e+03 5.506637731783756459e-11 1.012180445128174020e-10 1.118065990836650740e-10
1.519670000000000073e+03 4.816492962713034209e-11 9.510544125694459991e-11 1.039227586308051085e-10
1.553559999999999945e+03 4.705173042212223999e-11 8.780567698149977987e-11 9.276897268301800607e-11
1.597980000000000018e+03 4.915760084975605055e-11 7.516952581039070832e-11 8.475148486705328541e-11
1.643170000000000073e+03 5.364310429328658959e-11 6.743143542476740460e-11 7.076641320802604523e-11
1.688359999999999900e+03 5.514524664374761236e-11 5.878701836642777214e-11 6.225249830021662053e-11
1.733549999999999955e+03 5.529656467869705212e-11 4.997557946693954488e-11 5.666673515096342687e-11
1.778740000000000009e+03 5.316840883909260234e-11 4.626479324966316610e-11 4.950947035602024481e-11
1.823930000000000064e+03 4.885578058176300727e-11 4.410305805033087323e-11 4.393593042425013292e-11
1.869130000000000109e+03 4.341140864091955933e-11 4.388248961798777643e-11 3.884743763590068644e-11
1.914319999999999936e+03 3.705538991263266721e-11 4.399978812101390992e-11 3.507220595057343341e-11
1.959509999999999991e+03 3.075748898139276303e-11 3.743158108388958983e-11 3.874602146960380344e-11
2.004700000000000045e+03 2.656889708107818366e-11 3.220714809263892241e-11 3.959980130779331051e-11
2.049889999999999873e+03 2.143341165329216328e-11 4.151144190853551130e-11 2.770571487276754563e-11
2.101840000000000146e+03 1.647677446773003323e-11 3.516088598391341690e-11 3.162432519592376265e-11
2.162110000000000127e+03 1.337756917787571263e-11 3.104622230286452553e-11 3.190152307594376998e-11
2.222369999999999891e+03 1.213970135011062898e-11 2.415084466188114085e-11 3.374098816044784825e-11
2.282630000000000109e+03 1.251538153664398359e-11 2.354035836248363081e-11 2.815117969185207734e-11
2.342900000000000091e+03 1.111697485029928066e-11 2.730261309821028316e-11 2.064037354621356465e-11
2.403159999999999854e+03 1.085748536826769349e-11 1.816701245237212736e-11 2.525360910833842906e-11
2.463429999999999836e+03 1.151088555179050665e-11 2.060861913919939914e-11 1.778909451214698721e-11
2.523690000000000055e+03 1.137631175079316182e-11 1.478457385698820769e-11 1.969028916219717801e-11
2.583960000000000036e+03 1.121427782603463584e-11 1.531598544072299439e-11 1.569679697806391394e-11
2.644219999999999800e+03 1.156406439187681862e-11 1.330060870779674381e-11 1.397353092130923306e-11
2.704480000000000018e+03 1.124885540375954392e-11 1.129126956240154406e-11 1.314629111114987196e-11
2.764750000000000000e+03 1.087027531065819889e-11 1.032330707245338543e-11 1.166916898276754368e-11
2.844420000000000073e+03 1.050925549804399030e-11 9.195448265944406089e-12 1.038492175447751890e-11
2.924780000000000200e+03 1.002043600272962754e-11 8.649680658147588807e-12 8.904270628939740433e-12
3.005150000000000091e+03 9.373970094562114601e-12 7.589980742198320002e-12 8.328166159004342255e-12
3.085510000000000218e+03 8.508826373474469057e-12 7.007203312788732244e-12 7.700763008928485054e-12
3.165869999999999891e+03 7.761250896175717026e-12 6.798838332875135035e-12 6.732569574285089784e-12
3.246239999999999782e+03 7.047337390589176119e-12 6.447574309743970945e-12 6.098309424314628521e-12
3.326599999999999909e+03 6.275309792282197415e-12 6.024905795444047939e-12 5.702786439071811327e-12
3.406960000000000036e+03 5.518127743372620802e-12 5.651499821748536584e-12 5.378029719598629446e-12
3.487329999999999927e+03 4.811836416096641657e-12 5.311876423287356203e-12 5.069951894305798227e-12
3.567690000000000055e+03 4.192167468262650721e-12 4.995028949942963486e-12 4.796461181236207346e-12
3.648050000000000182e+03 3.650251015997314682e-12 4.686802175055482721e-12 4.512327082612789501e-12
3.741360000000000127e+03 3.103825885404135325e-12 4.401274579982131146e-12 4.279823338444745820e-12
3.848519999999999982e+03 2.553204922995136017e-12 4.139139111766479784e-12 4.102765519007695371e-12
3.955690000000000055e+03 2.109992827120622493e-12 3.882791504080147854e-12 3.885554810616622523e-12
4.062860000000000127e+03 1.772354553069658587e-12 3.627703931887205366e-12 3.677889584325654774e-12
4.170020000000000437e+03 1.520691259586506686e-12 3.375185388067237533e-12 3.435003381813444836e-12
4.277189999999999600e+03 1.351345568194908453e-12 3.180531585791413700e-12 3.118713099948934440e-12
4.384359999999999673e+03 1.219754925659378405e-12 3.043546937579483394e-12 2.765931093727764810e-12
4.491520000000000437e+03 1.044975819823325072e-12 2.841751691973506498e-12 2.563417301476006517e-12
4.598689999999999600e+03 8.429234435740181080e-13 2.520765624115677555e-12 2.571753462514477480e-12
4.705859999999999673e+03 7.614949506860211601e-13 2.286773337534247082e-12 2.405803275446903693e-12
4.813020000000000437e+03 7.729628658107938416e-13 2.191001978364825110e-12 2.041637075069425515e-12
4.920189999999999600e+03 6.671106374912713223e-13 1.937467624148825157e-12 2.000844663118928250e-12
5.063100000000000364e+03 6.037202259018275084e-13 1.714005642147407431e-12 1.897313891168055628e-12
5.206010000000000218e+03 5.863362205942328425e-13 1.580171668755138450e-12 1.695277402927277214e-12
5.348920000000000073e+03 6.034188185708702541e-13 1.478737190416207286e-12 1.459364041211812512e-12
5.491819999999999709e+03 5.895585362356364886e-13 1.285202078672202295e-12 1.375590813117200191e-12
5.634729999999999563e+03 5.515118864405035301e-13 1.133438003134391432e-12 1.294185370899311605e-12
5.777640000000000327e+03 5.538193014715659791e-13 1.073777721607206630e-12 1.113644963360800502e-12
5.920550000000000182e+03 5.446987733086570676e-13 9.227885349086488382e-13 1.051092266404478699e-12
6.063460000000000036e+03 5.227281919690123900e-13 8.521147597948450641e-13 9.400239858580405739e-13
6.206369999999999891e+03 5.147339174402225172e-13 7.552496309167613511e-13 8.546394698859491798e-13
6.349279999999999745e+03 4.958246331449377492e-13 6.887670050205876593e-13 7.709744530705119423e-13
6.492189999999999600e+03 4.799129489259925179e-13 6.075684523298377201e-13 7.096951149894894166e-13
6.659750000000000000e+03 4.653019773344480571e-13 5.649789175268199611e-13 6.180014312827505870e-13
6.850319999999999709e+03 4.478905825199803356e-13 4.715042110731842955e-13 5.868054795599219979e-13
7.040890000000000327e+03 4.329463112495600748e-13 4.608466228072693746e-13 4.903769381970141969e-13
7.231470000000000255e+03 4.153888612444357655e-13 3.788916422480640732e-13 4.751837173508577463e-13
7.422039999999999964e+03 3.948779197239221602e-13 3.724328563673529600e-13 3.979645516065616098e-13
7.612609999999999673e+03 3.764632869955984222e-13 3.020009794603806958e-13 3.919485172518614202e-13
7.803180000000000291e+03 3.542748145979216979e-13 3.203982106487948368e-13 3.071657429846157564e-13
7.993750000000000000e+03 3.365584268215229273e-13 2.209962439706695327e-13 3.467801028879518384e-13
8.184329999999999927e+03 3.134813836210702945e-13 2.943364969559393838e-13 2.234311780109385504e-13
8.374899999999999636e+03 2.982053648538683956e-13 1.683051852168537926e-13 2.977868850760567789e-13
8.565469999999999345e+03 2.731838138069956356e-13 2.229388814884867301e-13 2.054838544556569885e-13
8.758229999999999563e+03 2.588312172339551626e-13 2.024327515874290647e-13 1.847073306167623448e-13
9.012370000000000800e+03 2.383923935597886726e-13 1.365775401054795618e-13 2.162864865496150884e-13
9.266500000000000000e+03 2.215881306549874875e-13 1.974570712520687032e-13 1.227447588081590978e-13
9.520629999999999200e+03 2.074747923718445890e-13 8.050543716905056666e-14 2.089859862600174697e-13
9.774760000000000218e+03 1.842737646339918689e-13 1.834920515971412997e-13 8.731022545163827911e-14
1.002889999999999964e+04 1.800024930088792060e-13 9.277889023151298742e-14 1.462139623304224767e-13
1.028300000000000000e+04 1.577435576491729774e-13 8.480518671248174141e-14 1.423241515303313548e-13
1.053720000000000073e+04 1.450652891173784290e-13 1.568548026699859175e-13 5.185961667380005084e-14
1.079129999999999927e+04 1.411627268200313393e-13 5.889593172410471525e-14 1.246025142654143679e-13
1.104539999999999964e+04 1.213994593568050645e-13 6.033697591627849511e-14 1.175251378718313675e-13
1.129960000000000036e+04 1.096734147126618693e-13 1.307165871300664643e-13 3.477106925656369640e-14
1.155370000000000073e+04 1.093232824516787928e-13 7.254972911620968329e-14 7.125780916275707586e-14
1.185460000000000036e+04 9.500735166334207312e-14 2.675090919476811671e-14 1.104861315520789406e-13
1.219350000000000000e+04 8.082077925047095621e-14 1.041529352306327863e-13 2.704518368976624782e-14
1.253239999999999964e+04 8.303257877455402636e-14 5.914943106098053892e-14 5.271065112606515994e-14
1.287129999999999927e+04 7.126701992539457379e-14 1.589679175697312866e-14 9.159160788067352167e-14
1.321010000000000036e+04 5.859699903747391117e-14 7.505321755747737514e-14 3.046870870325240161e-14
1.354900000000000000e+04 6.000779683719089822e-14 7.322741005768797808e-14 1.756225494733774832e-14
1.388789999999999964e+04 5.716664470302490836e-14 1.552324715693286351e-14 6.557801212025497999e-14
1.422679999999999927e+04 4.535367453759041017e-14 2.091535113930604689e-14 6.115132595513692296e-14
1.456570000000000073e+04 3.891921564722600589e-14 6.294367594363099304e-14 1.530887514556802055e-14
1.490460000000000036e+04 4.061692183233143915e-14 5.756867608454882403e-14 9.363691212083861562e-15
1.524350000000000000e+04 3.992929472841775878e-14 1.790847570204894575e-14 4.134263059450386421e-14
1.559020000000000073e+04 3.248767852996647229e-14 5.441645528276763722e-15 5.324769985455809143e-14
1.604210000000000036e+04 2.484741610125253843e-14 3.921631840047834247e-14 1.935922644632251453e-14
1.649400000000000000e+04 2.612955891563602968e-14 4.770051308175663897e-14 2.591980035785995327e-15
1.694590000000000146e+04 2.693712286832058027e-14 1.643518161349118467e-14 2.670858767225156445e-14
1.739779999999999927e+04 2.142837176858589231e-14 2.558854013240145810e-15 4.011228990563802051e-14
1.784979999999999927e+04 1.581188390199957244e-14 2.109037524908545957e-14 2.211531772622620008e-14
1.830170000000000073e+04 1.508261580403173842e-14 3.692517425624289657e-14 2.195669190412980702e-15
1.875359999999999854e+04 1.686027707390814871e-14 2.835359544811753324e-14 4.603612295224651273e-15
1.920550000000000000e+04 1.647220764951147730e-14 9.089333095902980638e-15 2.012311236906522516e-14
1.965740000000000146e+04 1.321318078421948892e-14 9.939788655307578827e-16 2.791055844526591945e-14
2.010929999999999927e+04 9.552802088131760989e-15 8.452403405330141468e-15 2.072592312501954953e-14
2.056129999999999927e+04 7.907455759789882247e-15 2.016373165130615928e-14 7.568368318352045767e-15
2.110150000000000000e+04 8.623063821820204483e-15 2.411179487099088305e-14 -2.030207400636319448e-16
2.170420000000000073e+04 9.831681548110077970e-15 1.391039627199785066e-14 6.131558604905965452e-15
2.230679999999999927e+04 8.815166334163986404e-15 2.466935446623225911e-15 1.606035886242469487e-14
2.290950000000000000e+04 6.293589630705001682e-15 1.343732606353361259e-15 1.741652664249674520e-14
2.351209999999999854e+04 4.344397897874738250e-15 8.352282280964726096e-15 1.028284680103766766e-14
2.411470000000000073e+04 3.967812754144177007e-15 1.468609666377346640e-14 2.366324520804939603e-15
2.471740000000000146e+04 4.657944073741407302e-15 1.499522295303071149e-14 -2.882805578580561953e-16
2.532000000000000000e+04 5.245386321296117889e-15 9.962056408071001448e-15 2.569877024201995806e-15
2.592270000000000073e+04 5.053674519018190730e-15 3.911429250835798005e-15 7.365054282391772677e-15
2.652529999999999927e+04 4.113045818197666624e-15 4.795165842535548376e-16 1.037150868692518331e-14
2.712800000000000000e+04 2.947067913183515595e-15 7.009988543093839904e-16 1.014020513098839306e-14
2.775140000000000146e+04 2.006003601521358487e-15 3.461576771199653442e-15 7.191849778302027727e-15
2.855500000000000000e+04 1.614051240309835416e-15 7.390399289391439245e-15 2.558895737402706832e-15
2.935870000000000073e+04 1.909991153149740048e-15 8.711652161408939373e-15 -4.719451833568450482e-17
3.016229999999999927e+04 2.338950597550606378e-15 6.964917255443763529e-15 3.328200560733375015e-16
3.096590000000000146e+04 2.491502093701596850e-15 3.858337689148233668e-15 2.510769443480480814e-15
3.176959999999999854e+04 2.224333847859708044e-15 1.206969259510012166e-15 4.682963534192006879e-15
3.257320000000000073e+04 1.696903580561615489e-15 8.474267598623908948e-17 5.656786679638220470e-15
3.337680000000000291e+04 1.138251627345570232e-15 4.816374806920473915e-16 5.178311094394614066e-15
3.418050000000000000e+04 7.399809473936679328e-16 1.749743438155879942e-15 3.771046051143604095e-15
3.498409999999999854e+04 5.577494930350843853e-16 3.096637878502234914e-15 2.085820787905001875e-15
3.578780000000000291e+04 5.669506165124683806e-16 3.966460801938841054e-15 7.333840692931072196e-16
3.659140000000000146e+04 6.824011630336036531e-16 4.122505445386720165e-15 8.136877887038783963e-18
3.756140000000000146e+04 8.620992025878291029e-16 3.585640713954791143e-15 -2.929777491087331442e-17
3.863309999999999854e+04 9.763483019747932604e-16 2.411664859338943375e-15 6.408694659363583667e-16
3.970469999999999709e+04 9.487993563625241772e-16 1.200417846249043193e-15 1.528615380940190480e-15
4.077640000000000146e+04 8.027851961146025294e-16 3.592702689708058842e-16 2.199109429999602865e-15
4.184800000000000000e+04 5.991842512744591546e-16 2.723584233380378558e-17 2.447931145706574935e-15
4.291969999999999709e+04 3.979875968277934523e-16 1.322302970808854257e-16 2.270545166853173765e-15
4.399140000000000146e+04 2.462976359147994037e-16 4.990354453829147117e-16 1.827579235665137685e-15
4.506300000000000000e+04 1.561376972053849356e-16 9.374824201536128712e-16 1.260984695806998173e-15
4.613469999999999709e+04 1.253475899193712375e-16 1.305196704971761333e-15 7.253674321982225032e-16
4.720640000000000146e+04 1.376149696323195980e-16 1.517343461571620058e-15 3.116938432828517974e-16
4.827800000000000000e+04 1.746130263958238609e-16 1.569814178398332908e-15 6.110593053186218963e-17
4.939900000000000000e+04 2.199599350895161298e-16 1.467925137131236576e-15 -3.673264484735336807e-17
5.082809999999999854e+04 2.711700569419914152e-16 1.207656311410035480e-15 2.446877104175221740e-17
5.225719999999999709e+04 2.943498303326952548e-16 8.620704168401807128e-16 2.057670143568146203e-16
5.368630000000000291e+04 2.911402132680589832e-16 5.358779484990725335e-16 4.218309996382032544e-16
5.511540000000000146e+04 2.618265138346840142e-16 2.719517402614143969e-16 6.041769796159768311e-16
5.654450000000000000e+04 2.177985199497343297e-16 9.989185223485373639e-17 7.202519773168936080e-16
5.797350000000000000e+04 1.684110032596408328e-16 1.769880796587724771e-17 7.612582534471706829e-16
5.940259999999999854e+04 1.206104823220443329e-16 8.298246552857678014e-18 7.321434731080128336e-16
6.083169999999999709e+04 8.091536255731812870e-17 4.858766152583139695e-17 6.598972250515243919e-16
6.226080000000000291e+04 5.015530496555802996e-17 1.153159445777819306e-16 5.546386609527066452e-16
6.368990000000000146e+04 2.918277183979784065e-17 1.886049440471578093e-16 4.366459605292924791e-16
6.511900000000000000e+04 1.733329009189482470e-17 2.570720828544783692e-16 3.254066234784838019e-16
6.686039999999999418e+04 1.254263792128859569e-17 3.239394735511453139e-16 2.083404061716694401e-16
6.876610000000000582e+04 1.553928252718236134e-17 3.695211920928477054e-16 1.095104606495887643e-16
7.067180000000000291e+04 2.321327318862755596e-17 3.835321927931519949e-16 4.264307006743524755e-17
7.257750000000000000e+04 3.241635544412454961e-17 3.706737486578744882e-16 5.566368371548716332e-18
7.448319999999999709e+04 4.070272356231552947e-17 3.362033167902598364e-16 -7.257393400208564404e-18
7.638900000000000000e+04 4.742850224361604531e-17 2.933648011804334842e-16 -2.745369967654180741e-18
7.829469999999999709e+04 5.131659233047380216e-17 2.432294265541925697e-16 1.260894407640986931e-17
8.020039999999999418e+04 5.263014889659321059e-17 1.933897964338723689e-16 3.316547345788531810e-17
8.210610000000000582e+04 5.141538046364384392e-17 1.467094795173567461e-16 5.442341245854980339e-17
8.401180000000000291e+04 4.883810224116174399e-17 1.073727306565812291e-16 7.420614879451996183e-17
8.591760000000000582e+04 4.468368052365822207e-17 7.431304872244261046e-17 8.994817904536384054e-17
8.793289999999999418e+04 3.968313794986763475e-17 4.743806229206903902e-17 1.022641120011941982e-16
9.047419999999999709e+04 3.363078680756864808e-17 2.425909939721418205e-17 1.132460747884390501e-16
9.301550000000000000e+04 2.718037323531644373e-17 9.880209056505799504e-18 1.164283618751819308e-16
9.555680000000000291e+04 2.141288145713754169e-17 2.721753060885896533e-18 1.152726215643783704e-16
9.809810000000000582e+04 1.610401655430848692e-17 6.938104707701465923e-19 1.088087221325802757e-16
1.006390000000000000e+05 1.165580717398612964e-17 2.136154735400872457e-18 9.968351978260205775e-17
