1.017789999999999928e+01 1.394128203940521709e-04 1.391262033236590932e-04 1.378363949091447052e-04
1.043200000000000038e+01 1.299806940946460427e-04 1.325120251878987717e-04 1.315133748376347126e-04
1.068609999999999971e+01 1.236054282423118035e-04 1.245566796432954506e-04 1.248043153449978422e-04
1.094030000000000058e+01 1.183293240439219697e-04 1.176757650424391493e-04 1.173811804717025573e-04
1.119439999999999991e+01 1.098669184212468990e-04 1.129122415676149841e-04 1.125146462140874632e-04
1.144849999999999923e+01 1.054809059719923726e-04 1.063571759388683851e-04 1.062771264753899068e-04
1.171439999999999948e+01 1.010819172473883035e-04 9.992761785492795335e-05 1.002849533254304964e-04
1.205320000000000036e+01 9.664053873877694739e-05 9.275946711910276797e-05 9.234757839003934266e-05
1.239209999999999923e+01 9.089275023343041651e-05 8.662669842975617544e-05 8.635365260358893072e-05
1.273099999999999987e+01 8.736712002881561411e-05 8.019080447485648461e-05 7.995096550515398172e-05
1.306990000000000052e+01 7.965927031895545646e-05 7.638111909359823661e-05 7.613060476094781327e-05
1.340879999999999939e+01 7.164642720261141890e-05 7.321373435201347559e-05 7.356466345818050013e-05
1.374770000000000003e+01 7.097704592380624298e-05 6.738030199650722383e-05 6.713738244779654031e-05
1.408660000000000068e+01 6.548670163963697796e-05 6.406807118825797657e-05 6.418869487427177295e-05
1.442549999999999955e+01 6.079800881871380829e-05 6.095140356168495091e-05 6.100324439582493303e-05
1.476440000000000019e+01 5.959453328196612492e-05 5.681914018809420533e-05 5.616857523915186627e-05
1.510330000000000084e+01 5.367109458396141257e-05 5.463149961538722819e-05 5.478403673757234428e-05
1.544209999999999994e+01 5.016016838198377202e-05 5.192986006660273889e-05 5.216608035164075474e-05
1.585510000000000019e+01 4.794466076914609848e-05 4.829954528016039303e-05 4.823085064510530286e-05
1.630699999999999861e+01 4.278737722443352252e-05 4.574479774523464517e-05 4.638290143258367210e-05
1.675890000000000057e+01 4.126501433474514776e-05 4.231958876928834093e-05 4.246846754227800579e-05
1.721079999999999899e+01 3.899160106779019883e-05 3.940997791418609966e-05 3.954212904054073979e-05
1.766280000000000072e+01 3.479145457104168267e-05 3.761421275264180734e-05 3.809965075025752927e-05
1.811469999999999914e+01 3.386228496635539223e-05 3.494778815048806610e-05 3.483716354383746100e-05
1.856660000000000110e+01 3.204849909073664312e-05 3.260050937725572715e-05 3.265386560121190401e-05
1.901849999999999952e+01 3.019239449636102187e-05 3.049457906808228597e-05 3.072863967928712094e-05
1.947040000000000148e+01 2.793789820871236747e-05 2.891982930307424981e-05 2.916069117652577827e-05
1.992229999999999990e+01 2.603665417004312973e-05 2.736069097311602722e-05 2.760151036610050855e-05
2.037430000000000163e+01 2.470473162001015583e-05 2.570367167208669108e-05 2.592804454630732324e-05
2.085219999999999985e+01 2.363817451747494058e-05 2.405826311535817788e-05 2.410997110818686838e-05
2.145479999999999876e+01 2.141398456129046674e-05 2.269165200685476690e-05 2.268344076068715717e-05
2.205750000000000099e+01 2.019896751830344212e-05 2.098571624443702383e-05 2.112315090198200185e-05
2.266009999999999991e+01 1.874840825762380390e-05 1.957072516756297199e-05 1.973573669944316512e-05
2.326269999999999882e+01 1.804236314386352221e-05 1.811349285648419178e-05 1.818162252167788764e-05
2.386540000000000106e+01 1.631059489516175530e-05 1.726078938638854186e-05 1.726378107594492015e-05
2.446799999999999997e+01 1.547205234547162952e-05 1.596654758543210927e-05 1.617373161702839642e-05
2.507069999999999865e+01 1.459824743898765458e-05 1.496342373060564556e-05 1.506144377061913924e-05
2.567330000000000112e+01 1.388459824711567771e-05 1.396247939308258470e-05 1.401410466939556195e-05
2.627590000000000003e+01 1.300311612467955474e-05 1.313363417849972744e-05 1.319703075337172473e-05
2.687859999999999872e+01 1.177104581282154000e-05 1.259130485319558983e-05 1.260942050017464227e-05
2.748120000000000118e+01 1.117041114277902869e-05 1.168205534694709373e-05 1.190681483534396801e-05
2.822250000000000014e+01 1.060922178230517880e-05 1.089686101326806024e-05 1.087187596132478163e-05
2.902609999999999957e+01 1.002648727634529940e-05 1.009823276546582778e-05 1.008341614026692421e-05
2.982979999999999876e+01 8.857987276747934059e-06 9.572178979528466077e-06 9.691642520200766889e-06
3.063340000000000174e+01 8.329406376273402411e-06 8.778386937697524894e-06 9.079468670688967406e-06
3.143700000000000117e+01 7.976054512362735843e-06 8.241669256415299065e-06 8.282196159635748438e-06
3.224069999999999681e+01 7.706577694968200817e-06 7.627224286765329643e-06 7.592108425663579247e-06
3.304429999999999978e+01 6.896770223922927798e-06 7.334388225905386304e-06 7.133067355894581778e-06
3.384790000000000276e+01 6.701389121394239352e-06 6.714217616396679479e-06 6.665729027649078731e-06
3.465160000000000196e+01 6.176910116075024201e-06 6.320533296911002950e-06 6.327194593821318230e-06
3.545519999999999783e+01 5.683982593807313861e-06 5.891661943463052978e-06 5.994833413038203462e-06
3.625880000000000081e+01 5.482226478934370003e-06 5.551742828404684036e-06 5.547471917732365355e-06
3.711789999999999878e+01 4.998411212836732059e-06 5.252111278874329128e-06 5.292095325065238897e-06
3.818959999999999866e+01 4.759329892786128651e-06 4.848149738740812489e-06 4.841291375896657511e-06
3.926129999999999853e+01 4.230317529585040920e-06 4.609145808925088506e-06 4.601965031892427178e-06
4.033290000000000219e+01 4.206068450688706354e-06 4.148603864903921386e-06 4.172371685409363985e-06
4.140460000000000207e+01 3.920277529903886314e-06 3.869743236635008862e-06 3.893664154938409883e-06
4.247630000000000194e+01 3.497585407638434443e-06 3.728230233559233199e-06 3.681789594605331036e-06
4.354789999999999850e+01 3.374646688501553840e-06 3.383649529709596855e-06 3.431389974653559751e-06
4.461959999999999837e+01 3.113372768154150700e-06 3.212507143865703589e-06 3.217241304198978409e-06
4.569129999999999825e+01 2.891612598454725553e-06 3.010190584061901735e-06 3.032955035993899630e-06
4.676290000000000191e+01 2.789128821266670482e-06 2.797614921426566989e-06 2.791841644596245946e-06
4.783460000000000178e+01 2.538771008711123988e-06 2.657252017542547750e-06 2.664434272436971250e-06
4.890630000000000166e+01 2.413999599883500698e-06 2.483958325517551294e-06 2.482387880141342927e-06
5.023669999999999902e+01 2.269768842791931876e-06 2.300119007558703597e-06 2.288780910682414639e-06
5.166579999999999728e+01 2.064297079089269617e-06 2.148576178805669621e-06 2.156599340297704092e-06
5.309490000000000265e+01 1.971072912575749955e-06 1.972434045414026419e-06 1.988873155774146455e-06
5.452400000000000091e+01 1.750964923572884985e-06 1.898671265006263998e-06 1.893437389751940103e-06
5.595309999999999917e+01 1.749946846971213129e-06 1.715184598536456393e-06 1.705699197910782956e-06
5.738219999999999743e+01 1.538670848347891578e-06 1.645526814904031305e-06 1.638965527181852354e-06
5.881130000000000280e+01 1.476624836176959016e-06 1.525308500262342571e-06 1.513629508569088506e-06
6.024040000000000106e+01 1.389532090309145784e-06 1.409926095892603686e-06 1.405988312802120213e-06
6.166949999999999932e+01 1.288115525025418919e-06 1.331883095062146056e-06 1.330316645316075343e-06
6.309859999999999758e+01 1.206096001209223894e-06 1.248319656198588694e-06 1.250044330805596492e-06
6.452760000000000673e+01 1.122548640842502267e-06 1.171102297791476340e-06 1.178142157222096621e-06
6.607179999999999609e+01 1.045963082008087616e-06 1.101953673856111844e-06 1.099256816400555159e-06
6.797750000000000625e+01 9.721263955408247227e-07 1.015915815169565587e-06 1.028929228320970160e-06
6.988320000000000221e+01 9.078352904888118306e-07 9.056907238683834528e-07 9.488088514462759825e-07
7.178889999999999816e+01 8.180323982017737734e-07 8.920034900409840606e-07 8.946339779379621311e-07
7.369469999999999743e+01 7.984221579760981778e-07 8.309966527869907997e-07 8.492104303873085583e-07
7.560039999999999338e+01 7.521467916151551117e-07 7.672074132550074594e-07 7.544933165545917913e-07
7.750610000000000355e+01 6.947112596891316785e-07 7.068186324197494927e-07 7.133784518639510460e-07
7.941179999999999950e+01 6.220269144164638070e-07 6.780003739535071984e-07 6.751947890737620188e-07
8.131749999999999545e+01 5.867825092313336048e-07 6.253127262796256609e-07 6.342035936613942535e-07
8.322329999999999472e+01 5.586589444624306316e-07 5.794070194317110518e-07 5.881382997894802826e-07
8.512900000000000489e+01 5.484517931128839321e-07 5.388324201494097350e-07 5.501809713352320782e-07
8.703470000000000084e+01 4.868466280444644576e-07 5.168501120863611055e-07 5.151770770567978169e-07
8.942260000000000275e+01 4.524197002157512504e-07 4.753926078213819882e-07 4.812212241274718512e-07
9.196389999999999532e+01 4.282567827892460547e-07 4.465458625482773423e-07 4.380767564643419802e-07
9.450520000000000209e+01 3.827871593531331902e-07 3.861242373107161794e-07 4.162290780450260011e-07
9.704659999999999798e+01 3.554890070530668921e-07 3.829619978836927192e-07 3.968327240032987916e-07
9.958790000000000475e+01 3.421251228641313070e-07 3.584910726679837879e-07 3.548670898304753349e-07
1.021290000000000049e+02 3.238254899443732357e-07 3.324077227685416781e-07 3.339058907445193789e-07
1.046710000000000065e+02 3.009548907698940888e-07 3.105033016836009488e-07 3.111792808977044632e-07
1.072120000000000033e+02 2.804522901222157324e-07 2.859579105015537148e-07 2.949966930874086146e-07
1.097530000000000001e+02 2.640879491765480854e-07 2.808226415899056082e-07 2.592626483182753601e-07
1.122939999999999969e+02 2.449339347788940041e-07 2.525619746580135153e-07 2.561775601630925922e-07
1.148359999999999985e+02 2.290291206556011363e-07 2.320408015048654112e-07 2.453013502277162645e-07
1.176110000000000042e+02 2.131345438585956011e-07 2.250087878638531108e-07 2.259371590508561108e-07
1.210000000000000000e+02 2.019905648096505033e-07 1.881004051559050797e-07 2.199245914744445191e-07
1.243889999999999958e+02 1.884380407775279606e-07 1.883044619527036108e-07 1.892155667097685109e-07
1.277780000000000058e+02 1.718412405941325273e-07 1.815095864255450604e-07 1.723474852642115069e-07
1.311670000000000016e+02 1.608055646124455024e-07 1.735839370263669553e-07 1.544335595611875775e-07
1.345550000000000068e+02 1.442901129611481769e-07 1.590330022543210859e-07 1.514407719845308551e-07
1.379439999999999884e+02 1.319553382645936652e-07 1.438861835493179898e-07 1.481991890027308737e-07
1.413329999999999984e+02 1.227062466002874382e-07 1.331231870024380887e-07 1.393278607172745509e-07
1.447220000000000084e+02 1.174885365611605436e-07 1.255798621981536097e-07 1.225900552512790229e-07
1.481109999999999900e+02 1.107950609119185957e-07 1.169282598043039332e-07 1.163410935647529203e-07
1.515000000000000000e+02 9.903530090265825214e-08 1.098869196658454602e-07 1.126346811114963332e-07
1.548890000000000100e+02 9.597342435419642022e-08 1.033094788887201790e-07 1.012619567570834576e-07
1.591740000000000066e+02 9.135528906804151072e-08 9.359031580164657683e-08 9.369100281031196031e-08
1.636930000000000121e+02 8.207926935431235952e-08 8.899230220491121031e-08 8.699395644077645458e-08
1.682129999999999939e+02 7.409293113375146708e-08 8.076500339807145158e-08 8.428012696417711889e-08
1.727319999999999993e+02 6.837612672812422220e-08 7.551438587565460485e-08 7.822026091622120413e-08
1.772510000000000048e+02 6.593802146785196610e-08 6.979282848911611129e-08 7.060942996303195369e-08
1.817700000000000102e+02 5.951063083646861717e-08 6.797005103742867090e-08 6.439417076610274296e-08
1.862889999999999873e+02 5.666159504487816932e-08 5.928426116184006778e-08 6.262588763328178234e-08
1.908079999999999927e+02 5.284311688154887416e-08 5.659573017487824294e-08 5.678178574357291470e-08
1.953280000000000030e+02 4.900802241116296618e-08 5.353242395248895122e-08 5.243183147634811387e-08
1.998470000000000084e+02 4.609817837265646377e-08 4.749049646571332211e-08 5.090403780163022662e-08
2.043660000000000139e+02 4.241335204744029413e-08 4.665368515503747381e-08 4.566971857431556316e-08
2.093530000000000086e+02 4.018442123260107355e-08 4.196053051156968777e-08 4.325733290382924742e-08
2.153789999999999907e+02 3.686925918032093718e-08 4.041851933093224707e-08 3.861349356874682177e-08
2.214060000000000059e+02 3.355369972332119514e-08 3.655665986875784834e-08 3.713955488792097179e-08
2.274319999999999879e+02 3.083599284557788005e-08 3.494162384845366477e-08 3.359739217255694212e-08
2.334590000000000032e+02 2.866772300484405906e-08 3.093899418897548050e-08 3.253106986506173989e-08
2.394850000000000136e+02 2.598414109048963972e-08 2.830133113247106207e-08 3.117534753703931099e-08
2.455109999999999957e+02 2.463855516241365772e-08 2.619287999997522080e-08 2.859966315761113597e-08
2.515380000000000109e+02 2.303706719837784720e-08 2.490744363213635896e-08 2.578682169681186953e-08
2.575640000000000214e+02 2.100976837291344789e-08 2.397566202172727576e-08 2.367894784535929233e-08
2.635910000000000082e+02 2.078885913866243985e-08 2.156266800185817784e-08 2.144476648393281513e-08
2.696170000000000186e+02 1.782506720146100350e-08 2.047323206674605257e-08 2.118490345179295428e-08
2.756440000000000055e+02 1.701272433215099634e-08 1.882502389429907204e-08 1.956279903754994000e-08
2.833330000000000268e+02 1.631092723774690451e-08 1.724914932131972077e-08 1.763383823293337783e-08
2.913700000000000045e+02 1.439020906922681058e-08 1.607522499146054033e-08 1.681502201931265469e-08
2.994060000000000059e+02 1.425628460968754904e-08 1.467110518651891306e-08 1.474584437179354827e-08
3.074420000000000073e+02 1.185388400430735863e-08 1.351858814385123603e-08 1.506995746784140812e-08
3.154789999999999850e+02 1.211092249275256955e-08 1.289028219808420230e-08 1.262122601681232210e-08
3.235149999999999864e+02 1.098174264039730347e-08 1.185534288550395033e-08 1.187546638695881959e-08
3.315509999999999877e+02 9.577524377594205469e-09 1.118828897121584859e-08 1.143651477125819609e-08
3.395880000000000223e+02 9.818355867345271775e-09 9.938373424284607610e-09 1.013178234037012571e-08
3.476240000000000236e+02 8.547997549583398649e-09 9.651726308835412030e-09 9.272530105301892369e-09
3.556610000000000014e+02 7.391459446249313152e-09 9.107412630494393049e-09 9.284827187256299577e-09
3.636970000000000027e+02 7.696434995146881308e-09 8.062933829713117935e-09 8.187729575140006608e-09
3.726580000000000155e+02 7.071608027500365921e-09 7.433303714244968634e-09 7.704978549118538921e-09
3.833740000000000236e+02 5.701594402096955908e-09 7.177328879578484934e-09 7.592480750324562158e-09
3.940910000000000082e+02 5.963228597811565747e-09 6.391472214413152266e-09 6.537305859775285430e-09
4.048079999999999927e+02 5.702487388269425225e-09 5.868355311035829253e-09 5.881083647894748463e-09
4.155240000000000009e+02 4.500101011542532561e-09 5.778978273080784747e-09 5.841872853776684464e-09
4.262409999999999854e+02 4.381176148567820702e-09 5.135689115020833745e-09 5.411027440411347249e-09
4.369569999999999936e+02 4.653246341686285915e-09 4.529276074471040629e-09 4.634791671842676411e-09
4.476739999999999782e+02 4.009744855379567196e-09 4.434794096889190654e-09 4.353113015731244582e-09
4.583910000000000196e+02 3.249135034907748393e-09 4.301032049520400078e-09 4.300763051571854596e-09
4.691070000000000277e+02 3.216777861468263073e-09 3.814343943420342262e-09 3.962911923111396230e-09
4.798240000000000123e+02 3.425715174235283257e-09 3.309199605079774856e-09 3.457883884684942511e-09
4.905409999999999968e+02 3.142325492751579719e-09 3.270651253970647738e-09 3.041198405277773486e-09
5.043389999999999986e+02 2.457420108604171442e-09 3.161643746257651077e-09 3.089129161138179061e-09
5.186299999999999955e+02 2.198745430071363139e-09 2.872460517669041497e-09 2.940667912259596391e-09
5.329199999999999591e+02 2.415448319301545162e-09 2.430928963684289662e-09 2.546476017014166812e-09
5.472110000000000127e+02 2.338787415968117826e-09 2.236532911691040344e-09 2.244747493140843161e-09
5.615019999999999527e+02 1.900525403117539539e-09 2.309761175868428032e-09 2.086640166614034055e-09
5.757930000000000064e+02 1.540787207383962928e-09 1.979434776627204400e-09 2.264115062230414510e-09
5.900839999999999463e+02 1.480096025337583845e-09 1.878393596278249802e-09 2.015846501214452455e-09
6.043750000000000000e+02 1.622386434465667752e-09 1.529540598173461398e-09 1.822411068160871159e-09
6.186660000000000537e+02 1.644437412751876871e-09 1.466199292284983980e-09 1.491396563763140343e-09
6.329569999999999936e+02 1.359682381869425968e-09 1.448309936483888147e-09 1.448016219246686455e-09
6.472480000000000473e+02 1.082168004790251710e-09 1.462113754952105733e-09 1.398301248257643514e-09
6.633460000000000036e+02 9.292728223732401004e-10 1.342292114347066985e-09 1.367400324879693770e-09
6.824039999999999964e+02 9.948567396240002656e-10 1.146848557492267991e-09 1.204414013283732142e-09
7.014610000000000127e+02 1.058823069031172252e-09 9.915160110691523600e-10 1.026584006157679324e-09
7.205180000000000291e+02 9.616565566813763485e-10 9.388271952462774854e-10 9.372963431123469720e-10
7.395750000000000455e+02 7.630182240134283737e-10 9.337201687537052621e-10 9.170352955528666338e-10
7.586319999999999482e+02 6.095616266375889111e-10 8.964146859360765554e-10 9.074827785463349499e-10
7.776900000000000546e+02 5.661237578542979418e-10 8.274144475803158779e-10 8.339152848053865675e-10
7.967469999999999573e+02 5.887527622241680535e-10 7.105512058075548048e-10 7.575186696482773814e-10
8.158039999999999736e+02 6.342495467187108066e-10 6.228946205745718658e-10 6.473814975055717786e-10
8.348609999999999900e+02 6.187899665129350948e-10 5.588899103858614882e-10 5.776151146212036719e-10
8.539180000000000064e+02 5.554296649500733125e-10 5.340165355583013712e-10 5.323115722116257306e-10
8.729759999999999991e+02 4.624005881218174712e-10 5.260055026251251294e-10 5.104393794930576840e-10
8.977309999999999945e+02 3.568315273396132239e-10 5.163467607574505501e-10 5.021907578229364948e-10
9.231449999999999818e+02 2.956256970685429081e-10 4.884193040302600413e-10 4.815601968611971994e-10
9.485579999999999927e+02 2.935613770363670268e-10 4.287259523411830691e-10 4.407236981231479160e-10
9.739710000000000036e+02 3.173232724190667310e-10 3.658042927905279186e-10 3.882702881344055327e-10
9.993840000000000146e+02 3.361572667311210756e-10 3.136709951788946097e-10 3.370330534339844408e-10
1.024799999999999955e+03 3.285783525668022467e-10 2.852127111854634165e-10 2.948121438877344635e-10
1.050210000000000036e+03 2.949799325089331970e-10 2.704651295381021560e-10 2.730922826329647532e-10
1.075619999999999891e+03 2.449395003904425665e-10 2.678391505326535622e-10 2.603908583249040168e-10
1.101039999999999964e+03 1.938198889294806199e-10 2.687828485983664971e-10 2.505138988561529341e-10
1.126450000000000045e+03 1.542659381255953255e-10 2.588453321981456454e-10 2.441736168442591670e-10
1.151859999999999900e+03 1.321150345304608660e-10 2.359470049001174175e-10 2.385905957237512553e-10
1.180779999999999973e+03 1.262967644497681221e-10 2.137159457454441480e-10 2.182419990183878480e-10
1.214670000000000073e+03 1.377217837336893693e-10 1.816874398150818519e-10 1.928778709728288255e-10
1.248559999999999945e+03 1.484670975884902313e-10 1.536077841371316695e-10 1.684764709783781526e-10
1.282450000000000045e+03 1.509708566641616149e-10 1.351082642596525811e-10 1.459575304049858330e-10
1.316339999999999918e+03 1.426133862754313326e-10 1.255375052355496196e-10 1.296918528682191395e-10
1.350230000000000018e+03 1.247869159917972567e-10 1.189735144202494494e-10 1.222809839502733550e-10
1.384119999999999891e+03 1.049239354038961514e-10 1.188983389502952100e-10 1.131506566984048462e-10
1.418009999999999991e+03 8.153254301443924172e-11 1.166962691164346730e-10 1.117865148689313648e-10
1.451900000000000091e+03 6.817327789808143625e-11 1.142524407766882989e-10 1.034461972215502820e-10
1.485789999999999964e+03 5.339595443172601662e-11 9.972760431942800815e-11 1.101483833958860103e-10
1.519670000000000073e+03 4.657995206592491874e-11 9.361296025602119140e-11 1.023097940933339590e-10
1.553559999999999945e+03 4.552317128446031372e-11 8.631258497526900232e-11 9.122868039979072856e-11
1.597980000000000018e+03 4.770489922147082178e-11 7.379213336107434901e-11 8.328492193041484628e-11
1.643170000000000073e+03 5.224520210212911763e-11 6.610668114040440465e-11 6.945416405413852162e-11
1.688359999999999900e+03 5.383925325613992772e-11 5.753223138784668390e-11 6.101802644377340059e-11
1.733549999999999955e+03 5.406743579866663664e-11 4.882346375111979918e-11 5.547211374207759099e-11
1.778740000000000009e+03 5.201668460206620415e-11 4.515668110959823146e-11 4.839506829211159403e-11
1.823930000000000064e+03 4.779117298204975008e-11 4.302446131911699433e-11 4.289529426807327389e-11
1.869130000000000109e+03 4.243324045724659058e-11 4.280480017807627786e-11 3.788780319038115893e-11
1.914319999999999936e+03 3.617125342226024063e-11 4.292312062866597373e-11 3.417700393713700153e-11
1.959509999999999991e+03 2.996450151617584309e-11 3.650159985055277092e-11 3.776050314418474773e-11
2.004700000000000045e+03 2.582911896900673953e-11 3.138316566576719598e-11 3.859495998248928413e-11
2.049889999999999873e+03 2.078106653075086258e-11 4.045817530617569015e-11 2.696805963804785841e-11
2.101840000000000146e+03 1.591660643749612374e-11 3.426340467688166935e-11 3.078061947074540850e-11
2.162110000000000127e+03 1.287912273974230541e-11 3.024962592118262801e-11 3.105196047867107963e-11
2.222369999999999891e+03 1.166639590511275864e-11 2.352240565632104045e-11 3.284103048596756930e-11
2.282630000000000109e+03 1.203593913273382733e-11 2.290515912281839960e-11 2.739792624925074927e-11
2.342900000000000091e+03 1.068677000171259235e-11 2.654746818256578922e-11 2.007531628336346323e-11
2.403159999999999854e+03 1.044278811529883981e-11 1.765450754286319984e-11 2.454085537232396112e-11
2.463429999999999836e+03 1.109140218812427521e-11 2.000036381036120496e-11 1.727829221096703232e-11
2.523690000000000055e+03 1.096894051164202691e-11 1.433522042195704347e-11 1.910374055028369049e-11
2.583960000000000036e+03 1.082093308981608853e-11 1.483372083891488437e-11 1.521357959399332464e-11
2.644219999999999800e+03 1.116367203062790362e-11 1.286507853356752794e-11 1.353073528642291135e-11
2.704480000000000018e+03 1.085920037730879501e-11 1.090927599743496286e-11 1.271449064676942981e-11
2.764750000000000000e+03 1.049122623190497595e-11 9.962753367145085696e-12 1.127210830156519288e-11
2.844420000000000073e+03 1.014268115600012745e-11 8.866480161798627675e-12 1.002238271972150799e-11
2.924780000000000200e+03 9.668468096519645663e-12 8.334021810460755737e-12 8.585810399434128867e-12
3.005150000000000091e+03 9.039884943499289427e-12 7.307931649110326948e-12 8.023845356404820837e-12
3.085510000000000218e+03 8.200408082752991308e-12 6.743442482293648902e-12 7.412464742224920293e-12
3.165869999999999891e+03 7.474196367268854276e-12 6.538670031402876815e-12 6.475604189942886479e-12
3.246239999999999782e+03 6.780070940315238880e-12 6.196444050226519165e-12 5.861803730990913397e-12
3.326599999999999909e+03 6.030678775257597297e-12 5.786358040384723797e-12 5.477849504568303088e-12
3.406960000000000036e+03 5.296731285574936776e-12 5.423943065769348330e-12 5.161909277774162785e-12
3.487329999999999927e+03 4.612995914285917169e-12 5.093954882419190220e-12 4.862117152052953892e-12
3.567690000000000055e+03 4.013675412531436191e-12 4.785748005604996769e-12 4.595552391426452598e-12
3.648050000000000182e+03 3.490154116824716305e-12 4.485961974946275195e-12 4.318730154545974420e-12
3.741360000000000127e+03 2.963656925665486753e-12 4.208822130333260175e-12 4.092457735102699337e-12
3.848519999999999982e+03 2.434535059987957717e-12 3.955044242111396307e-12 3.920186247156974920e-12
3.955690000000000055e+03 2.009208695349538630e-12 3.706906619716063623e-12 3.709428798385822457e-12
4.062860000000000127e+03 1.685510553247411796e-12 3.459991999023534719e-12 3.507784350842892915e-12
4.170020000000000437e+03 1.444473043834631869e-12 3.215751073632289289e-12 3.272694974517468458e-12
4.277189999999999600e+03 1.282304217219798777e-12 3.026879429499779122e-12 2.967897466817945861e-12
4.384359999999999673e+03 1.156296648750345892e-12 2.893034535585575328e-12 2.628853300263109207e-12
4.491520000000000437e+03 9.894114402796862693e-13 2.697692106198322409e-12 2.433224188684592511e-12
4.598689999999999600e+03 7.969589319009309189e-13 2.389519793630376458e-12 2.437869594131033357e-12
4.705859999999999673e+03 7.192078688847970210e-13 2.164405704050122257e-12 2.277146406700846948e-12
4.813020000000000437e+03 7.293932994611057367e-13 2.070461337400723796e-12 1.929235973499827650e-12
4.920189999999999600e+03 6.286215969306218521e-13 1.827642623798473284e-12 1.887460959573186058e-12
5.063100000000000364e+03 5.683613662816703290e-13 1.614754418603716347e-12 1.787535175733786667e-12
5.206010000000000218e+03 5.514702322995145878e-13 1.486680919171976019e-12 1.595007136025040689e-12
5.348920000000000073e+03 5.669250361023091744e-13 1.389308477784381013e-12 1.371042805638248831e-12
5.491819999999999709e+03 5.532019595824847319e-13 1.205662728971608042e-12 1.290409629351454433e-12
5.634729999999999563e+03 5.167814789525621842e-13 1.061606612690017301e-12 1.212143869554440754e-12
5.777640000000000327e+03 5.181296169642999385e-13 1.004079019380200290e-12 1.041256736973782351e-12
5.920550000000000182e+03 5.087215910264215895e-13 8.613668299218614435e-13 9.810248113966555125e-13
6.063460000000000036e+03 4.872993931583140395e-13 7.939081404813373813e-13 8.756971807842227792e-13
6.206369999999999891e+03 4.788698824547405897e-13 7.022744440735194414e-13 7.945442765541823112e-13
6.349279999999999745e+03 4.602689397692361281e-13 6.390842149514144167e-13 7.152140976094602303e-13
6.492189999999999600e+03 4.444387990886430432e-13 5.624610043403964891e-13 6.568404727091566430e-13
6.659750000000000000e+03 4.299948722608400262e-13 5.219901955233697062e-13 5.708171329164874638e-13
6.850319999999999709e+03 4.131548638713156012e-13 4.349207557022732102e-13 5.410874791590573810e-13
7.040890000000000327e+03 3.986047466624786524e-13 4.243154749766535204e-13 4.513692892316311397e-13
7.231470000000000255e+03 3.816635325151834302e-13 3.482452432481059281e-13 4.365387812745680105e-13
7.422039999999999964e+03 3.620547484357826529e-13 3.415857368001542852e-13 3.648960701044197418e-13
7.612609999999999673e+03 3.443865706712202204e-13 2.764617480889565790e-13 3.585803264765676368e-13
7.803180000000000291e+03 3.233307216627820875e-13 2.925667567532298255e-13 2.804264224807963057e-13
7.993750000000000000e+03 3.063738041491370525e-13 2.014031446832375742e-13 3.157646093770455299e-13
8.184329999999999927e+03 2.846125639559008869e-13 2.674114122097181964e-13 2.029800852818994703e-13
8.374899999999999636e+03 2.699621472686404508e-13 1.525711318654319904e-13 2.697151352269684692e-13
8.565469999999999345e+03 2.465581837443327154e-13 2.014295360428737079e-13 1.855728758886916486e-13
8.758229999999999563e+03 2.328568636325479729e-13 1.822712269466962544e-13 1.663278522114842606e-13
9.012370000000000800e+03 2.139979971258278560e-13 1.228209634267513943e-13 1.942690783565328337e-13
9.266500000000000000e+03 1.984802896697121575e-13 1.769962232661714970e-13 1.100995524488057995e-13
9.520629999999999200e+03 1.853842720009698592e-13 7.212070246195683199e-14 1.868538858568829120e-13
9.774760000000000218e+03 1.642575425355486057e-13 1.636917893621030912e-13 7.794771539160822357e-14
1.002889999999999964e+04 1.600194954767044849e-13 8.259261543214381693e-14 1.301161019307559228e-13
1.028300000000000000e+04 1.398359549617992558e-13 7.533513790288546904e-14 1.262459253388397024e-13
1.053720000000000073e+04 1.282294747154577955e-13 1.387145978535820283e-13 4.595676977170684252e-14
1.079129999999999927e+04 1.243760692772170724e-13 5.197849069065902243e-14 1.098843306469504807e-13
1.104539999999999964e+04 1.066010251086513964e-13 5.309949156021772468e-14 1.032474854715164827e-13
1.129960000000000036e+04 9.597045605086702618e-14 1.144154738493620505e-13 3.050877043155944200e-14
1.155370000000000073e+04 9.528737083148425630e-14 6.326553578870659836e-14 6.219108227589556185e-14
1.185460000000000036e+04 8.254453371971845118e-14 2.332600454564099598e-14 9.601624079399847153e-14
1.219350000000000000e+04 7.006010668848021038e-14 9.028800300472034101e-14 2.349557179883258661e-14
1.253239999999999964e+04 7.178135180426198279e-14 5.113709295592670400e-14 4.562472714621876393e-14
1.287129999999999927e+04 6.143664232850452632e-14 1.376258454699707756e-14 7.895449928446259709e-14
1.321010000000000036e+04 5.037953419846794145e-14 6.451828287234367492e-14 2.621311591641272464e-14
1.354900000000000000e+04 5.142992524632908385e-14 6.271648677753532224e-14 1.510173666327791560e-14
1.388789999999999964e+04 4.882506441684964987e-14 1.327731505277214899e-14 5.601073475641027861e-14
1.422679999999999927e+04 3.860537511791390967e-14 1.783102722209417905e-14 5.202084188084642440e-14
1.456570000000000073e+04 3.301343605570601493e-14 5.334460532867377229e-14 1.299640195107572620e-14
1.490460000000000036e+04 3.431051744322109195e-14 4.857282489963817888e-14 7.941783035936148029e-15
1.524350000000000000e+04 3.357673997373625251e-14 1.505374284215863999e-14 3.476128525579522675e-14
1.559020000000000073e+04 2.719912098918970961e-14 4.575082386156988909e-15 4.454115776314478944e-14
1.604210000000000036e+04 2.075829087911529226e-14 3.272301896962004275e-14 1.615691053430194565e-14
1.649400000000000000e+04 2.176615478047831439e-14 3.966736164526597928e-14 2.180175645034327927e-15
1.694590000000000146e+04 2.236561596863906573e-14 1.362864337344956322e-14 2.216684882682667397e-14
1.739779999999999927e+04 1.773927368278649668e-14 2.128862439418125941e-15 3.316162939578742374e-14
1.784979999999999927e+04 1.305452899865418173e-14 1.738580161743477966e-14 1.822110715595266047e-14
1.830170000000000073e+04 1.241023142269330075e-14 3.031032593546914935e-14 1.812767576818363547e-15
1.875359999999999854e+04 1.381440300186376835e-14 2.318101454391922421e-14 3.779750381250541618e-15
1.920550000000000000e+04 1.343899861384995786e-14 7.402466828593203384e-15 1.640073397206396329e-14
1.965740000000000146e+04 1.073597002621037373e-14 8.120336355046364309e-16 2.263846912063315534e-14
2.010929999999999927e+04 7.731269110505980968e-15 6.830294110959997229e-15 1.673143899538674907e-14
2.056129999999999927e+04 6.371129146203595066e-15 1.620052022516801157e-14 6.081370381668400171e-15
2.110150000000000000e+04 6.918970124086893967e-15 1.929444463012922366e-14 -1.569312272640410969e-16
2.170420000000000073e+04 7.861542125939799930e-15 1.109726734346590876e-14 4.899831571735822452e-15
2.230679999999999927e+04 7.026970399734574142e-15 1.962792905293466078e-15 1.278130632787442384e-14
2.290950000000000000e+04 5.003824247907175831e-15 1.068622268273671372e-15 1.381251795882470082e-14
2.351209999999999854e+04 3.446122532760477151e-15 6.603982523600249171e-15 8.126630995788820572e-15
2.411470000000000073e+04 3.136842824523333354e-15 1.156606407943060345e-14 1.864381882090043375e-15
2.471740000000000146e+04 3.665337189762344835e-15 1.176229581687287196e-14 -2.236294778212274073e-16
2.532000000000000000e+04 4.108043010828540453e-15 7.781556988354645914e-15 2.011048530340324138e-15
2.592270000000000073e+04 3.939698237744126835e-15 3.041714408664501355e-15 5.732096888205443170e-15
2.652529999999999927e+04 3.191961481752753118e-15 3.713950645707852003e-16 8.032506104646827714e-15
2.712800000000000000e+04 2.276854770346845809e-15 5.409973846812527566e-16 7.813373750041992948e-15
2.775140000000000146e+04 1.543280736347075220e-15 2.654764747634806965e-15 5.513279883312544823e-15
2.855500000000000000e+04 1.239158251526897202e-15 5.650536170590657640e-15 1.956118478927966626e-15
2.935870000000000073e+04 1.460779817791993588e-15 6.640370310809735158e-15 -3.560956683633277345e-17
3.016229999999999927e+04 1.781726742005438306e-15 5.292032957900428939e-15 2.537523003280463397e-16
3.096590000000000146e+04 1.890835404805678921e-15 2.921605842192971113e-15 1.902641718648892068e-15
3.176959999999999854e+04 1.682061717098836076e-15 9.105456068836343556e-16 3.535310621325924646e-15
3.257320000000000073e+04 1.278789571037428312e-15 6.365473218023229336e-17 4.254159246929808404e-15
3.337680000000000291e+04 8.549757342143135892e-16 3.609456689285675099e-16 3.878709247461971390e-15
3.418050000000000000e+04 5.540370351749182378e-16 1.305334465656246521e-15 2.812519640150589071e-15
3.498409999999999854e+04 4.159656094028405129e-16 2.299478090342553770e-15 1.548532214727000026e-15
3.578780000000000291e+04 4.204719413872381834e-16 2.931012631071933971e-15 5.417672888440406220e-16
3.659140000000000146e+04 5.028524980860384757e-16 3.030445337836790575e-15 5.908625002618443143e-18
3.756140000000000146e+04 6.323815526882119069e-16 2.625864488675361743e-15 -2.143692001388314745e-17
3.863309999999999854e+04 7.139348299265518875e-16 1.761141259142561668e-15 4.681520368160151471e-16
3.970469999999999709e+04 6.916418945285433812e-16 8.739453573756956169e-16 1.113259372705287230e-15
4.077640000000000146e+04 5.833683735050529186e-16 2.606488805299630273e-16 1.596505543523963145e-15
4.184800000000000000e+04 4.340192993722122918e-16 1.960386673128867364e-17 1.771205380136776535e-15
4.291969999999999709e+04 2.873427694922309382e-16 9.528347152438206431e-17 1.637041651507751792e-15
4.399140000000000146e+04 1.772230016166685642e-16 3.584203309107706354e-16 1.312656031734074278e-15
4.506300000000000000e+04 1.119354041225102907e-16 6.706502424891215265e-16 9.020208024447586994e-16
4.613469999999999709e+04 8.944648762838025451e-17 9.296851020223492779e-16 5.166035114316511109e-16
4.720640000000000146e+04 9.765644452679699604e-17 1.075802235623368773e-15 2.209175800739955378e-16
4.827800000000000000e+04 1.231914947531333142e-16 1.107432980809809291e-15 4.303294108968623885e-17
4.939900000000000000e+04 1.543434194132094985e-16 1.030404526878822833e-15 -2.585896636595410438e-17
5.082809999999999854e+04 1.897962928902119939e-16 8.455234492880413493e-16 1.706435790912539499e-17
5.225719999999999709e+04 2.054610148244106602e-16 6.019124039219950610e-16 1.436190947077614683e-16
5.368630000000000291e+04 2.026192811228535521e-16 3.730510680888961757e-16 2.936358931895829327e-16
5.511540000000000146e+04 1.816400730283902420e-16 1.887112524992837488e-16 4.192949702320482157e-16
5.654450000000000000e+04 1.505746660258092039e-16 6.905845338839629480e-17 4.982097774606475796e-16
5.797350000000000000e+04 1.159905023167637791e-16 1.215530229444513330e-17 5.247183873694412218e-16
5.940259999999999854e+04 8.271941558216773497e-17 5.653376572254302725e-18 5.027425388578038548e-16
6.083169999999999709e+04 5.522361567768160081e-17 3.318357404038067420e-17 4.512762116918404017e-16
6.226080000000000291e+04 3.402762935002222627e-17 7.847177158354294859e-17 3.776215835487349803e-16
6.368990000000000146e+04 1.964549596438916205e-17 1.277650618604530648e-16 2.958751496360034296e-16
6.511900000000000000e+04 1.154411211247279920e-17 1.732576661041509636e-16 2.193493640802187732e-16
6.686039999999999418e+04 8.286912643705077265e-18 2.175935618038047869e-16 1.399523008464357619e-16
6.876610000000000582e+04 1.028124822025817238e-17 2.476141897457606608e-16 7.337398814806772897e-17
7.067180000000000291e+04 1.538999030242368318e-17 2.563352966014939852e-16 2.848374513648896038e-17
7.257750000000000000e+04 2.148711438537143855e-17 2.470523495943701010e-16 3.688298575796431094e-18
7.448319999999999709e+04 2.693627276467820961e-17 2.234110122330968316e-16 -4.846783092899576755e-18
7.638900000000000000e+04 3.130879993676058126e-17 1.943146858779134314e-16 -1.844177429306457994e-18
7.829469999999999709e+04 3.377173955359057720e-17 1.605471791958958177e-16 8.296449212794058961e-18
8.020039999999999418e+04 3.451346734854925433e-17 1.271704868702383515e-16 2.178300194835191234e-17
8.210610000000000582e+04 3.358268355554405418e-17 9.608248714552080012e-17 3.561754670882219577e-17
8.401180000000000291e+04 3.175589784654851498e-17 7.000633617558855939e-17 4.835810421169849642e-17
8.591760000000000582e+04 2.890972090724430505e-17 4.821571751590702716e-17 5.833909102950089652e-17
8.793289999999999418e+04 2.554724844737043070e-17 3.063145628489919497e-17 6.601818999746813013e-17
9.047419999999999709e+04 2.159901956234828659e-17 1.562744795103917401e-17 7.295557530341120236e-17
9.301550000000000000e+04 1.740896272661975556e-17 6.345620700995122249e-18 7.483699509209465223e-17
9.555680000000000291e+04 1.367159525043109104e-17 1.737603511563946415e-18 7.391191224112046855e-17
9.809810000000000582e+04 1.024415921030574570e-17 4.348632565607157193e-19 6.958212229260417963e-17
1.006390000000000000e+05 7.381449669828429671e-18 1.352682024988854418e-18 6.356143405038354472e-17
