1.017789999999999928e+01 1.499537235775081647e-04 1.477730479385992940e-04 1.473711032242881757e-04
1.043200000000000038e+01 1.404751098795721151e-04 1.397676991831057049e-04 1.407409030705156498e-04
1.068609999999999971e+01 1.351728043248941495e-04 1.315510100292352968e-04 1.318250940434588037e-04
1.094030000000000058e+01 1.235464906413822987e-04 1.271475327776778043e-04 1.265050185746956918e-04
1.119439999999999991e+01 1.204116575323188723e-04 1.192403964818641350e-04 1.184493778469090111e-04
1.144849999999999923e+01 1.174374183506536736e-04 1.116302717527366332e-04 1.107925565706840369e-04
1.171439999999999948e+01 1.090731067768994195e-04 1.061560943529576349e-04 1.065494252713372148e-04
1.205320000000000036e+01 1.018683746005466214e-04 9.962736176432483617e-05 9.918670816089490997e-05
1.239209999999999923e+01 9.543432740156809074e-05 9.317701418357245396e-05 9.307895991922686190e-05
1.273099999999999987e+01 8.763718381986566170e-05 8.845751364473144053e-05 8.808573852836967919e-05
1.306990000000000052e+01 8.350946731817625150e-05 8.205482943282552003e-05 8.246762737755920032e-05
1.340879999999999939e+01 7.695937877987296552e-05 7.793239581320392088e-05 7.816578914329500266e-05
1.374770000000000003e+01 7.437946070401581721e-05 7.254402088788822287e-05 7.241761124112730118e-05
1.408660000000000068e+01 7.161604873118101002e-05 6.756023091038656592e-05 6.747125309953956845e-05
1.442549999999999955e+01 6.590985018462958806e-05 6.466460718993689611e-05 6.430148618279461867e-05
1.476440000000000019e+01 6.057304908145430501e-05 6.153226852354262775e-05 6.187474116301690274e-05
1.510330000000000084e+01 6.113740268957772227e-05 5.678029043174941885e-05 5.592850110959552052e-05
1.544209999999999994e+01 5.616100589858026229e-05 5.428211307268734171e-05 5.400392925203978216e-05
1.585510000000000019e+01 5.078881640336006538e-05 5.156247060529580648e-05 5.179692932763713283e-05
1.630699999999999861e+01 4.873731132942907214e-05 4.781347589417536264e-05 4.720972449083111908e-05
1.675890000000000057e+01 4.404437092907251912e-05 4.509694438569840293e-05 4.525491486551283884e-05
1.721079999999999899e+01 4.276297841999675715e-05 4.167080384101755212e-05 4.128402610551069050e-05
1.766280000000000072e+01 4.002126110749931200e-05 3.899833199748716818e-05 3.879814502007234323e-05
1.811469999999999914e+01 3.643837503403284691e-05 3.688053752700375554e-05 3.713033962739199746e-05
1.856660000000000110e+01 3.416723891726293347e-05 3.466219280020826769e-05 3.487566271045613330e-05
1.901849999999999952e+01 3.251154325035189000e-05 3.252733484213070927e-05 3.243222088780745889e-05
1.947040000000000148e+01 3.154490322781440873e-05 3.017948130725192085e-05 2.996084778733363967e-05
1.992229999999999990e+01 2.813699902363173716e-05 2.903573666303818954e-05 2.873394746793618042e-05
2.037430000000000163e+01 2.675268902626968206e-05 2.733069626074556210e-05 2.727922073084659935e-05
2.085219999999999985e+01 2.529831640584181163e-05 2.561215104947377259e-05 2.563393107757464863e-05
2.145479999999999876e+01 2.377335955724987709e-05 2.373483865830402765e-05 2.374702617796987158e-05
2.205750000000000099e+01 2.153225236854103603e-05 2.237638986654967869e-05 2.251762634400869992e-05
2.266009999999999991e+01 2.066548903118832961e-05 2.055083383503380747e-05 2.079300079636725712e-05
2.326269999999999882e+01 1.898113967910250273e-05 1.950445657604618808e-05 1.947136969719671506e-05
2.386540000000000106e+01 1.731807417743901133e-05 1.837657667095922990e-05 1.850539852199813338e-05
2.446799999999999997e+01 1.650360819963942225e-05 1.719704069129438732e-05 1.712611192865338288e-05
2.507069999999999865e+01 1.604527806763111206e-05 1.587514902774897610e-05 1.571619833833643649e-05
2.567330000000000112e+01 1.497912361058926999e-05 1.486814929823786284e-05 1.484338046582071036e-05
2.627590000000000003e+01 1.401241390432729810e-05 1.412247249387692469e-05 1.386517243641919343e-05
2.687859999999999872e+01 1.268437955212426015e-05 1.336703423977946798e-05 1.342141552537084313e-05
2.748120000000000118e+01 1.265647295278397558e-05 1.229442052587514025e-05 1.219009483706900120e-05
2.822250000000000014e+01 1.138596410300956960e-05 1.152989177555200783e-05 1.165936393747022744e-05
2.902609999999999957e+01 1.079519442198028773e-05 1.074250613723713935e-05 1.074658721513255097e-05
2.982979999999999876e+01 9.929719682254587628e-06 1.006465236922580615e-05 1.008180694306935174e-05
3.063340000000000174e+01 9.492997355187354620e-06 9.278252831095786147e-06 9.290390148974160171e-06
3.143700000000000117e+01 8.757572004033554680e-06 8.734843759737949311e-06 8.723269388003833144e-06
3.224069999999999681e+01 8.018756036862702600e-06 8.249545945353876466e-06 8.242676272361214009e-06
3.304429999999999978e+01 7.561600200527440254e-06 7.742015205447984444e-06 7.611914027727454847e-06
3.384790000000000276e+01 7.399639767891282160e-06 7.130272546305523394e-06 7.030617682001542078e-06
3.465160000000000196e+01 6.431165186355311756e-06 6.903402938982841247e-06 6.856419168504716633e-06
3.545519999999999783e+01 6.339019586639040091e-06 6.325168839257385529e-06 6.266490907566676265e-06
3.625880000000000081e+01 6.023662184569896965e-06 5.883941918765645278e-06 5.879653496590667077e-06
3.711789999999999878e+01 5.563899360983708073e-06 5.550258784747788241e-06 5.543219705865972965e-06
3.818959999999999866e+01 5.032308551721893437e-06 5.194780310798337605e-06 5.264271784497446219e-06
3.926129999999999853e+01 4.834593005129891004e-06 4.795378498729870928e-06 4.793524319598511524e-06
4.033290000000000219e+01 4.603748579616904049e-06 4.418427426886139697e-06 4.412965820252243904e-06
4.140460000000000207e+01 4.021406854487185219e-06 4.265701087880566883e-06 4.250350249407271489e-06
4.247630000000000194e+01 3.964984704258752197e-06 3.839670934437958886e-06 3.915201469811212289e-06
4.354789999999999850e+01 3.565739467593364927e-06 3.669929202940707225e-06 3.728279623701710296e-06
4.461959999999999837e+01 3.343377343375044710e-06 3.470169903012096500e-06 3.431596268299774607e-06
4.569129999999999825e+01 3.188295793832273313e-06 3.197700034717911051e-06 3.210706188006977882e-06
4.676290000000000191e+01 2.959578562891841368e-06 3.013039244056237320e-06 3.015909169574394126e-06
4.783460000000000178e+01 2.764096860350534394e-06 2.830750310897930759e-06 2.835097098357309020e-06
4.890630000000000166e+01 2.670978268715461066e-06 2.627725746594267158e-06 2.618305772993925573e-06
5.023669999999999902e+01 2.466818212828882972e-06 2.444547362965363154e-06 2.454467124478457285e-06
5.166579999999999728e+01 2.258892307619797119e-06 2.299235029367642641e-06 2.298977048223583765e-06
5.309490000000000265e+01 2.138273764657946015e-06 2.123629143596567667e-06 2.118420876876175792e-06
5.452400000000000091e+01 1.968699273862330895e-06 1.992767643182504521e-06 1.987768203549822014e-06
5.595309999999999917e+01 1.830645101672242948e-06 1.852324391501461398e-06 1.854357882413920738e-06
5.738219999999999743e+01 1.692484909547501019e-06 1.724890084742150174e-06 1.750084110341789803e-06
5.881130000000000280e+01 1.590617876238875265e-06 1.639991429529471301e-06 1.609592831221132934e-06
6.024040000000000106e+01 1.528167672368514261e-06 1.484623276354128899e-06 1.513562647070584449e-06
6.166949999999999932e+01 1.367069892181515617e-06 1.436091244155252778e-06 1.416362628793834476e-06
6.309859999999999758e+01 1.310950988332813969e-06 1.319457904464454004e-06 1.326119863051306955e-06
6.452760000000000673e+01 1.251888920019503855e-06 1.233345845716931100e-06 1.212037413164632584e-06
6.607179999999999609e+01 1.157045769999717206e-06 1.157173486338830409e-06 1.154942954566036662e-06
6.797750000000000625e+01 1.064598027107877144e-06 1.079577472604412878e-06 1.070659924595661595e-06
6.988320000000000221e+01 9.931321952531191415e-07 1.001813083786963073e-06 1.003266467837675780e-06
7.178889999999999816e+01 9.021379662626491248e-07 9.423158531345561351e-07 9.402129719415825273e-07
7.369469999999999743e+01 8.719641118630415698e-07 8.568235594365071119e-07 8.681779603341704796e-07
7.560039999999999338e+01 8.131839614450381532e-07 8.219290794983319785e-07 8.078088454792541245e-07
7.750610000000000355e+01 7.538268008092600490e-07 7.487479939412385256e-07 7.606327135684217321e-07
7.941179999999999950e+01 7.009051083110074529e-07 7.057276482177472876e-07 7.066395585176672212e-07
8.131749999999999545e+01 6.480961909861403572e-07 6.685041541463849400e-07 6.545955379206628300e-07
8.322329999999999472e+01 6.092008808489402983e-07 6.224776307481131889e-07 6.147542147108448284e-07
8.512900000000000489e+01 6.025779893937669270e-07 5.690682019554202744e-07 5.815939436175831748e-07
8.703470000000000084e+01 5.405816460235072579e-07 5.329047921386978661e-07 5.660466925032893292e-07
8.942260000000000275e+01 4.863063149460080470e-07 5.091192958026739699e-07 5.121472727544346643e-07
9.196389999999999532e+01 4.568611509478557210e-07 4.766072831398772954e-07 4.653235890511196920e-07
9.450520000000000209e+01 4.336154164141871293e-07 4.371688607668838678e-07 4.335302433246008921e-07
9.704659999999999798e+01 4.036805688943511406e-07 4.068881800804717578e-07 3.977325575795141740e-07
9.958790000000000475e+01 3.731741883501115899e-07 3.782873963019054768e-07 3.751743552558179913e-07
1.021290000000000049e+02 3.476772704917586860e-07 3.532486811238437308e-07 3.543189494662898489e-07
1.046710000000000065e+02 3.258657239566297881e-07 3.296467731484926950e-07 3.281344635269970634e-07
1.072120000000000033e+02 3.065269309461843079e-07 3.129149603094709587e-07 3.012720368902737916e-07
1.097530000000000001e+02 2.862895074752682971e-07 2.793431345565729602e-07 2.934656450689619003e-07
1.122939999999999969e+02 2.667085779025286504e-07 2.666158340258842846e-07 2.801630494478054456e-07
1.148359999999999985e+02 2.522828342309136122e-07 2.458233873976105711e-07 2.506162698828103702e-07
1.176110000000000042e+02 2.344748001399937436e-07 2.374245635717260369e-07 2.290961546882803167e-07
1.210000000000000000e+02 2.172058930434132197e-07 2.039540465345861926e-07 2.283612541488427048e-07
1.243889999999999958e+02 2.023124759842195097e-07 2.005504311682255419e-07 1.995173630759391961e-07
1.277780000000000058e+02 1.856031180894522137e-07 1.851531421645094446e-07 1.886005670314800061e-07
1.311670000000000016e+02 1.739508494252448462e-07 1.801994206954295074e-07 1.659806803304264010e-07
1.345550000000000068e+02 1.594474997264235506e-07 1.680660286936075798e-07 1.561756003799689612e-07
1.379439999999999884e+02 1.459095504024263291e-07 1.579563405876262262e-07 1.467863786099474688e-07
1.413329999999999984e+02 1.370162991763058186e-07 1.413867201880786474e-07 1.349876526842530397e-07
1.447220000000000084e+02 1.305772408724721944e-07 1.318540330240247111e-07 1.284515417701204170e-07
1.481109999999999900e+02 1.214268164056184692e-07 1.170256835264992357e-07 1.271536370879256811e-07
1.515000000000000000e+02 1.136396649405928872e-07 1.153669103908521777e-07 1.127364506685549946e-07
1.548890000000000100e+02 1.069189901250141977e-07 1.039734985977654253e-07 1.085351760772204223e-07
1.591740000000000066e+02 9.829398229762894888e-08 9.907486762330780188e-08 9.868969911906330431e-08
1.636930000000000121e+02 8.978748955203121971e-08 9.202490952946714575e-08 9.230254851850168052e-08
1.682129999999999939e+02 8.227476897661691072e-08 8.646017718589493426e-08 8.527263527748820340e-08
1.727319999999999993e+02 7.604013908302112627e-08 7.809451816484756436e-08 8.167515067213136057e-08
1.772510000000000048e+02 7.242129442732202543e-08 7.316102035848272212e-08 7.345268361419528065e-08
1.817700000000000102e+02 6.687537399152950019e-08 6.930999949788337196e-08 6.746980155058713950e-08
1.862889999999999873e+02 6.283393526586125647e-08 6.260091423931371239e-08 6.408534785482505071e-08
1.908079999999999927e+02 5.857341794622079824e-08 5.914076354649018652e-08 5.873317003522576613e-08
1.953280000000000030e+02 5.466239575607287184e-08 5.524844358636544490e-08 5.457211169756170128e-08
1.998470000000000084e+02 5.113768819652524015e-08 5.016636533152766446e-08 5.207444663194712516e-08
2.043660000000000139e+02 4.727218992998368986e-08 4.840183040109634297e-08 4.739053078891999508e-08
2.093530000000000086e+02 4.470511729566141945e-08 4.361933962719829155e-08 4.481677974114031198e-08
2.153789999999999907e+02 4.080924684427127310e-08 4.286136944817334890e-08 3.936985908355539886e-08
2.214060000000000059e+02 3.761674461340850501e-08 3.735180788414506444e-08 3.887923004644645688e-08
2.274319999999999879e+02 3.467069523912593615e-08 3.531741987177901721e-08 3.547572952243754308e-08
2.334590000000000032e+02 3.200115602995929718e-08 3.263598881426077073e-08 3.316009361177994250e-08
2.394850000000000136e+02 2.926901896561735607e-08 2.990864075757468525e-08 3.156298113280797004e-08
2.455109999999999957e+02 2.741620934327294558e-08 2.752758132309924420e-08 2.937903993362783571e-08
2.515380000000000109e+02 2.504870710372344676e-08 2.605012512527665777e-08 2.728878415499991990e-08
2.575640000000000214e+02 2.348045467441466193e-08 2.543027038472737747e-08 2.401214193285797052e-08
2.635910000000000082e+02 2.175860241416602929e-08 2.370754540027298312e-08 2.239289669756099434e-08
2.696170000000000186e+02 2.102944218849345570e-08 2.116336650768778519e-08 2.102211955981877165e-08
2.756440000000000055e+02 1.978318918824876777e-08 1.959062505355470640e-08 1.952934747579653544e-08
2.833330000000000268e+02 1.771181993901206169e-08 1.852832464065344535e-08 1.819762124273450319e-08
2.913700000000000045e+02 1.636958318413563520e-08 1.693466244511667791e-08 1.697965902674769674e-08
2.994060000000000059e+02 1.540548236992324927e-08 1.553445086556850622e-08 1.553761170690825203e-08
3.074420000000000073e+02 1.370570727789396683e-08 1.410588332156697083e-08 1.522691568293906492e-08
3.154789999999999850e+02 1.311362383085665921e-08 1.355268036909660976e-08 1.326264802514979589e-08
3.235149999999999864e+02 1.219175993848497387e-08 1.234260635691678783e-08 1.244094173179824382e-08
3.315509999999999877e+02 1.094012181120920204e-08 1.153593555746747390e-08 1.182580322492332867e-08
3.395880000000000223e+02 1.059751446712008260e-08 1.068747370102313024e-08 1.058164475185679231e-08
3.476240000000000236e+02 9.733977937037282495e-09 9.968270024908299540e-09 9.768615112340407510e-09
3.556610000000000014e+02 8.779888304974825339e-09 9.372961556554659351e-09 9.373926959270518326e-09
3.636970000000000027e+02 8.425538547054583335e-09 8.541765987257434379e-09 8.625842904848999088e-09
3.726580000000000155e+02 7.881075178149432234e-09 7.933452550249567138e-09 7.926185315601005673e-09
3.833740000000000236e+02 6.969577174354015127e-09 7.462757632705058006e-09 7.460957758620929652e-09
3.940910000000000082e+02 6.630139570110876909e-09 6.771935075518358280e-09 6.810959633090769072e-09
4.048079999999999927e+02 6.213498339000811467e-09 6.241927949538007986e-09 6.225881874581185003e-09
4.155240000000000009e+02 5.429935619451624229e-09 5.924668578273982451e-09 5.918583864194396599e-09
4.262409999999999854e+02 5.081760568558069398e-09 5.383008147317772808e-09 5.534118502924160239e-09
4.369569999999999936e+02 4.959868559450289216e-09 4.912050460608262912e-09 4.949120449541448815e-09
4.476739999999999782e+02 4.420473905092908576e-09 4.671425066259335029e-09 4.647514588247759099e-09
4.583910000000000196e+02 3.837305039673410574e-09 4.533048590972282879e-09 4.451699670460851085e-09
4.691070000000000277e+02 3.680924224710415074e-09 4.030468528627510812e-09 4.115495999526076041e-09
4.798240000000000123e+02 3.683356771241253859e-09 3.605555585640841827e-09 3.689605080773906504e-09
4.905409999999999968e+02 3.394284250930539413e-09 3.474295597850005521e-09 3.327501764387457289e-09
5.043389999999999986e+02 2.824164320115293372e-09 3.295270164256205548e-09 3.278731620740502515e-09
5.186299999999999955e+02 2.536008306396748656e-09 3.029404021303419533e-09 3.092003652739833119e-09
5.329199999999999591e+02 2.625618798616352559e-09 2.645527897368807351e-09 2.720551825966841623e-09
5.472110000000000127e+02 2.521954758021645436e-09 2.412100525296319811e-09 2.445764359618035728e-09
5.615019999999999527e+02 2.162709764612115115e-09 2.442032657405497916e-09 2.215993184526388577e-09
5.757930000000000064e+02 1.837924859327574888e-09 2.108412105337631066e-09 2.362722512294794750e-09
5.900839999999999463e+02 1.723617120927156227e-09 2.012512683540146552e-09 2.100952449042108125e-09
6.043750000000000000e+02 1.770669849943105278e-09 1.703863423420346216e-09 1.933238124862949880e-09
6.186660000000000537e+02 1.749716405864376282e-09 1.618973474216145986e-09 1.641623610942678721e-09
6.329569999999999936e+02 1.515539350823632132e-09 1.561703069285872768e-09 1.564956428705695566e-09
6.472480000000000473e+02 1.296131596288025185e-09 1.525550091983112742e-09 1.484183152412863005e-09
6.633460000000000036e+02 1.156105357792486619e-09 1.404419555867964317e-09 1.419548180109949760e-09
6.824039999999999964e+02 1.150134959169658531e-09 1.239008797611215999e-09 1.274015300139925730e-09
7.014610000000000127e+02 1.144516959282053340e-09 1.104786531421189885e-09 1.124057080499204289e-09
7.205180000000000291e+02 1.045909069928473644e-09 1.033979719078793741e-09 1.061756682719776429e-09
7.395750000000000455e+02 8.909722656863753786e-10 9.955204596117829141e-10 9.854431591733623024e-10
7.586319999999999482e+02 7.635739091193195440e-10 9.431018578312234172e-10 9.475003984654575502e-10
7.776900000000000546e+02 7.033503637961888846e-10 8.695845879237598965e-10 8.802491855475783908e-10
7.967469999999999573e+02 6.903097215732991393e-10 7.793639550483270186e-10 7.990826012584542793e-10
8.158039999999999736e+02 7.004081608691244976e-10 6.866530631234279806e-10 7.168785654533012078e-10
8.348609999999999900e+02 6.729480974772880926e-10 6.237298317393408431e-10 6.462782229174515415e-10
8.539180000000000064e+02 6.176258237574485533e-10 5.904575972127197031e-10 5.906522601604721694e-10
8.729759999999999991e+02 5.360880499933039268e-10 5.697730228958089836e-10 5.600511019592073527e-10
8.977309999999999945e+02 4.394915126073169294e-10 5.481941135792126336e-10 5.435558259979266613e-10
9.231449999999999818e+02 3.706217052241459426e-10 5.273580148898680098e-10 5.119118178496500966e-10
9.485579999999999927e+02 3.546485434303616552e-10 4.713189371671194166e-10 4.718770574670544311e-10
9.739710000000000036e+02 3.632113498567624543e-10 4.099872868987978014e-10 4.236521586665120462e-10
9.993840000000000146e+02 3.736252898923920628e-10 3.555365239129224683e-10 3.749211264729577051e-10
1.024799999999999955e+03 3.633538599993069483e-10 3.230895723171648324e-10 3.322062034982667641e-10
1.050210000000000036e+03 3.294366846922675843e-10 3.039545815850071475e-10 3.079932391902710344e-10
1.075619999999999891e+03 2.796206410742939647e-10 2.985082843278904171e-10 2.916529878508925408e-10
1.101039999999999964e+03 2.270000654771353776e-10 2.967304589402675359e-10 2.792959666175375464e-10
1.126450000000000045e+03 1.868751625016783892e-10 2.844403115956858793e-10 2.717114950601534287e-10
1.151859999999999900e+03 1.627614073177499099e-10 2.605653341289665753e-10 2.641038870176774435e-10
1.180779999999999973e+03 1.543738870891692499e-10 2.353916820922510877e-10 2.440490582970206141e-10
1.214670000000000073e+03 1.625906139594142377e-10 2.061847610067739187e-10 2.136296432785747304e-10
1.248559999999999945e+03 1.718294202693917268e-10 1.753641669343041629e-10 1.885386116304712810e-10
1.282450000000000045e+03 1.717731320438074500e-10 1.549974823203737608e-10 1.661497218976330878e-10
1.316339999999999918e+03 1.606930837516835721e-10 1.449197022378442544e-10 1.488619147814677911e-10
1.350230000000000018e+03 1.404674139952012674e-10 1.366223774745068960e-10 1.418968588646495207e-10
1.384119999999999891e+03 1.194694915436922964e-10 1.370403895526036540e-10 1.300235973343181592e-10
1.418009999999999991e+03 9.332830581775341579e-11 1.340395167415984272e-10 1.292035200361810803e-10
1.451900000000000091e+03 8.019387809607939260e-11 1.312078194550167711e-10 1.180613228376685692e-10
1.485789999999999964e+03 6.341739232194129812e-11 1.130868382193195118e-10 1.277577393501122595e-10
1.519670000000000073e+03 5.587758325601518405e-11 1.068758978025941424e-10 1.183235414093771461e-10
1.553559999999999945e+03 5.497628409222442876e-11 9.926856018984679678e-11 1.052660695927865922e-10
1.597980000000000018e+03 5.725510372655665171e-11 8.493637116025316235e-11 9.627403179276277883e-11
1.643170000000000073e+03 6.218460457897455601e-11 7.666620152048943167e-11 8.021032475737619104e-11
1.688359999999999900e+03 6.348589449091592552e-11 6.714352415156189210e-11 7.080823546364303861e-11
1.733549999999999955e+03 6.343997187885315614e-11 5.718850144857034528e-11 6.477059512654952245e-11
1.778740000000000009e+03 6.092828921234473787e-11 5.311024134760112782e-11 5.672924599843645915e-11
1.823930000000000064e+03 5.604284883916838269e-11 5.076433052926791505e-11 5.047575674270490468e-11
1.869130000000000109e+03 4.987347956300230200e-11 5.056427616150310247e-11 4.468684700235069085e-11
1.914319999999999936e+03 4.269776960067077592e-11 5.074019882427977605e-11 4.043164571540101696e-11
1.959509999999999991e+03 3.556438623914209279e-11 4.323938646145692037e-11 4.473176741526252542e-11
2.004700000000000045e+03 3.081773135095333269e-11 3.735221841271741728e-11 4.578745303254299869e-11
2.049889999999999873e+03 2.492293523165864893e-11 4.804883714469880043e-11 3.226992312801138543e-11
2.101840000000000146e+03 1.918202234635792824e-11 4.091867071761710948e-11 3.675995836983164980e-11
2.162110000000000127e+03 1.553095334048310579e-11 3.629538330766681466e-11 3.707590221560260629e-11
2.222369999999999891e+03 1.399097982325148006e-11 2.856624453143371129e-11 3.912636230610589369e-11
2.282630000000000109e+03 1.431169423613982063e-11 2.778652186119046332e-11 3.295152456037923244e-11
2.342900000000000091e+03 1.273225334433898865e-11 3.182766801475392893e-11 2.455846422762059700e-11
2.403159999999999854e+03 1.240988167490002038e-11 2.174093557393292603e-11 2.949480757337256761e-11
2.463429999999999836e+03 1.319248231696453415e-11 2.414653122874777643e-11 2.130457898071394829e-11
2.523690000000000055e+03 1.309012758552439695e-11 1.774475782672383871e-11 2.318745626525874841e-11
2.583960000000000036e+03 1.302581042613225845e-11 1.810926690116569405e-11 1.871802523492389991e-11
2.644219999999999800e+03 1.347675599872035779e-11 1.574375782402200020e-11 1.675838709185681883e-11
2.704480000000000018e+03 1.321420664466929813e-11 1.348100064030451505e-11 1.569371255828862645e-11
2.764750000000000000e+03 1.287533838170685454e-11 1.230884160176017653e-11 1.395566175499696348e-11
2.844420000000000073e+03 1.253628421473253905e-11 1.095281025762827920e-11 1.240176979798459166e-11
2.924780000000000200e+03 1.202296352083358972e-11 1.021904796279360933e-11 1.070012814501578173e-11
3.005150000000000091e+03 1.128467316036148732e-11 9.042952685337060721e-12 9.938809048476025535e-12
3.085510000000000218e+03 1.033063456010114450e-11 8.404342816018385796e-12 9.098196299990441006e-12
3.165869999999999891e+03 9.473057062199991070e-12 8.067483689701304901e-12 8.050606017210713904e-12
3.246239999999999782e+03 8.593615102638383732e-12 7.600728889939237114e-12 7.392712226034280286e-12
3.326599999999999909e+03 7.643979696517657406e-12 7.125085617329225998e-12 6.957751643982578160e-12
3.406960000000000036e+03 6.717621681034931998e-12 6.723357323698588635e-12 6.582427134163721103e-12
3.487329999999999927e+03 5.858759012060281009e-12 6.353513855700983163e-12 6.233654534507685437e-12
3.567690000000000055e+03 5.103849917654560899e-12 5.998126443204229399e-12 5.920091452735407223e-12
3.648050000000000182e+03 4.453879918742821699e-12 5.670610457007307144e-12 5.570892069234507803e-12
3.741360000000000127e+03 3.767105987183264744e-12 5.357820601112842497e-12 5.305723616637401721e-12
3.848519999999999982e+03 3.054532411072378039e-12 5.062106072260923760e-12 5.119883418646113653e-12
3.955690000000000055e+03 2.493418285494539695e-12 4.779225063785600231e-12 4.866464488615988635e-12
4.062860000000000127e+03 2.068882340451191101e-12 4.483143835118888323e-12 4.615620431986726437e-12
4.170020000000000437e+03 1.760759346081886858e-12 4.192880227944465643e-12 4.315308670529217793e-12
4.277189999999999600e+03 1.561798733637004488e-12 3.982953033882022915e-12 3.905436385071806770e-12
4.384359999999999673e+03 1.409229122393325026e-12 3.847273603212405671e-12 3.445758485947281406e-12
4.491520000000000437e+03 1.191289929335214234e-12 3.608805681866820241e-12 3.209328043458709134e-12
4.598689999999999600e+03 9.305313168232257710e-13 3.190124091825474521e-12 3.266430226333782265e-12
4.705859999999999673e+03 8.382213346257696170e-13 2.900764868030809305e-12 3.069551431445400619e-12
4.813020000000000437e+03 8.741754325234946414e-13 2.806002619872058441e-12 2.591544760873512100e-12
4.920189999999999600e+03 7.438085821347046295e-13 2.478563314647586433e-12 2.565293009461319294e-12
5.063100000000000364e+03 6.712488968196528744e-13 2.189253525564413647e-12 2.442936963082738596e-12
5.206010000000000218e+03 6.612977254633092115e-13 2.022965064570726898e-12 2.181109979640879226e-12
5.348920000000000073e+03 6.976059498421152103e-13 1.898830944546981086e-12 1.871779461442405178e-12
5.491819999999999709e+03 6.903918697671356104e-13 1.646191753052727092e-12 1.770628387448300785e-12
5.634729999999999563e+03 6.498825067753393439e-13 1.451388555134918239e-12 1.672199052239002971e-12
5.777640000000000327e+03 6.628541662928737543e-13 1.378768270196135874e-12 1.435257636648325203e-12
5.920550000000000182e+03 6.600859351365311720e-13 1.181996120087113623e-12 1.359348604854214770e-12
6.063460000000000036e+03 6.390084587700855440e-13 1.093980942801964270e-12 1.216350210225576315e-12
6.206369999999999891e+03 6.369456243686792633e-13 9.697965736932036796e-13 1.108503665175470118e-12
6.349279999999999745e+03 6.185373884908044646e-13 8.856160197969413984e-13 1.000816937386147777e-12
6.492189999999999600e+03 6.041579984297080517e-13 7.811634163182160550e-13 9.237557267064928391e-13
6.659750000000000000e+03 5.904503215271180028e-13 7.278077339804565678e-13 8.035859172261696110e-13
6.850319999999999709e+03 5.724801803478266638e-13 6.047390964824087820e-13 7.650720825192858099e-13
7.040890000000000327e+03 5.560984681048388534e-13 5.930858193677203059e-13 6.362223191363412228e-13
7.231470000000000255e+03 5.365123322011432358e-13 4.844458225873606654e-13 6.186964571758448754e-13
7.422039999999999964e+03 5.121066872225674719e-13 4.791256230066131644e-13 5.159858067729743481e-13
7.612609999999999673e+03 4.905275393445186815e-13 3.853537919166170163e-13 5.107240577037376024e-13
7.803180000000000291e+03 4.633522592106998689e-13 4.138667568002256377e-13 3.975603075682567491e-13
7.993750000000000000e+03 4.418248347432797447e-13 2.801772142915948812e-13 4.535542021293447736e-13
8.184329999999999927e+03 4.126119138856152617e-13 3.823720087621654053e-13 2.878471806328862245e-13
8.374899999999999636e+03 3.941674346633805958e-13 2.132368151384718291e-13 3.904295229258003993e-13
8.565469999999999345e+03 3.622970613288512959e-13 2.887998179455032786e-13 2.675850183419144798e-13
8.758229999999999563e+03 3.441217903547122478e-13 2.637877343002931654e-13 2.396291138628121209e-13
9.012370000000000800e+03 3.176194259789740963e-13 1.739336349285231992e-13 2.847982271050643885e-13
9.266500000000000000e+03 2.952571242258959206e-13 2.593732634313516006e-13 1.573718659597026320e-13
9.520629999999999200e+03 2.771570764221328735e-13 1.001706321293196000e-13 2.763708736107790529e-13
9.774760000000000218e+03 2.461404568892615353e-13 2.419765111875200861e-13 1.115730263435839331e-13
1.002889999999999964e+04 2.408468672121217374e-13 1.197245138036652954e-13 1.918072588851445407e-13
1.028300000000000000e+04 2.112555074596319979e-13 1.084339701817733466e-13 1.884478950736769088e-13
1.053720000000000073e+04 1.941711969431921445e-13 2.086777022814305810e-13 6.494114911143205581e-14
1.079129999999999927e+04 1.897018631291114013e-13 7.572209013822044078e-14 1.648348882805154986e-13
1.104539999999999964e+04 1.631100225966847530e-13 7.723221751207237169e-14 1.566912117343042464e-13
1.129960000000000036e+04 1.472448602125998013e-13 1.751100703604018942e-13 4.345593433294649339e-14
1.155370000000000073e+04 1.473013271487128600e-13 9.646468051318555105e-14 9.344967637736851802e-14
1.185460000000000036e+04 1.281223962063532760e-13 3.298678522776135139e-14 1.486540679531174561e-13
1.219350000000000000e+04 1.086503371716154961e-13 1.403176219064864980e-13 3.428161561828008395e-14
1.253239999999999964e+04 1.118356688006471975e-13 7.929454086891643991e-14 6.922037884574143882e-14
1.287129999999999927e+04 9.601788859777918517e-14 1.925770068593513899e-14 1.237469363541960212e-13
1.321010000000000036e+04 7.855380640106147844e-14 1.010828016861107285e-13 4.002910066743431535e-14
1.354900000000000000e+04 8.060503834795677006e-14 9.958851186339977084e-14 2.185113794389693490e-14
1.388789999999999964e+04 7.710813582921428374e-14 2.000014202215234352e-14 8.850567607955912340e-14
1.422679999999999927e+04 6.092729258400320126e-14 2.709943307003106109e-14 8.313794975280389998e-14
1.456570000000000073e+04 5.204263458662428011e-14 8.569114937410990084e-14 1.990024622512826382e-14
1.490460000000000036e+04 5.457215047469011947e-14 7.902928340098296009e-14 1.140874651684709699e-14
1.524350000000000000e+04 5.387006371358123729e-14 2.409387583841195763e-14 5.589633278111537471e-14
1.559020000000000073e+04 4.376089753795692642e-14 6.502352660189433858e-15 7.301969627270053627e-14
1.604210000000000036e+04 3.311711925653136573e-14 5.354610910431638779e-14 2.619062101043491814e-14
1.649400000000000000e+04 3.492776447962495755e-14 6.587552757790862858e-14 2.632701630668169985e-15
1.694590000000000146e+04 3.623136045845294775e-14 2.249971245414640288e-14 3.617555650445636234e-14
1.739779999999999927e+04 2.874016697776873288e-14 2.945853208927408456e-15 5.526080608156801827e-14
1.784979999999999927e+04 2.091588009424822045e-14 2.872863518841981283e-14 3.040963260850989993e-14
1.830170000000000073e+04 1.991367293761200945e-14 5.110594135957428773e-14 2.575664995382474887e-15
1.875359999999999854e+04 2.248847535250952962e-14 3.942002690525451008e-14 5.798160701640332323e-15
1.920550000000000000e+04 2.210827740586802158e-14 1.253900521185419574e-14 2.755367388019892666e-14
1.965740000000000146e+04 1.764570260992902607e-14 1.074125508452237926e-15 3.865188528273950516e-14
2.010929999999999927e+04 1.257288799730813625e-14 1.145266280480061432e-14 2.880229814934588816e-14
2.056129999999999927e+04 1.028779667772160114e-14 2.796957384805528976e-14 1.041381163585089772e-14
2.110150000000000000e+04 1.134119405982089707e-14 3.374522270703156534e-14 -5.750578776815726153e-16
2.170420000000000073e+04 1.310317418697574742e-14 1.949656894530490163e-14 8.249670370141951314e-15
2.230679999999999927e+04 1.176747416330169560e-14 3.373802810724055196e-15 2.227050747158351947e-14
2.290950000000000000e+04 8.279198033082715054e-15 1.703956098664601760e-15 2.431810387112436637e-14
2.351209999999999854e+04 5.558374443837334615e-15 1.154727783639410394e-14 1.437430696941376474e-14
2.411470000000000073e+04 5.049638014010377259e-15 2.055627874942309877e-14 3.234331825253591473e-15
2.471740000000000146e+04 6.048040537725298539e-15 2.107498286455395617e-14 -5.580086919252369385e-16
2.532000000000000000e+04 6.928722342292327118e-15 1.404555770422965664e-14 3.436096500417456318e-15
2.592270000000000073e+04 6.715472904206272326e-15 5.511766689291403157e-15 1.021667807376246868e-14
2.652529999999999927e+04 5.440072488671594138e-15 6.303583930534598266e-16 1.453031471928919449e-14
2.712800000000000000e+04 3.820126635881210315e-15 9.064097677764773205e-16 1.426136269692076486e-14
2.775140000000000146e+04 2.508916731477289906e-15 4.801572599586875090e-15 1.014122665020714849e-14
2.855500000000000000e+04 1.965155194533514050e-15 1.038989808208861636e-14 3.593506940052847419e-15
2.935870000000000073e+04 2.401213360105300713e-15 1.231078133754367153e-14 -1.200464383092809629e-16
3.016229999999999927e+04 3.039914430974317883e-15 9.886339464767858478e-15 3.936638836355902821e-16
3.096590000000000146e+04 3.283525008536476102e-15 5.484756843173090620e-15 3.474539709498517085e-15
3.176959999999999854e+04 2.934619695781288238e-15 1.712848704648774919e-15 6.573916122167613109e-15
3.257320000000000073e+04 2.208909561377001591e-15 9.920137439890151292e-17 7.986744519939385568e-15
3.337680000000000291e+04 1.433005496735644280e-15 6.482595846600357409e-16 7.343336281731081700e-15
3.418050000000000000e+04 8.757119143662383538e-16 2.447379298835334900e-15 5.355728277003852119e-15
3.498409999999999854e+04 6.256691988968067330e-16 4.374422316530137100e-15 2.965984596421226094e-15
3.578780000000000291e+04 6.482555960937567405e-16 5.631264647648994005e-15 1.036803741384131323e-15
3.659140000000000146e+04 8.253592011849675009e-16 5.879211785101572163e-15 -5.250130290505801675e-18
3.756140000000000146e+04 1.093421087371065150e-15 5.123595563376337179e-15 -6.867041174576581317e-17
3.863309999999999854e+04 1.271696241047325484e-15 3.456273604171417379e-15 8.832079348036144436e-16
3.970469999999999709e+04 1.246923671269840922e-15 1.724679013266979120e-15 2.155003055101163477e-15
4.077640000000000146e+04 1.050518788807076828e-15 5.152672682323371359e-16 3.123109390895873132e-15
4.184800000000000000e+04 7.688464978040132857e-16 3.244768433725030633e-17 3.490827943261576122e-15
4.291969999999999709e+04 4.888666211221704259e-16 1.776012128156770586e-16 3.251004503153423891e-15
4.399140000000000146e+04 2.763122428848393711e-16 7.015684886955674684e-16 2.621132490756252946e-15
4.506300000000000000e+04 1.516517736791962925e-16 1.332883604762566099e-15 1.812557084022334058e-15
4.613469999999999709e+04 1.117965230087655336e-16 1.865914531141813007e-15 1.044162512402338558e-15
4.720640000000000146e+04 1.342573870393474980e-16 2.179112214126510115e-15 4.484168671173169380e-16
4.827800000000000000e+04 1.920174202137939106e-16 2.259759964731448347e-15 8.490230171443448839e-17
4.939900000000000000e+04 2.624182767649221984e-16 2.118743971836016037e-15 -5.882396525805762821e-17
5.082809999999999854e+04 3.417244827905055627e-16 1.747655216043428644e-15 2.690429380026567509e-17
5.225719999999999709e+04 3.813135400201062217e-16 1.252238964663108471e-15 2.882362004707291974e-16
5.368630000000000291e+04 3.810621315512990471e-16 7.794607643960551009e-16 6.010443489746445179e-16
5.511540000000000146e+04 3.433074230154158033e-16 3.965680179815863840e-16 8.674032581177827696e-16
5.654450000000000000e+04 2.834482942685651732e-16 1.455747809859414277e-16 1.038811375475856834e-15
5.797350000000000000e+04 2.150546231576610549e-16 2.459871749648868598e-17 1.101695959346350320e-15
5.940259999999999854e+04 1.485684316861040787e-16 9.601606860799167999e-18 1.063605928455294271e-15
6.083169999999999709e+04 9.283390318457749623e-17 6.740495581542546683e-17 9.603246873739953828e-16
6.226080000000000291e+04 4.996454678195652193e-17 1.644797284995095080e-16 8.092721895378442944e-16
6.368990000000000146e+04 2.115384127008101301e-17 2.720879697249315194e-16 6.392017761010438217e-16
6.511900000000000000e+04 5.251739030830847936e-18 3.727451176246426203e-16 4.770187639741069369e-16
6.686039999999999418e+04 -3.140033140094824009e-19 4.719876965852609785e-16 3.061517296762173062e-16
6.876610000000000582e+04 5.466659170925697415e-18 5.404441958516131098e-16 1.611845546355542553e-16
7.067180000000000291e+04 1.810311402488657062e-17 5.626828862234049127e-16 6.261178295710643295e-17
7.257750000000000000e+04 3.299223615271191580e-17 5.453154984226045569e-16 7.583784197027820762e-18
7.448319999999999709e+04 4.666062477398346948e-17 4.964387364264593763e-16 -1.178955463112344499e-17
7.638900000000000000e+04 5.777164587884563969e-17 4.338551541409582797e-16 -5.495671568969662136e-18
7.829469999999999709e+04 6.480064216291655068e-17 3.607208781951550884e-16 1.698873859852733428e-17
8.020039999999999418e+04 6.794770642780985796e-17 2.875902501411442351e-16 4.739500876525839653e-17
8.210610000000000582e+04 6.736473918233042066e-17 2.189630808599069015e-16 7.914573112589560732e-17
8.401180000000000291e+04 6.447067063909257403e-17 1.605697310727772829e-16 1.087675312065042471e-16
8.591760000000000582e+04 5.924545386133561904e-17 1.114651313667440715e-16 1.326543842294712561e-16
8.793289999999999418e+04 5.264045085852149182e-17 7.134275893167878373e-17 1.515444533384261258e-16
9.047419999999999709e+04 4.437393392776946078e-17 3.653719350678475161e-17 1.685407403549786936e-16
9.301550000000000000e+04 3.548088472935087075e-17 1.484098647518827638e-17 1.741726957980355657e-16
9.555680000000000291e+04 2.735008068811133549e-17 3.909984312237612120e-18 1.729134278828773949e-16
9.809810000000000582e+04 1.989252543401406573e-17 7.253077885592135486e-19 1.638847681234551559e-16
1.006390000000000000e+05 1.361856285524333715e-17 2.817311142685322204e-18 1.506807940298682954e-16
