1.017789999999999928e+01 1.546810701728843407e-04 1.542995173498404250e-04 1.528467765120724632e-04
1.043200000000000038e+01 1.441943616306877115e-04 1.469340676829645250e-04 1.458394056085413396e-04
1.068609999999999971e+01 1.370901990445701094e-04 1.380898116055263684e-04 1.383541278877005215e-04
1.094030000000000058e+01 1.311307123411667929e-04 1.304410998405029646e-04 1.300988732130330908e-04
1.119439999999999991e+01 1.218103228315776877e-04 1.252488138288560080e-04 1.246836526275747292e-04
1.144849999999999923e+01 1.169126923978173392e-04 1.178745160765175834e-04 1.177517216217652772e-04
1.171439999999999948e+01 1.120127085254503710e-04 1.106970709172461838e-04 1.110804288931294809e-04
1.205320000000000036e+01 1.071418859164731255e-04 1.027398954198638321e-04 1.022856273611141088e-04
1.239209999999999923e+01 1.006647189958533576e-04 9.592054173707077400e-05 9.562090265850562245e-05
1.273099999999999987e+01 9.673243661686289842e-05 8.877910480080330124e-05 8.851375560311066347e-05
1.306990000000000052e+01 8.817563436539775136e-05 8.455411799579450852e-05 8.426411507834139240e-05
1.340879999999999939e+01 7.929015911998894893e-05 8.101845886724083796e-05 8.140331173409363691e-05
1.374770000000000003e+01 7.852176914390363981e-05 7.454340614180133672e-05 7.427444823479266716e-05
1.408660000000000068e+01 7.243670572969752278e-05 7.086043074562197385e-05 7.099336886783840352e-05
1.442549999999999955e+01 6.723281275417690341e-05 6.739576604614246850e-05 6.745225752116483769e-05
1.476440000000000019e+01 6.588119350259700395e-05 6.281042416825952037e-05 6.209092554777124724e-05
1.510330000000000084e+01 5.932147718915801023e-05 6.037227174197250175e-05 6.054245598030228077e-05
1.544209999999999994e+01 5.542742995305245961e-05 5.737614231697749214e-05 5.763243188604562340e-05
1.585510000000000019e+01 5.296697874929390634e-05 5.334657112982933664e-05 5.326966369930716358e-05
1.630699999999999861e+01 4.725856684863372650e-05 5.051021647546584463e-05 5.121350271741404218e-05
1.675890000000000057e+01 4.558039965945257351e-05 4.671499935701439878e-05 4.687723080399733885e-05
1.721079999999999899e+01 4.305017382481183348e-05 4.349048421882756294e-05 4.363463053492500212e-05
1.766280000000000072e+01 3.839904193385840675e-05 4.149412130864291951e-05 4.202842961104990524e-05
1.811469999999999914e+01 3.735945875290390931e-05 3.854241176921902100e-05 3.841855022802411032e-05
1.856660000000000110e+01 3.534785758181713624e-05 3.594220387863306760e-05 3.599961089307389818e-05
1.901849999999999952e+01 3.329081115592674440e-05 3.360974748977917635e-05 3.386538557693571092e-05
1.947040000000000148e+01 3.080034092071189128e-05 3.186157022284915539e-05 3.212510336868866452e-05
1.992229999999999990e+01 2.868718128256230371e-05 3.013336899251823630e-05 3.039677075792348337e-05
2.037430000000000163e+01 2.721861938411156501e-05 2.829767887885394724e-05 2.854295391481505368e-05
2.085219999999999985e+01 2.603065577088939299e-05 2.647880552124687249e-05 2.653333672031704945e-05
2.145479999999999876e+01 2.357324866118559181e-05 2.496456426400372672e-05 2.495663927637081219e-05
2.205750000000000099e+01 2.222922842159679252e-05 2.308219654667743558e-05 2.323111720771380532e-05
2.266009999999999991e+01 2.062353296499825091e-05 2.160222233532752800e-05 2.169734070873262892e-05
2.326269999999999882e+01 1.984444912969346664e-05 1.990841887258957781e-05 1.998254058747893494e-05
2.386540000000000106e+01 1.792434049881354530e-05 1.896427295351525214e-05 1.897385865567517355e-05
2.446799999999999997e+01 1.700336054312475380e-05 1.753766749357981984e-05 1.776374613906474766e-05
2.507069999999999865e+01 1.603974457763607871e-05 1.642746014456896315e-05 1.653398662137240234e-05
2.567330000000000112e+01 1.524745396625059746e-05 1.532436165307585169e-05 1.537954991343383672e-05
2.627590000000000003e+01 1.427453751903240803e-05 1.440840756184131948e-05 1.447717724002720382e-05
2.687859999999999872e+01 1.291830942899428068e-05 1.380715281603183030e-05 1.380939894528903492e-05
2.748120000000000118e+01 1.225291168423175379e-05 1.280497894692840134e-05 1.305047036331625075e-05
2.822250000000000014e+01 1.171664178462842108e-05 1.193920868042922983e-05 1.193353693424560282e-05
2.902609999999999957e+01 1.098889595613033220e-05 1.106142645297975741e-05 1.103007820428985191e-05
2.982979999999999876e+01 9.709196775334041831e-06 1.048008086621555515e-05 1.061051030731410746e-05
3.063340000000000174e+01 9.125804263684528667e-06 9.606048711893196458e-06 1.010086802580299622e-05
3.143700000000000117e+01 8.735561115326222385e-06 9.017049376425349228e-06 9.061127382483481285e-06
3.224069999999999681e+01 8.433786864413596272e-06 8.329580806891487656e-06 8.302943446865613462e-06
3.304429999999999978e+01 7.545163347845317188e-06 8.018212377274951187e-06 7.751821512473569501e-06
3.384790000000000276e+01 7.328532241175854808e-06 7.339971072377637905e-06 7.283685283088134953e-06
3.465160000000000196e+01 6.752685193516159562e-06 6.903034556688987832e-06 6.906957671424823847e-06
3.545519999999999783e+01 6.212290982013091224e-06 6.432079310765197197e-06 6.543961455763814487e-06
3.625880000000000081e+01 5.987654230550604937e-06 6.058999164321615727e-06 6.054780500083319268e-06
3.711789999999999878e+01 5.456156001354813963e-06 5.728557218804723770e-06 5.772150590617847111e-06
3.818959999999999866e+01 5.193415759481217418e-06 5.284345733035567913e-06 5.278155904962941625e-06
3.926129999999999853e+01 4.614926995333335679e-06 5.024353629299212639e-06 5.015720315063648810e-06
4.033290000000000219e+01 4.586144149400397530e-06 4.520005126662168948e-06 4.540295865599145473e-06
4.140460000000000207e+01 4.273338969623232054e-06 4.214570958226865235e-06 4.240263940405401759e-06
4.247630000000000194e+01 3.811343070700495401e-06 4.059026904181672252e-06 4.007668234964177967e-06
4.354789999999999850e+01 3.674591837932483614e-06 3.681001905235298575e-06 3.746232394268028122e-06
4.461959999999999837e+01 3.387797754121607773e-06 3.493974293626307756e-06 3.492723417115164464e-06
4.569129999999999825e+01 3.145664030463833097e-06 3.272877267044504648e-06 3.297438806268624140e-06
4.676290000000000191e+01 3.032358133537375523e-06 3.039715844515517986e-06 3.033390360836247480e-06
4.783460000000000178e+01 2.760741116101135901e-06 2.886884230604043777e-06 2.894831936776748718e-06
4.890630000000000166e+01 2.618428992247618989e-06 2.696428711756461191e-06 2.694430046612281924e-06
5.023669999999999902e+01 2.464938826501101646e-06 2.493705747671739623e-06 2.484094287709758756e-06
5.166579999999999728e+01 2.243123493014444615e-06 2.329447627224932311e-06 2.338969648854483852e-06
5.309490000000000265e+01 2.131299514684449172e-06 2.131349340685981145e-06 2.157762866658068460e-06
5.452400000000000091e+01 1.898370449193956105e-06 2.057694341931267749e-06 2.012645587362153058e-06
5.595309999999999917e+01 1.895292775735937834e-06 1.860915636603297750e-06 1.847780768466489022e-06
5.738219999999999743e+01 1.667388246788236837e-06 1.780083808554664105e-06 1.774723845048920941e-06
5.881130000000000280e+01 1.597392081854976545e-06 1.651041199468300166e-06 1.638342297996663924e-06
6.024040000000000106e+01 1.502538048989378495e-06 1.524133261558508327e-06 1.521104941590534177e-06
6.166949999999999932e+01 1.392512196695717279e-06 1.439989658652853975e-06 1.438353117376791956e-06
6.309859999999999758e+01 1.305312804951122590e-06 1.352163333009181652e-06 1.350830542796403975e-06
6.452760000000000673e+01 1.214271849356528043e-06 1.264599648287144091e-06 1.266449187758396538e-06
6.607179999999999609e+01 1.127073553639370397e-06 1.184772311097494028e-06 1.186971514927490522e-06
6.797750000000000625e+01 1.053411271579480504e-06 1.095146317242458195e-06 1.111578074517647834e-06
6.988320000000000221e+01 9.951826643850571780e-07 9.720444248921753249e-07 1.024358798801982153e-06
7.178889999999999816e+01 8.817043887226079330e-07 9.618156912056040185e-07 9.648546671615845076e-07
7.369469999999999743e+01 8.613596937860755096e-07 8.960455697560366216e-07 9.154123185182784504e-07
7.560039999999999338e+01 8.115435244845985586e-07 8.265508262369027060e-07 8.128270436902552223e-07
7.750610000000000355e+01 7.488402344380445470e-07 7.613626641676708189e-07 7.683902439931139385e-07
7.941179999999999950e+01 6.705524126450468703e-07 7.276028915504072324e-07 7.269441034320272265e-07
8.131749999999999545e+01 6.321051708869087860e-07 6.731531635053372110e-07 6.810808474065706366e-07
8.322329999999999472e+01 6.014643250642824481e-07 6.235776542391795414e-07 6.325019017918757430e-07
8.512900000000000489e+01 5.901851694161311583e-07 5.791705776717262367e-07 5.923105765644743626e-07
8.703470000000000084e+01 5.236609103144776420e-07 5.552267421522303658e-07 5.534470439798343095e-07
8.942260000000000275e+01 4.864249120273396442e-07 5.105406311756570874e-07 5.166756670241724113e-07
9.196389999999999532e+01 4.602408956415872380e-07 4.766273400113435574e-07 4.744396601640287138e-07
9.450520000000000209e+01 4.112658542939038606e-07 4.090139420766258697e-07 4.464624430042268103e-07
9.704659999999999798e+01 3.819037399386521693e-07 4.116787677801649025e-07 4.222256387899386870e-07
9.958790000000000475e+01 3.672986034280597216e-07 3.843421853592035888e-07 3.809244114675304353e-07
1.021290000000000049e+02 3.473836157165761243e-07 3.562672417699053537e-07 3.578356073275556670e-07
1.046710000000000065e+02 3.226562653737394270e-07 3.326599386511958088e-07 3.333477107967489506e-07
1.072120000000000033e+02 3.005193903094196048e-07 3.070588783131145742e-07 3.148479598238150312e-07
1.097530000000000001e+02 2.828170438956613811e-07 2.859628074507399198e-07 2.788190445781412571e-07
1.122939999999999969e+02 2.621960857348355368e-07 2.701950162912150064e-07 2.949024153523199655e-07
1.148359999999999985e+02 2.450829138218012655e-07 2.480904566961332930e-07 2.607644673589321882e-07
1.176110000000000042e+02 2.279921440112033745e-07 2.404588389530474229e-07 2.413674624962364244e-07
1.210000000000000000e+02 2.159128982476704847e-07 2.010015748771376153e-07 2.348881004751919925e-07
1.243889999999999958e+02 2.013380376909611458e-07 2.011316086795593513e-07 2.020310597894795929e-07
1.277780000000000058e+02 1.835457782940570796e-07 1.937723903661757923e-07 1.839636255095850084e-07
1.311670000000000016e+02 1.717218759033328224e-07 1.852286010637257089e-07 1.647495071129415745e-07
1.345550000000000068e+02 1.541047201078695988e-07 1.695741174970974659e-07 1.614679287950329897e-07
1.379439999999999884e+02 1.409368454555594722e-07 1.533284921115555027e-07 1.579072869478248562e-07
1.413329999999999984e+02 1.309843265989205012e-07 1.418108611922572856e-07 1.483870443688222771e-07
1.447220000000000084e+02 1.252503974460900314e-07 1.337401495091771965e-07 1.305681874649577177e-07
1.481109999999999900e+02 1.180581784204723509e-07 1.244720980508969815e-07 1.238394179701457768e-07
1.515000000000000000e+02 1.055708495896424989e-07 1.168813697035501863e-07 1.197737381468073536e-07
1.548890000000000100e+02 1.021793508237113943e-07 1.098405791450455170e-07 1.076707345912431185e-07
1.591740000000000066e+02 9.718938975352764931e-08 9.949870484838125966e-08 9.958486339809114590e-08
1.636930000000000121e+02 8.732555348441912558e-08 9.456461464455472676e-08 9.241298147102619988e-08
1.682129999999999939e+02 7.884694301218639164e-08 8.576707597302943935e-08 8.947787697478421901e-08
1.727319999999999993e+02 7.272059168499071881e-08 8.016397167816446498e-08 8.302524383684484689e-08
1.772510000000000048e+02 7.006687829011489449e-08 7.407547852606041973e-08 7.493040486382472000e-08
1.817700000000000102e+02 6.324059715652324236e-08 7.208849055865127035e-08 6.830150380482550277e-08
1.862889999999999873e+02 6.017386979029852953e-08 6.286556933327711731e-08 6.639125919642437478e-08
1.908079999999999927e+02 5.609020985309622592e-08 5.998310430122079319e-08 6.017560024568301861e-08
1.953280000000000030e+02 5.200274670270129015e-08 5.670979078724463911e-08 5.553202851005408393e-08
1.998470000000000084e+02 4.888660386709182113e-08 5.028338826049839090e-08 5.389241251240981145e-08
2.043660000000000139e+02 4.495707281414433208e-08 4.937362189691577389e-08 4.832357098735611622e-08
2.093530000000000086e+02 4.257630085054796182e-08 4.438151597770334448e-08 4.575113522774870731e-08
2.153789999999999907e+02 3.904502244211560683e-08 4.274607666263644434e-08 4.082325441524797216e-08
2.214060000000000059e+02 3.553034312485993032e-08 3.864336805391977701e-08 3.924980506122031025e-08
2.274319999999999879e+02 3.263931990241090694e-08 3.691856389617592371e-08 3.550026502934510774e-08
2.334590000000000032e+02 3.033395332566463394e-08 3.268375448230617610e-08 3.435343419512865999e-08
2.394850000000000136e+02 2.748621813039707148e-08 2.988192177723657921e-08 3.291203681236635908e-08
2.455109999999999957e+02 2.605222939575926763e-08 2.764755491728352121e-08 3.017682544695722367e-08
2.515380000000000109e+02 2.433984018613733662e-08 2.628120321289942254e-08 2.720429336235857133e-08
2.575640000000000214e+02 2.220473923078272138e-08 2.527638161325761414e-08 2.496362371595966763e-08
2.635910000000000082e+02 2.193543537933215856e-08 2.273056557933884547e-08 2.261243026641623629e-08
2.696170000000000186e+02 1.882517312744481585e-08 2.156748804012669749e-08 2.230573547242849333e-08
2.756440000000000055e+02 1.794586194650948859e-08 1.982687867112589306e-08 2.059244347036462414e-08
2.833330000000000268e+02 1.719674180091592930e-08 1.815648228916628364e-08 1.856215548591779203e-08
2.913700000000000045e+02 1.517651582697505661e-08 1.691414984656212892e-08 1.768785696646281906e-08
2.994060000000000059e+02 1.501172196789297435e-08 1.543984133603346515e-08 1.551441202407356786e-08
3.074420000000000073e+02 1.250102107244647385e-08 1.421201156204504642e-08 1.583820148550848288e-08
3.154789999999999850e+02 1.274430093188853040e-08 1.355619973901146216e-08 1.326966918987093465e-08
3.235149999999999864e+02 1.155951859761477278e-08 1.245710239038873024e-08 1.247966698414644793e-08
3.315509999999999877e+02 1.008806546001425804e-08 1.174913858207390693e-08 1.200666412070727719e-08
3.395880000000000223e+02 1.031725783513261398e-08 1.044081780255787950e-08 1.064137187430951244e-08
3.476240000000000236e+02 8.987021638018464975e-09 1.012847643714796275e-08 9.734136374916462756e-09
3.556610000000000014e+02 7.779903587808585200e-09 9.549269596574841875e-09 9.734156511616577044e-09
3.636970000000000027e+02 8.080242982867392068e-09 8.458239453575780786e-09 8.585170155556831525e-09
3.726580000000000155e+02 7.418858027591938967e-09 7.794222880309599231e-09 8.078199567214655432e-09
3.833740000000000236e+02 5.996309461879742734e-09 7.516626947299030084e-09 7.949427790821229667e-09
3.940910000000000082e+02 6.255786371636117886e-09 6.697236939537742462e-09 6.847843856826141937e-09
4.048079999999999927e+02 5.976246366945311826e-09 6.148048273677518474e-09 6.161723594577171416e-09
4.155240000000000009e+02 4.727825251590367984e-09 6.046016942534112258e-09 6.112327001075522153e-09
4.262409999999999854e+02 4.597547819114269391e-09 5.374447112523768513e-09 5.659306268361964944e-09
4.369569999999999936e+02 4.869998502019662664e-09 4.742437569082355342e-09 4.850951672897983310e-09
4.476739999999999782e+02 4.199429856382283860e-09 4.637775849349417904e-09 4.553950710268300617e-09
4.583910000000000196e+02 3.409550600799989803e-09 4.493238311816270875e-09 4.492988807383740720e-09
4.691070000000000277e+02 3.370801903167148594e-09 3.985606557790980499e-09 4.138397651041872626e-09
4.798240000000000123e+02 3.580164877722973188e-09 3.460040873164878972e-09 3.612300209112149340e-09
4.905409999999999968e+02 3.282133036638398804e-09 3.416366401793847814e-09 3.177569937567755604e-09
5.043389999999999986e+02 2.573124843324966162e-09 3.298306340775569701e-09 3.222950503899465970e-09
5.186299999999999955e+02 2.302747375097784045e-09 2.996099265632024673e-09 3.066298376070191747e-09
5.329199999999999591e+02 2.521983567246694995e-09 2.538015765413118342e-09 2.656852086540188033e-09
5.472110000000000127e+02 2.440004957223358191e-09 2.334023236099853886e-09 2.343027524276789332e-09
5.615019999999999527e+02 1.986254322033367165e-09 2.407293291364485128e-09 2.175724409002148876e-09
5.757930000000000064e+02 1.612657777777577584e-09 2.061988521835267129e-09 2.358195826562674765e-09
5.900839999999999463e+02 1.546742487906659922e-09 1.957640382121097380e-09 2.098966595774795752e-09
6.043750000000000000e+02 1.690989626157840328e-09 1.595119352917248439e-09 1.898473729724911813e-09
6.186660000000000537e+02 1.712495449336282093e-09 1.528010778614808248e-09 1.554349992048910527e-09
6.329569999999999936e+02 1.417270300723130701e-09 1.507716089154125307e-09 1.507693710922744350e-09
6.472480000000000473e+02 1.129906516962039703e-09 1.520324064519813167e-09 1.454383491318147598e-09
6.633460000000000036e+02 9.707129335044415250e-10 1.395335374362678468e-09 1.421216428132880476e-09
6.824039999999999964e+02 1.036668839963101645e-09 1.192999316666413520e-09 1.252129775370485333e-09
7.014610000000000127e+02 1.101117673951300318e-09 1.031945601931690671e-09 1.070666857394215487e-09
7.205180000000000291e+02 9.999768592222220942e-10 9.765914731704023097e-10 9.750211053673762118e-10
7.395750000000000455e+02 7.946430394867447235e-10 9.701943769304996379e-10 9.531392298227560411e-10
7.586319999999999482e+02 6.359844056271413413e-10 9.307644495765841026e-10 9.423151231962747778e-10
7.776900000000000546e+02 5.904989782709143631e-10 8.590581190343160892e-10 8.655390033347698331e-10
7.967469999999999573e+02 6.128950228634217282e-10 7.379078057812005704e-10 7.863659016753782101e-10
8.158039999999999736e+02 6.589005115050751492e-10 6.472105818217163863e-10 6.722394243308407349e-10
8.348609999999999900e+02 6.422034918848786269e-10 5.806904200905120642e-10 5.998841111446096296e-10
8.539180000000000064e+02 5.764276130398071157e-10 5.544425109500141564e-10 5.526886683301790289e-10
8.729759999999999991e+02 4.802498459683371263e-10 5.455807691495082066e-10 5.295901981621549052e-10
8.977309999999999945e+02 3.713005196404980416e-10 5.351294826570440777e-10 5.206136016224580416e-10
9.231449999999999818e+02 3.079440666866151549e-10 5.060661280501843541e-10 4.989425230072006336e-10
9.485579999999999927e+02 3.053882077192015641e-10 4.443547688163346544e-10 4.565843140940124217e-10
9.739710000000000036e+02 3.294292190651318540e-10 3.793347493760240975e-10 4.023479013828442181e-10
9.993840000000000146e+02 3.484772409566098000e-10 3.253913272866926809e-10 3.493872064446976975e-10
1.024799999999999955e+03 3.404306240530885866e-10 2.958097268204888192e-10 3.056919225264226704e-10
1.050210000000000036e+03 3.056649490554760971e-10 2.803495284274948558e-10 2.831062224050292152e-10
1.075619999999999891e+03 2.539970531672582723e-10 2.774304693620492748e-10 2.697699886146926043e-10
1.101039999999999964e+03 2.012199516624794223e-10 2.782280867751235245e-10 2.593499493463972144e-10
1.126450000000000045e+03 1.603351395228535797e-10 2.678230868216417046e-10 2.526315279755048436e-10
1.151859999999999900e+03 1.374794407284253930e-10 2.440745514375599458e-10 2.467543441172146735e-10
1.180779999999999973e+03 1.312017594415896825e-10 2.210846196914239741e-10 2.256661577037864415e-10
1.214670000000000073e+03 1.428135065352949831e-10 1.879891163563064417e-10 1.995114540619986768e-10
1.248559999999999945e+03 1.537370735780510672e-10 1.590215960980066347e-10 1.743032532471423793e-10
1.282450000000000045e+03 1.562027589525049538e-10 1.398977592006663733e-10 1.510486712812287677e-10
1.316339999999999918e+03 1.475097618617409430e-10 1.299682570876173099e-10 1.342365075026418049e-10
1.350230000000000018e+03 1.290864156560611085e-10 1.231291167887021084e-10 1.265449365824368326e-10
1.384119999999999891e+03 1.085869872705701538e-10 1.229858053304424295e-10 1.170658608387706316e-10
1.418009999999999991e+03 8.445147262115728331e-11 1.206500184305264825e-10 1.156067121597298855e-10
1.451900000000000091e+03 7.066891501226233269e-11 1.180781605828202589e-10 1.069419646295574617e-10
1.485789999999999964e+03 5.540522302046601970e-11 1.030457620566937104e-10 1.138216507032403255e-10
1.519670000000000073e+03 4.834549769675209655e-11 9.671255062232202485e-11 1.056952626090859130e-10
1.553559999999999945e+03 4.722121852394843792e-11 8.916204511871895522e-11 9.423126785565264270e-11
1.597980000000000018e+03 4.943664683749370202e-11 7.624172280172806996e-11 8.602776151629827830e-11
1.643170000000000073e+03 5.408285768206647302e-11 6.831497361959032173e-11 7.175336389674323902e-11
1.688359999999999900e+03 5.568841641452642959e-11 5.947117740538447116e-11 6.304923368432912635e-11
1.733549999999999955e+03 5.589341526781589281e-11 5.048275046863030399e-11 5.732812797554584231e-11
1.778740000000000009e+03 5.375585637340858876e-11 4.669400626066503990e-11 5.002393464440639179e-11
1.823930000000000064e+03 4.938144420774299382e-11 4.448667754393303352e-11 4.434412751942800414e-11
1.869130000000000109e+03 4.384482084509800153e-11 4.425195736177893851e-11 3.916969924224307964e-11
1.914319999999999936e+03 3.737919502928472535e-11 4.436410437144387063e-11 3.533314254924101866e-11
1.959509999999999991e+03 3.097304964341876867e-11 3.772201804780927691e-11 3.902889094830495290e-11
2.004700000000000045e+03 2.670552667941422763e-11 3.243064015029720434e-11 3.988175504889658535e-11
2.049889999999999873e+03 2.149370449549296200e-11 4.179744077034279272e-11 2.786819235825626253e-11
2.101840000000000146e+03 1.647279926146317012e-11 3.539328881896949252e-11 3.180393987074094701e-11
2.162110000000000127e+03 1.333793384364688989e-11 3.124678892795568654e-11 3.208276125708224611e-11
2.222369999999999891e+03 1.208557558637866233e-11 2.429852498525119944e-11 3.393049158374958982e-11
2.282630000000000109e+03 1.246541800063676395e-11 2.366518750555313631e-11 2.830608376430331941e-11
2.342900000000000091e+03 1.106772291155397890e-11 2.743189551462562083e-11 2.074230986867073124e-11
2.403159999999999854e+03 1.081279367495590953e-11 1.824350648568616424e-11 2.536058414936481550e-11
2.463429999999999836e+03 1.147934453929498883e-11 2.067290416653773723e-11 1.785610343516257195e-11
2.523690000000000055e+03 1.135025366149558516e-11 1.481874115882496598e-11 1.974663160889561699e-11
2.583960000000000036e+03 1.119476261030940414e-11 1.533695944617984385e-11 1.572773302593102349e-11
2.644219999999999800e+03 1.154791663228149807e-11 1.330391671748857667e-11 1.398983233708250534e-11
2.704480000000000018e+03 1.123255116568474078e-11 1.128285689163469992e-11 1.314824998831647031e-11
2.764750000000000000e+03 1.085204632929057240e-11 1.030532253713729686e-11 1.165852625670719143e-11
2.844420000000000073e+03 1.049238459181435879e-11 9.172956015868263948e-12 1.036794276131222026e-11
2.924780000000000200e+03 1.000308805318246434e-11 8.623608104166447716e-12 8.883355220191104624e-12
3.005150000000000091e+03 9.354338908450122592e-12 7.562946891172660534e-12 8.303526566935800762e-12
3.085510000000000218e+03 8.487151041497552292e-12 6.979763336195139594e-12 7.672425979753066994e-12
3.165869999999999891e+03 7.737093615520979282e-12 6.769184123455433671e-12 6.703772442625877114e-12
3.246239999999999782e+03 7.020133912761896099e-12 6.416237827930339108e-12 6.069340571636895670e-12
3.326599999999999909e+03 6.245630574447814778e-12 5.992861900868523749e-12 5.672934313083103572e-12
3.406960000000000036e+03 5.486749373156944119e-12 5.618810594786202151e-12 5.346976869377532324e-12
3.487329999999999927e+03 4.779522164855250837e-12 5.278348562361367679e-12 5.037722785483918972e-12
3.567690000000000055e+03 4.159418187770415183e-12 4.960438861648734987e-12 4.762870688571638205e-12
3.648050000000000182e+03 3.617574483526759166e-12 4.651183939389179777e-12 4.477385868033313034e-12
3.741360000000000127e+03 3.072292116684374752e-12 4.365261222197095891e-12 4.244171464910178239e-12
3.848519999999999982e+03 2.523923983896304351e-12 4.103383765164395990e-12 4.066804891160086391e-12
3.955690000000000055e+03 2.083014677311888931e-12 3.847242041041103291e-12 3.849467685353896897e-12
4.062860000000000127e+03 1.747401395798224206e-12 3.592269592140504001e-12 3.641538577586534237e-12
4.170020000000000437e+03 1.497500529287623588e-12 3.339918174063297450e-12 3.398785873906900957e-12
4.277189999999999600e+03 1.329444734576405801e-12 3.144935586262928376e-12 3.083509176761009750e-12
4.384359999999999673e+03 1.198919805239701667e-12 3.007052310083888954e-12 2.732445786717102758e-12
4.491520000000000437e+03 1.025839648127266323e-12 2.805241928242768701e-12 2.530231683494147641e-12
4.598689999999999600e+03 8.260392156567333966e-13 2.486008772805009123e-12 2.536214439035563762e-12
4.705859999999999673e+03 7.455534028480439713e-13 2.252874464739183192e-12 2.370200993368780109e-12
4.813020000000000437e+03 7.566616980201202836e-13 2.156082003134253763e-12 2.009207369495870913e-12
4.920189999999999600e+03 6.521429586125182782e-13 1.904318750100815660e-12 1.966777231028690052e-12
5.063100000000000364e+03 5.897934808288881707e-13 1.683193653463125230e-12 1.863423092231099818e-12
5.206010000000000218e+03 5.726600408498271540e-13 1.550313442977865524e-12 1.663469193527600818e-12
5.348920000000000073e+03 5.893002616272988803e-13 1.449326390500159625e-12 1.430594247203470063e-12
5.491819999999999709e+03 5.754893307291115063e-13 1.258284799741347842e-12 1.347109430118728909e-12
5.634729999999999563e+03 5.379405965942533342e-13 1.108503293581307314e-12 1.266011092606502169e-12
5.777640000000000327e+03 5.398579854332311120e-13 1.048928138985896270e-12 1.088132488051206575e-12
5.920550000000000182e+03 5.305364416255974773e-13 9.002811678767433928e-13 1.025772507802623274e-12
6.063460000000000036e+03 5.086205878110432793e-13 8.302682729909053875e-13 9.161725480915388071e-13
6.206369999999999891e+03 5.003144028064231132e-13 7.348378648620725063e-13 8.318141715060325657e-13
6.349279999999999745e+03 4.813278577400039152e-13 6.691636999039837012e-13 7.492616043268467766e-13
6.492189999999999600e+03 4.652430333482287224e-13 5.893182943351159621e-13 6.886222323758534221e-13
6.659750000000000000e+03 4.505482361277120854e-13 5.472575773598454611e-13 5.988044906439804229e-13
6.850319999999999709e+03 4.332722269442357279e-13 4.561464604468354406e-13 5.679337303058151518e-13
7.040890000000000327e+03 4.183656754694254428e-13 4.453262311476703540e-13 4.739866496336276184e-13
7.231470000000000255e+03 4.009407334699669454e-13 3.656074105082367456e-13 4.587384780533498739e-13
7.422039999999999964e+03 3.806597699798684657e-13 3.589362747052301232e-13 3.836294087485061212e-13
7.612609999999999673e+03 3.624244043600065058e-13 2.905790262933452063e-13 3.773225874334767669e-13
7.803180000000000291e+03 3.405639917239606844e-13 3.078903675104644748e-13 2.952014191903631149e-13
7.993750000000000000e+03 3.230346023104326997e-13 2.119327358302805257e-13 3.328013373711990528e-13
8.184329999999999927e+03 3.003746660280553946e-13 2.819217396810384077e-13 2.139797574445920351e-13
8.374899999999999636e+03 2.852310797718225964e-13 1.608141619546397344e-13 2.847588888021038110e-13
8.565469999999999345e+03 2.607929806874568987e-13 2.126859120008172643e-13 1.960711506116687600e-13
8.758229999999999563e+03 2.465825439686301364e-13 1.927442116577302105e-13 1.758483761623878049e-13
9.012370000000000800e+03 2.268220631878728163e-13 1.297884744414476025e-13 2.057179254066293165e-13
9.266500000000000000e+03 2.105356093040665306e-13 1.875298096790180068e-13 1.165010147291832774e-13
9.520629999999999200e+03 1.968474049619772787e-13 7.623520668133570907e-14 1.982202696320331695e-13
9.774760000000000218e+03 1.745563645695370644e-13 1.737489316728794585e-13 8.260485227643506815e-14
1.002889999999999964e+04 1.702363319141939647e-13 8.765400747477451147e-14 1.382001005307605248e-13
1.028300000000000000e+04 1.489243951320618114e-13 7.995426979772708099e-14 1.343206661613864978e-13
1.053720000000000073e+04 1.366940197428810791e-13 1.477750859366323217e-13 4.876920819332529074e-14
1.079129999999999927e+04 1.327643997368435723e-13 5.531443859973741880e-14 1.171306101031407037e-13
1.104539999999999964e+04 1.139325278201662693e-13 5.653563340818240154e-14 1.102682594702522897e-13
1.129960000000000036e+04 1.026880013992992919e-13 1.223820897373605068e-13 3.247646328708972979e-14
1.155370000000000073e+04 1.021206472789737943e-13 6.773614172678169593e-14 6.649698105871075343e-14
1.185460000000000036e+04 8.857864254127479404e-14 2.485711628271522392e-14 1.030017629396518956e-13
1.219350000000000000e+04 7.523018174851503454e-14 9.695794439132999139e-14 2.511591302224138592e-14
1.253239999999999964e+04 7.717743108423884081e-14 5.496650757013737608e-14 4.894364664086409679e-14
1.287129999999999927e+04 6.613325332187446539e-14 1.468692373113184989e-14 8.500528906521468120e-14
1.321010000000000036e+04 5.426958542396368605e-14 6.952576152841079794e-14 2.819204726605862682e-14
1.354900000000000000e+04 5.547891218099590619e-14 6.773777821593006734e-14 1.618125802391699508e-14
1.388789999999999964e+04 5.275684662205825522e-14 1.429230370840434429e-14 6.052206639754758686e-14
1.422679999999999927e+04 4.175989140153728557e-14 1.922320560985203280e-14 5.633880861617047113e-14
1.456570000000000073e+04 3.574669114434909594e-14 5.786612634865791616e-14 1.403813400988117158e-14
1.490460000000000036e+04 3.722484955528614814e-14 5.282002150770554450e-14 8.537006649100040723e-15
1.524350000000000000e+04 3.650957523333581785e-14 1.636855441681795806e-14 3.780631187907254575e-14
1.559020000000000073e+04 2.962291349728541617e-14 4.925701732397420899e-15 4.860447394499036091e-14
1.604210000000000036e+04 2.261095740385445542e-14 3.573856334175959928e-14 1.762996256164247798e-14
1.649400000000000000e+04 2.374781259138811510e-14 4.343936189161128503e-14 2.317818597957640417e-15
1.694590000000000146e+04 2.445362934303802232e-14 1.493299835506453176e-14 2.425603821027595689e-14
1.739779999999999927e+04 1.941617226435433441e-14 2.293547638600187224e-15 3.640995639590792088e-14
1.784979999999999927e+04 1.428948354517566569e-14 1.909626860951777567e-14 2.003643825066338602e-14
1.830170000000000073e+04 1.360342391897202802e-14 3.341295838784038165e-14 1.961614624919046201e-15
1.875359999999999854e+04 1.518754355880644085e-14 2.561525036960284383e-14 4.127770338428404046e-15
1.920550000000000000e+04 1.481263052066896841e-14 8.186837617228711879e-15 1.812183870351872637e-14
1.965740000000000146e+04 1.185087587078645779e-14 8.748782623430842716e-16 2.510413853839942448e-14
2.010929999999999927e+04 8.536921963289211877e-15 7.569324195751679263e-15 1.860305542705823497e-14
2.056129999999999927e+04 7.041111007271888207e-15 1.805167163470464005e-14 6.768493232489399556e-15
2.110150000000000000e+04 7.670692568073583073e-15 2.156495007676348384e-14 -2.013009268034931046e-16
2.170420000000000073e+04 8.746115660987252526e-15 1.242844891592585097e-14 5.457306107172685670e-15
2.230679999999999927e+04 7.832809484621824483e-15 2.193807579518663194e-15 1.432005919905273067e-14
2.290950000000000000e+04 5.576948616874809474e-15 1.184280514945142113e-15 1.551983536303313016e-14
2.351209999999999854e+04 3.834099495884382311e-15 7.424584168123146551e-15 9.150719111160329868e-15
2.411470000000000073e+04 3.494230688380879811e-15 1.305328929633583071e-14 2.095913615243496426e-15
2.471740000000000146e+04 4.103262939188057620e-15 1.331488429264499534e-14 -2.684476551763492459e-16
2.532000000000000000e+04 4.620430160445034294e-15 8.833750298249661584e-15 2.264867006499784529e-15
2.592270000000000073e+04 4.445891412042774929e-15 3.460891443095822948e-15 6.508526889268787317e-15
2.652529999999999927e+04 3.608935022980244651e-15 4.182760025304271980e-16 9.158779251225232957e-15
2.712800000000000000e+04 2.574457182293218792e-15 6.104182523840770734e-16 8.941748765139520331e-15
2.775140000000000146e+04 1.741257936642709942e-15 3.040406065929536848e-15 6.331127482028333015e-15
2.855500000000000000e+04 1.395581315269862462e-15 6.499547125485983480e-15 2.248800380304679882e-15
2.935870000000000073e+04 1.655994741649331694e-15 7.661389616595586854e-15 -4.743338608328299449e-17
3.016229999999999927e+04 2.033814096495915614e-15 6.123073265302407977e-15 2.849023037481738207e-16
3.096590000000000146e+04 2.168284986481818898e-15 3.389679685915198899e-15 2.197881695876649509e-15
3.176959999999999854e+04 1.933952518628722042e-15 1.058183463508857978e-15 4.104589336666201264e-15
3.257320000000000073e+04 1.471097801373385323e-15 7.116016237986462120e-17 4.957732730560557954e-15
3.337680000000000291e+04 9.811164943003465385e-16 4.177991162272875765e-16 4.536168581358147079e-15
3.418050000000000000e+04 6.318853722973897971e-16 1.527711051580311579e-15 3.300868397146127081e-15
3.498409999999999854e+04 4.722492103024494450e-16 2.705376977328629381e-15 1.823568083824023471e-15
3.578780000000000291e+04 4.802640966007802053e-16 3.464147251357784429e-15 6.391991088770399114e-16
3.659140000000000146e+04 5.812159273099560611e-16 3.597991821154854090e-15 4.519656798151420847e-18
3.756140000000000146e+04 7.386692787319119737e-16 3.129032787743418194e-15 -2.904920453686264077e-17
3.863309999999999854e+04 8.396015894169076296e-16 2.104988587273670848e-15 5.553795232791368645e-16
3.970469999999999709e+04 8.167380117115777979e-16 1.047653995351916416e-15 1.330364457253337565e-15
4.077640000000000146e+04 6.903099991720863084e-16 3.128977078292014522e-16 1.916231688857153216e-15
4.184800000000000000e+04 5.134007078236505893e-16 2.240247348151670611e-17 2.134281760587780380e-15
4.291969999999999709e+04 3.384356475415009149e-16 1.135250652887998020e-16 1.980313557723103844e-15
4.399140000000000146e+04 2.064468534149270968e-16 4.334342896632918223e-16 1.594284331630015748e-15
4.506300000000000000e+04 1.281222581541362689e-16 8.161841769799472140e-16 1.100084450739277356e-15
4.613469999999999709e+04 1.015859960387387810e-16 1.137430292802256959e-15 6.326582191136768431e-16
4.720640000000000146e+04 1.126731887338341027e-16 1.323037563705883095e-15 2.714752422564138477e-16
4.827800000000000000e+04 1.453163480103838643e-16 1.369281811026507921e-15 5.252325139076986919e-17
4.939900000000000000e+04 1.853328820621405307e-16 1.280899422726024104e-15 -3.314258159614868763e-17
5.082809999999999854e+04 2.307470460355660028e-16 1.054854760851792386e-15 2.001841915942516481e-17
5.225719999999999709e+04 2.517713716008817773e-16 7.537303939016899162e-16 1.784041777473495674e-16
5.368630000000000291e+04 2.496478055142283732e-16 4.689430555593076334e-16 3.676013020604057911e-16
5.511540000000000146e+04 2.246636591361937765e-16 2.381123474210976482e-16 5.277486700311993399e-16
5.654450000000000000e+04 1.866823703185442774e-16 8.734390887233932655e-17 6.301999398084058769e-16
5.797350000000000000e+04 1.438729626155766698e-16 1.513466745476685719e-17 6.670493013037876819e-16
5.940259999999999854e+04 1.023427718295054019e-16 6.746127066890717607e-18 6.424308886295313810e-16
6.083169999999999709e+04 6.777584526580587843e-17 4.207609799614933116e-17 5.798318195312953986e-16
6.226080000000000291e+04 4.098582188307782037e-17 1.008259935343852686e-16 4.880280896173627348e-16
6.368990000000000146e+04 2.274743593976025220e-17 1.655712698521580143e-16 3.847649858764353660e-16
6.511900000000000000e+04 1.247002215533846267e-17 2.262840716349851818e-16 2.871661878774676617e-16
6.686039999999999418e+04 8.431094114967711256e-18 2.858399985077742701e-16 1.841283519297525154e-16
6.876610000000000582e+04 1.127746971523824411e-17 3.267980485722776860e-16 9.688646243127855828e-17
7.067180000000000291e+04 1.827923361074792863e-17 3.399234564752791782e-16 3.768532081936232338e-17
7.257750000000000000e+04 2.666333246902285207e-17 3.292417017450523638e-16 4.743333881492586645e-18
7.448319999999999709e+04 3.427468064564480605e-17 2.992941567758601217e-16 -6.720674808016954379e-18
7.638900000000000000e+04 4.049905308722688973e-17 2.617673864264763087e-16 -2.752544790494585970e-18
7.829469999999999709e+04 4.422436636580652204e-17 2.175647620262415563e-16 1.094841278074796978e-17
8.020039999999999418e+04 4.565513826738846808e-17 1.734331053867385145e-16 2.939651350002396269e-17
8.210610000000000582e+04 4.482472975060343595e-17 1.319320550503245244e-16 4.859080317803798574e-17
8.401180000000000291e+04 4.274522058651370334e-17 9.683862852597759116e-17 6.657911145667746636e-17
8.591760000000000582e+04 3.923405336177657204e-17 6.722690284504731663e-17 8.104653565344776701e-17
8.793289999999999418e+04 3.492776468121844555e-17 4.304036190730612370e-17 9.251138520243745648e-17
9.047419999999999709e+04 2.961963525681050510e-17 2.204112167740849134e-17 1.027824114612182104e-16
9.301550000000000000e+04 2.391872018629190473e-17 8.961116279167177662e-18 1.060148999530546792e-16
9.555680000000000291e+04 1.878985294951529821e-17 2.416329605235450921e-18 1.053118767828252386e-16
9.809810000000000582e+04 1.405131082986054546e-17 5.461845017704306378e-19 9.975221821477038779e-17
1.006390000000000000e+05 1.006625354305072391e-17 1.865083876628935150e-18 9.172343062001239050e-17
