1.017789999999999928e+01 1.365435882517907406e-04 1.352060980252283351e-04 1.346799271635895992e-04
1.043200000000000038e+01 1.274201328734276975e-04 1.295755376792148640e-04 1.285693662659686534e-04
1.068609999999999971e+01 1.212320023193971775e-04 1.218896400049048108e-04 1.221037034274245238e-04
1.094030000000000058e+01 1.159727432536019552e-04 1.152559771942836145e-04 1.149421592840966394e-04
1.119439999999999991e+01 1.079234142143240715e-04 1.108049248047189345e-04 1.104293516507945117e-04
1.144849999999999923e+01 1.036344654461392764e-04 1.043370733302752024e-04 1.041389667694339149e-04
1.171439999999999948e+01 9.940563223401155076e-05 9.834054433811807499e-05 9.844529819810261427e-05
1.205320000000000036e+01 9.507253335159981055e-05 9.115133023976789990e-05 9.075528920847118471e-05
1.239209999999999923e+01 8.947274446133220713e-05 8.519334198107462552e-05 8.453847979835708729e-05
1.273099999999999987e+01 8.601956872901413706e-05 7.895547463699976629e-05 7.870847501303157340e-05
1.306990000000000052e+01 7.851781944428676599e-05 7.526030499578353309e-05 7.500880218513825929e-05
1.340879999999999939e+01 7.068999306410050237e-05 7.221714889238908970e-05 7.253852322250959185e-05
1.374770000000000003e+01 7.019621286756723161e-05 6.650717756138481743e-05 6.626632469324213366e-05
1.408660000000000068e+01 6.472407671695943070e-05 6.329099655780468750e-05 6.340779240665300081e-05
1.442549999999999955e+01 6.016050427524983297e-05 6.026666459728393261e-05 6.031373813633625022e-05
1.476440000000000019e+01 5.900500611926204732e-05 5.623522450052908074e-05 5.558998123079366522e-05
1.510330000000000084e+01 5.320339966844748542e-05 5.411269602986668346e-05 5.426319079643399600e-05
1.544209999999999994e+01 4.976226694984369549e-05 5.200747856636981297e-05 5.171323620125257861e-05
1.585510000000000019e+01 4.763854433805018692e-05 4.792928070163222085e-05 4.785416468178339377e-05
1.630699999999999861e+01 4.256742941294120060e-05 4.543330238304412437e-05 4.606038689898202547e-05
1.675890000000000057e+01 4.111498719735992319e-05 4.207201572334109263e-05 4.221412348433814450e-05
1.721079999999999899e+01 3.887222513981796542e-05 3.921806418505439625e-05 3.934080599717878151e-05
1.766280000000000072e+01 3.474567759035935741e-05 3.746482678069112314e-05 3.793761378791037585e-05
1.811469999999999914e+01 3.384090363760991054e-05 3.484645792836932147e-05 3.472640750692364454e-05
1.856660000000000110e+01 3.206584225695095677e-05 3.254251866048600724e-05 3.258587959361703893e-05
1.901849999999999952e+01 3.024247965263137752e-05 3.047245269838622943e-05 3.070376144796619722e-05
1.947040000000000148e+01 2.803909399174718268e-05 2.892122668626603759e-05 2.915226229457806715e-05
1.992229999999999990e+01 2.616754944053703875e-05 2.739279511994841972e-05 2.762410208152581408e-05
2.037430000000000163e+01 2.487334412002851060e-05 2.576074540497292202e-05 2.597596460702355771e-05
2.085219999999999985e+01 2.380526791792042681e-05 2.415044855091877005e-05 2.418948719070568065e-05
2.145479999999999876e+01 2.158602628336703317e-05 2.280304140631668074e-05 2.278807971277903703e-05
2.205750000000000099e+01 2.038318305865362832e-05 2.111036797441305859e-05 2.123825404355249318e-05
2.266009999999999991e+01 1.896959395622808069e-05 1.977939254047165625e-05 1.986009662006267518e-05
2.326269999999999882e+01 1.826226331685957746e-05 1.825688683361840822e-05 1.832099623942878928e-05
2.386540000000000106e+01 1.653394989503845322e-05 1.741658166349791594e-05 1.741664369153487888e-05
2.446799999999999997e+01 1.568861297278390280e-05 1.614012612585989648e-05 1.634163251526965109e-05
2.507069999999999865e+01 1.484407318800156493e-05 1.513436135297439439e-05 1.523573678462986398e-05
2.567330000000000112e+01 1.411909717331870617e-05 1.414894178461596842e-05 1.421481070286232434e-05
2.627590000000000003e+01 1.324346887403005430e-05 1.332436732648252092e-05 1.338436199134167107e-05
2.687859999999999872e+01 1.202110893068797538e-05 1.274893745301021039e-05 1.280344859542269769e-05
2.748120000000000118e+01 1.141418513156458502e-05 1.188441040964365107e-05 1.210818971263622372e-05
2.822250000000000014e+01 1.086032675955084183e-05 1.109624884014510425e-05 1.107183472816894179e-05
2.902609999999999957e+01 1.026128337232640981e-05 1.030070601284203175e-05 1.028480078936142852e-05
2.982979999999999876e+01 9.094225950982248635e-06 9.768294203799958637e-06 9.888480282872789213e-06
3.063340000000000174e+01 8.561792880895350595e-06 8.969684645657443212e-06 9.337033736835323680e-06
3.143700000000000117e+01 8.202054276371390431e-06 8.434637514523169076e-06 8.474648352540181066e-06
3.224069999999999681e+01 7.927145740341175759e-06 7.818014595085882415e-06 7.779478712292775750e-06
3.304429999999999978e+01 7.108639758777978184e-06 7.564440527882073956e-06 7.276330005841104993e-06
3.384790000000000276e+01 6.917118631821415865e-06 6.901951960471607149e-06 6.848963598154149271e-06
3.465160000000000196e+01 6.391711480254233836e-06 6.502566964933122224e-06 6.507013389197087510e-06
3.545519999999999783e+01 5.898509542637441879e-06 6.156452276635932371e-06 6.174657281326044032e-06
3.625880000000000081e+01 5.691729137199101228e-06 5.730213343243564762e-06 5.725401177520767493e-06
3.711789999999999878e+01 5.192333442034477000e-06 5.429370828167124376e-06 5.470614734125288093e-06
3.818959999999999866e+01 4.949158344323196078e-06 5.017935789804494923e-06 5.008510158492477864e-06
3.926129999999999853e+01 4.403956500275139025e-06 4.778403195912971612e-06 4.768762272563147655e-06
4.033290000000000219e+01 4.383134317233776313e-06 4.305237392625927694e-06 4.324769384806010700e-06
4.140460000000000207e+01 4.105948456845202887e-06 4.021540442884142638e-06 4.042640996761038888e-06
4.247630000000000194e+01 3.658458827966884335e-06 3.878357948295571647e-06 3.829817135820508278e-06
4.354789999999999850e+01 3.529671036507735927e-06 3.546717051496541283e-06 3.574552220992136834e-06
4.461959999999999837e+01 3.265799891580759520e-06 3.351242315330310309e-06 3.348935917534228744e-06
4.569129999999999825e+01 3.033505679870038156e-06 3.147074487079698389e-06 3.169851736818101448e-06
4.676290000000000191e+01 2.934201253865732042e-06 2.926283717427658841e-06 2.919969473557574798e-06
4.783460000000000178e+01 2.676636686618018757e-06 2.778433792835132263e-06 2.791650929769532472e-06
4.890630000000000166e+01 2.547214845220994604e-06 2.607929462087835187e-06 2.604751920025725348e-06
5.023669999999999902e+01 2.396546104308556108e-06 2.416957729601081028e-06 2.407825152165051806e-06
5.166579999999999728e+01 2.185488463835375075e-06 2.260812434605813232e-06 2.268741966821335619e-06
5.309490000000000265e+01 2.083476529998982533e-06 2.072750635332670551e-06 2.097223540546857453e-06
5.452400000000000091e+01 1.857137756214128372e-06 1.991194247499822368e-06 1.950317555594181789e-06
5.595309999999999917e+01 1.856524538358719090e-06 1.814271638931900956e-06 1.801893408976005861e-06
5.738219999999999743e+01 1.635167001398459410e-06 1.739341887337115115e-06 1.733819779584055994e-06
5.881130000000000280e+01 1.568929383371488420e-06 1.617367249726878422e-06 1.603908405138084480e-06
6.024040000000000106e+01 1.480477860222302737e-06 1.500082387762696841e-06 1.490680677987999849e-06
6.166949999999999932e+01 1.374166126906523729e-06 1.415541770296893250e-06 1.412955639111729129e-06
6.309859999999999758e+01 1.291829444603631190e-06 1.328713599712438959e-06 1.329570131786344849e-06
6.452760000000000673e+01 1.201138406379202895e-06 1.249754807315018274e-06 1.250289172155443908e-06
6.607179999999999609e+01 1.121943950996718686e-06 1.171800226454200795e-06 1.173175149449389101e-06
6.797750000000000625e+01 1.048416141461728239e-06 1.084786680206015501e-06 1.100303000156010501e-06
6.988320000000000221e+01 9.897274768059371968e-07 9.704020206893880218e-07 1.015245254577547805e-06
7.178889999999999816e+01 8.800964011264575923e-07 9.557242400644482613e-07 9.589114370241331597e-07
7.369469999999999743e+01 8.600805335731495395e-07 8.645743146863685294e-07 9.113633277086692960e-07
7.560039999999999338e+01 8.133963883212503125e-07 8.240102884534522233e-07 8.102381579811389285e-07
7.750610000000000355e+01 7.505204468931148249e-07 7.612965181756658349e-07 7.679776068806008330e-07
7.941179999999999950e+01 6.746403480715497231e-07 7.281927137791210275e-07 7.275258028896444441e-07
8.131749999999999545e+01 6.366916418079529011e-07 6.754971682198916896e-07 6.830901492345847378e-07
8.322329999999999472e+01 6.069164024853912334e-07 6.256651414890484148e-07 6.358422607420596251e-07
8.512900000000000489e+01 5.968476920192460110e-07 5.834826018231757279e-07 5.966767834977306387e-07
8.703470000000000084e+01 5.309268275904913187e-07 5.605869095685305555e-07 5.584444979787142482e-07
8.942260000000000275e+01 4.939881364624393380e-07 5.165604064851726421e-07 5.224382521135366373e-07
9.196389999999999532e+01 4.680237559256098055e-07 4.830185840174184305e-07 4.754790710696367342e-07
9.450520000000000209e+01 4.190659412341085242e-07 4.153002786389058570e-07 4.530108697805836695e-07
9.704659999999999798e+01 3.901775708543267382e-07 4.183902710037724796e-07 4.289415537183827214e-07
9.958790000000000475e+01 3.756029124269625512e-07 3.914025073936700097e-07 3.878042837232724245e-07
1.021290000000000049e+02 3.556118416650128201e-07 3.637357453416333985e-07 3.651591606265175469e-07
1.046710000000000065e+02 3.307833614061289691e-07 3.403393023577784035e-07 3.414895575386807708e-07
1.072120000000000033e+02 3.086512841246518567e-07 3.148343623959944822e-07 3.226323176293503621e-07
1.097530000000000001e+02 2.909802177647331833e-07 2.938240369375406372e-07 3.025778692313851012e-07
1.122939999999999969e+02 2.704133135495345395e-07 2.781786940578431329e-07 3.033916670158805750e-07
1.148359999999999985e+02 2.534462598933907081e-07 2.560508267604223975e-07 2.687997906237170558e-07
1.176110000000000042e+02 2.363465620944575588e-07 2.445120540434542163e-07 2.493113919614645743e-07
1.210000000000000000e+02 2.239412637609741428e-07 2.083092465108857599e-07 2.413379528367472125e-07
1.243889999999999958e+02 2.091225973100268765e-07 2.087359870870901042e-07 2.094693848028831262e-07
1.277780000000000058e+02 1.909927739512143391e-07 2.013595821949533846e-07 1.911007856353040913e-07
1.311670000000000016e+02 1.790816670795057399e-07 1.927932485432733510e-07 1.713751158972210039e-07
1.345550000000000068e+02 1.612161843755127192e-07 1.766757634726591552e-07 1.682064057518282217e-07
1.379439999999999884e+02 1.478837823256265759e-07 1.598034053636533780e-07 1.647138851107200786e-07
1.413329999999999984e+02 1.376646231875363415e-07 1.483013598820553286e-07 1.550899310104084026e-07
1.447220000000000084e+02 1.316371673530659373e-07 1.402179305665335691e-07 1.369241054181463107e-07
1.481109999999999900e+02 1.243396871202265229e-07 1.307958564545077242e-07 1.301143417898652535e-07
1.515000000000000000e+02 1.116666893229026047e-07 1.230101187939157946e-07 1.259793346031816776e-07
1.548890000000000100e+02 1.081496962942385147e-07 1.159020770378186472e-07 1.136319521079428804e-07
1.591740000000000066e+02 1.029529426341067151e-07 1.052396196306429116e-07 1.052823015752504314e-07
1.636930000000000121e+02 9.272866728798494770e-08 1.001473866658092298e-07 9.780638924620586641e-08
1.682129999999999939e+02 8.396398568947740272e-08 9.092716655658899999e-08 9.480870647393362602e-08
1.727319999999999993e+02 7.753338072992345462e-08 8.513843011845871162e-08 8.815144379161787995e-08
1.772510000000000048e+02 7.475824256190805622e-08 7.884355479520033891e-08 7.972751936289163874e-08
1.817700000000000102e+02 6.765945002457197754e-08 7.681984288388853358e-08 7.279847477153953441e-08
1.862889999999999873e+02 6.446875466287726503e-08 6.715740183637329821e-08 7.088441814074946196e-08
1.908079999999999927e+02 6.020331383268597964e-08 6.419596939822849818e-08 6.439266556908555950e-08
1.953280000000000030e+02 5.594502804071189548e-08 6.081928446260330667e-08 5.953325861668482273e-08
1.998470000000000084e+02 5.270127064705679639e-08 5.404423572687826266e-08 5.791047673546829880e-08
2.043660000000000139e+02 4.857082050953206805e-08 5.318875666947734068e-08 5.204146691166572243e-08
2.093530000000000086e+02 4.609535777527303873e-08 4.790326922194252282e-08 4.937675749078446665e-08
2.153789999999999907e+02 4.232236253499622978e-08 4.622432750709662173e-08 4.412055139790715472e-08
2.214060000000000059e+02 3.858681287641235086e-08 4.184396317857921392e-08 4.248267066500845673e-08
2.274319999999999879e+02 3.549985457065491103e-08 4.003293608798399030e-08 3.849960651532757331e-08
2.334590000000000032e+02 3.304801489989878517e-08 3.551354328276809861e-08 3.730540295492615579e-08
2.394850000000000136e+02 3.000137448419424646e-08 3.252024427167236562e-08 3.580816604413339977e-08
2.455109999999999957e+02 2.848662776844434281e-08 3.014954568273166943e-08 3.288721854082400403e-08
2.515380000000000109e+02 2.664968391471332681e-08 2.871708750845503797e-08 2.971723765788484557e-08
2.575640000000000214e+02 2.438702928370515372e-08 2.765759848340483583e-08 2.731571303289001709e-08
2.635910000000000082e+02 2.409945827575176790e-08 2.493894460077150281e-08 2.481914215051792119e-08
2.696170000000000186e+02 2.076891706683348918e-08 2.370895466042089119e-08 2.450241059274563115e-08
2.756440000000000055e+02 1.982502228650318776e-08 2.185542732779905062e-08 2.268151478569776438e-08
2.833330000000000268e+02 1.902154079149664524e-08 2.003976917586041994e-08 2.048808518464294715e-08
2.913700000000000045e+02 1.682518600046255263e-08 1.869436829257934464e-08 1.954200994695810575e-08
2.994060000000000059e+02 1.664041130593913615e-08 1.710267260865142500e-08 1.717962511740944892e-08
3.074420000000000073e+02 1.391176336937921942e-08 1.575461355963344420e-08 1.754947127098734166e-08
3.154789999999999850e+02 1.417381829088159276e-08 1.506538412212005159e-08 1.474248323636964833e-08
3.235149999999999864e+02 1.288864312448873417e-08 1.386072134277533556e-08 1.388761627208558267e-08
3.315509999999999877e+02 1.128191383764044385e-08 1.309409005582708151e-08 1.337703065113574077e-08
3.395880000000000223e+02 1.153457509108512441e-08 1.166953052103684956e-08 1.189034266787803338e-08
3.476240000000000236e+02 1.006822543781097201e-08 1.133514581572508601e-08 1.089834255931290744e-08
3.556610000000000014e+02 8.757618915828617863e-09 1.070557186825706731e-08 1.091141673591432076e-08
3.636970000000000027e+02 9.095946500782253464e-09 9.513517455651753780e-09 9.651690443565998046e-09
3.726580000000000155e+02 8.365661038753848188e-09 8.781303177669958321e-09 9.102921695576200404e-09
3.833740000000000236e+02 6.789043560460506435e-09 8.475298127040319673e-09 8.960717432499177718e-09
3.940910000000000082e+02 7.077482879865426663e-09 7.568524031230143097e-09 7.736315648904435134e-09
4.048079999999999927e+02 6.767142924448493832e-09 6.959373952721835062e-09 6.975081470029673866e-09
4.155240000000000009e+02 5.375370775652504528e-09 6.848478700804743246e-09 6.923504373142755437e-09
4.262409999999999854e+02 5.231614451382466609e-09 6.101519448302701968e-09 6.421137284314836600e-09
4.369569999999999936e+02 5.540424883653618309e-09 5.397298499102501903e-09 5.519020617243883111e-09
4.476739999999999782e+02 4.790558582029207974e-09 5.284288992618809159e-09 5.190161233351986574e-09
4.583910000000000196e+02 3.903977897775770216e-09 5.127101564455100613e-09 5.126841185769130995e-09
4.691070000000000277e+02 3.864280229631686468e-09 4.559484484706122249e-09 4.732205957662193959e-09
4.798240000000000123e+02 4.106410608548383759e-09 3.969983976611354038e-09 4.142055326840264095e-09
4.905409999999999968e+02 3.772926986610023754e-09 3.927501221495350630e-09 3.653552071894627395e-09
5.043389999999999986e+02 2.967593788416554431e-09 3.794759427721473078e-09 3.708159007861973531e-09
5.186299999999999955e+02 2.659930281528628057e-09 3.451981997359672698e-09 3.532141889111700365e-09
5.329199999999999591e+02 2.912202820814561231e-09 2.930604776547092096e-09 3.066613873838348096e-09
5.472110000000000127e+02 2.820877849462284233e-09 2.698884454673413981e-09 2.709511964664303275e-09
5.615019999999999527e+02 2.302369302451003535e-09 2.786402702807220884e-09 2.519108774741776983e-09
5.757930000000000064e+02 1.873983033176202563e-09 2.390656308771378292e-09 2.733676955907767645e-09
5.900839999999999463e+02 1.799377313455993744e-09 2.274427860027170767e-09 2.437590464061358412e-09
6.043750000000000000e+02 1.968709192213090532e-09 1.857581734961108123e-09 2.209628667225802922e-09
6.186660000000000537e+02 1.997127387381059600e-09 1.782627924439682159e-09 1.813354032979259009e-09
6.329569999999999936e+02 1.657111821349829223e-09 1.762069061841230472e-09 1.762136457608941615e-09
6.472480000000000473e+02 1.325019509759032082e-09 1.780166601403408087e-09 1.703203320037560592e-09
6.633460000000000036e+02 1.140805059842177072e-09 1.636985216309874450e-09 1.667232236647949303e-09
6.824039999999999964e+02 1.218852318381655025e-09 1.401783533539082015e-09 1.471015715279263611e-09
7.014610000000000127e+02 1.295553720543856327e-09 1.214481560308443914e-09 1.259826603049912664e-09
7.205180000000000291e+02 1.178170293181024091e-09 1.150835704255192229e-09 1.148996298563784213e-09
7.395750000000000455e+02 9.379741053248100492e-10 1.144695401167316214e-09 1.124732841827873875e-09
7.586319999999999482e+02 7.521899531771114484e-10 1.099735979574693352e-09 1.113530191408195582e-09
7.776900000000000546e+02 6.995226169861399008e-10 1.016837125126741327e-09 1.024306983087119049e-09
7.967469999999999573e+02 7.270469803772349695e-10 8.749001609856357829e-10 9.324479331971296879e-10
8.158039999999999736e+02 7.828203241097979356e-10 7.689826378115492841e-10 7.985389635577537912e-10
8.348609999999999900e+02 7.643786138990509709e-10 6.912898858363323350e-10 7.140488705046171506e-10
8.539180000000000064e+02 6.875086993329760670e-10 6.613585865907076948e-10 6.592627008763167835e-10
8.729759999999999991e+02 5.741116949969014829e-10 6.521792429707108523e-10 6.330746463523878570e-10
8.977309999999999945e+02 4.444735856760311005e-10 6.404687355891751201e-10 6.231004344147940389e-10
9.231449999999999818e+02 3.690577991298084639e-10 6.064364447493376088e-10 5.978907282008541834e-10
9.485579999999999927e+02 3.664116315049239666e-10 5.331862535361069975e-10 5.478381133536462153e-10
9.739710000000000036e+02 3.957704511452163669e-10 4.557793234125694156e-10 4.834182162582144841e-10
9.993840000000000146e+02 4.192766049324313350e-10 3.914896029708014230e-10 4.203755254967674222e-10
1.024799999999999955e+03 4.102425126461783719e-10 3.564063051457423930e-10 3.683313067360794123e-10
1.050210000000000036e+03 3.689427390203341470e-10 3.383017980878307369e-10 3.416577174678352403e-10
1.075619999999999891e+03 3.070646106361065271e-10 3.353775536392463267e-10 3.261015746126472697e-10
1.101039999999999964e+03 2.436345089039081358e-10 3.370140721133900020e-10 3.140521196467019577e-10
1.126450000000000045e+03 1.944277147018483577e-10 3.250675403603957655e-10 3.065135981777560271e-10
1.151859999999999900e+03 1.669952830271282309e-10 2.968286301628635342e-10 3.000527521860083105e-10
1.180779999999999973e+03 1.596296171344765366e-10 2.693607961460560643e-10 2.748413665362674769e-10
1.214670000000000073e+03 1.740103551656775882e-10 2.291769091433057806e-10 2.433189655726167968e-10
1.248559999999999945e+03 1.875829027145937007e-10 1.940726220944368678e-10 2.127889073853695325e-10
1.282450000000000045e+03 1.908781695423190359e-10 1.709238990098016748e-10 1.845757166606794235e-10
1.316339999999999918e+03 1.805157152845057753e-10 1.589782602939122194e-10 1.642171598623820824e-10
1.350230000000000018e+03 1.581814032647629936e-10 1.508306722727964737e-10 1.549958525408406093e-10
1.384119999999999891e+03 1.332169022360312718e-10 1.508775804320710970e-10 1.436130577687513750e-10
1.418009999999999991e+03 1.037259973429330517e-10 1.482595642690912050e-10 1.420405624160279909e-10
1.451900000000000091e+03 8.688217407991131086e-11 1.453488362830767098e-10 1.316371159524520167e-10
1.485789999999999964e+03 6.819362132735782819e-11 1.270869658148620805e-10 1.403393362360201241e-10
1.519670000000000073e+03 5.959125284415091762e-11 1.194899774684044106e-10 1.305720728398447495e-10
1.553559999999999945e+03 5.832104656040508897e-11 1.103691711244984327e-10 1.166452480541365179e-10
1.597980000000000018e+03 6.114025109004916056e-11 9.446365151090575007e-11 1.065973053061651104e-10
1.643170000000000073e+03 6.698733023601724969e-11 8.471164162152013925e-11 8.899233823510265674e-11
1.688359999999999900e+03 6.907970177959576580e-11 7.380530097689971147e-11 7.826771621112056271e-11
1.733549999999999955e+03 6.943396318959446831e-11 6.270513381728177844e-11 7.123274182883577009e-11
1.778740000000000009e+03 6.687039012814809012e-11 5.806024397100780712e-11 6.221835010968412028e-11
1.823930000000000064e+03 6.150991588836239208e-11 5.538236930364630384e-11 5.521414208682334165e-11
1.869130000000000109e+03 5.468371307806927063e-11 5.516711047292615668e-11 4.883027555503661235e-11
1.914319999999999936e+03 4.667721934961244622e-11 5.539253014150710778e-11 4.410602427256846700e-11
1.959509999999999991e+03 3.872315112266399559e-11 4.717198071268282419e-11 4.880014597325572804e-11
2.004700000000000045e+03 3.342938318930798670e-11 4.061822359099483993e-11 4.995515087643480389e-11
2.049889999999999873e+03 2.693820802361310392e-11 5.245461559850225297e-11 3.496002459069504785e-11
2.101840000000000146e+03 2.065671244096808612e-11 4.448102220841221992e-11 3.995869283198130185e-11
2.162110000000000127e+03 1.672518419754410281e-11 3.930412697109362454e-11 4.034764964933109547e-11
2.222369999999999891e+03 1.516136649622768770e-11 3.058859823304296358e-11 4.271503286983943830e-11
2.282630000000000109e+03 1.565655454053866349e-11 2.981606627322902415e-11 3.566868792877961033e-11
2.342900000000000091e+03 1.391274818136800574e-11 3.459885432023141909e-11 2.615847281456866090e-11
2.403159999999999854e+03 1.360932268116414785e-11 2.302810941155792103e-11 3.201928459696746892e-11
2.463429999999999836e+03 1.447365887619623332e-11 2.612279588715821262e-11 2.256486812572004364e-11
2.523690000000000055e+03 1.433229202494403088e-11 1.874138465174456684e-11 2.498371904230897842e-11
2.583960000000000036e+03 1.415876911080644559e-11 1.942077975038283137e-11 1.991928353135333188e-11
2.644219999999999800e+03 1.463039153684138561e-11 1.686510619623613883e-11 1.773978634957051817e-11
2.704480000000000018e+03 1.425403013381186305e-11 1.432042617606530848e-11 1.669465375381652319e-11
2.764750000000000000e+03 1.379443498006315341e-11 1.309839983022447104e-11 1.482345990925596432e-11
2.844420000000000073e+03 1.334827457074854474e-11 1.166537488676448255e-11 1.318966715593803583e-11
2.924780000000000200e+03 1.273556325000764553e-11 1.097396732985040820e-11 1.130655127947569623e-11
3.005150000000000091e+03 1.191830756580342266e-11 9.629853618485733239e-12 1.057577396125670245e-11
3.085510000000000218e+03 1.082109420200295271e-11 8.893976485770964344e-12 9.778855989041724007e-12
3.165869999999999891e+03 9.872054894647531681e-12 8.633413108842726585e-12 8.549865873602452345e-12
3.246239999999999782e+03 8.964053055900459549e-12 8.190715936686422366e-12 7.746740344105720545e-12
3.326599999999999909e+03 7.981175614102734348e-12 7.657413824420910533e-12 7.247318028840893956e-12
3.406960000000000036e+03 7.016947160431688477e-12 7.186625589638446789e-12 6.837610064577952438e-12
3.487329999999999927e+03 6.117558449000369951e-12 6.758337059238180043e-12 6.448852097609374452e-12
3.567690000000000055e+03 5.328623741413095931e-12 6.358444177056984626e-12 6.103807212276395093e-12
3.648050000000000182e+03 4.638971398497245848e-12 5.969049700855780266e-12 5.744816080950956145e-12
3.741360000000000127e+03 3.942124528848011045e-12 5.606974792922788720e-12 5.450378000785796240e-12
3.848519999999999982e+03 3.238892421863467161e-12 5.273175656592048140e-12 5.225136796958134436e-12
3.955690000000000055e+03 2.673428690745948306e-12 4.946429375303046180e-12 4.948380207354672124e-12
4.062860000000000127e+03 2.243087897129940846e-12 4.620923401687204504e-12 4.683534467613679507e-12
4.170020000000000437e+03 1.922810138609578419e-12 4.298481567770262699e-12 4.373694694764643448e-12
4.277189999999999600e+03 1.707727632701917333e-12 4.049607312095033508e-12 3.970291051381458103e-12
4.384359999999999673e+03 1.540868891596603745e-12 3.874125177613663154e-12 3.520423248022438061e-12
4.491520000000000437e+03 1.319038453243873909e-12 3.616283107661841393e-12 3.261865784509685647e-12
4.598689999999999600e+03 1.062534377018024455e-12 3.206909293935874825e-12 3.271543310781360930e-12
4.705859999999999673e+03 9.597753837272065462e-13 2.908095809460206270e-12 3.059482582750519647e-12
4.813020000000000437e+03 9.752398028746631378e-13 2.784994315031468626e-12 2.595489157684433770e-12
4.920189999999999600e+03 8.412636095075606969e-13 2.461749656318312366e-12 2.542570738090740810e-12
5.063100000000000364e+03 7.610569692168882809e-13 2.176280062982518653e-12 2.409343952803608900e-12
5.206010000000000218e+03 7.392862327016614023e-13 2.004795950435742212e-12 2.151215217832824785e-12
5.348920000000000073e+03 7.611824240258376929e-13 1.874495191119452553e-12 1.850453351023282570e-12
5.491819999999999709e+03 7.436671000083315251e-13 1.627724969836778501e-12 1.742801156266681610e-12
5.634729999999999563e+03 6.954048641294554604e-13 1.434291084241095756e-12 1.638202273027063902e-12
5.777640000000000327e+03 6.981969586816206532e-13 1.357493504575260071e-12 1.408370042411387722e-12
5.920550000000000182e+03 6.864285860504099273e-13 1.165400661856521985e-12 1.327974691343398917e-12
6.063460000000000036e+03 6.583311925379124831e-13 1.075061233932959882e-12 1.186390888911900233e-12
6.206369999999999891e+03 6.478472322593825191e-13 9.517595324007248650e-13 1.077457346048458674e-12
6.349279999999999745e+03 6.235137713319644018e-13 8.669766856478851680e-13 9.708216363914067606e-13
6.492189999999999600e+03 6.029275619101228267e-13 7.637877941041438271e-13 8.925459912575828155e-13
6.659750000000000000e+03 5.839938199374529101e-13 7.093746518766941804e-13 7.762305833371561648e-13
6.850319999999999709e+03 5.615776743810288730e-13 5.912282803030146284e-13 7.361533685612448709e-13
7.040890000000000327e+03 5.422252524008019490e-13 5.771635043405543695e-13 6.143270741684480089e-13
7.231470000000000255e+03 5.196063892490724753e-13 4.738055984880371924e-13 5.945146889078524543e-13
7.422039999999999964e+03 4.932820163864870498e-13 4.651261029468976040e-13 4.971295241382801051e-13
7.612609999999999673e+03 4.696099379358270654e-13 3.765159024899645509e-13 4.889131610000209410e-13
7.803180000000000291e+03 4.412402323749419831e-13 3.989117305812695631e-13 3.824710447013488152e-13
7.993750000000000000e+03 4.184814118415415713e-13 2.745683439323956106e-13 4.311380276367551201e-13
8.184329999999999927e+03 3.890808315303532588e-13 3.651944517504411270e-13 2.771856793371539053e-13
8.374899999999999636e+03 3.694162187687183373e-13 2.083066734007072711e-13 3.688201947505701679e-13
8.565469999999999345e+03 3.377174973967079901e-13 2.754553615022539458e-13 2.539248587358194770e-13
8.758229999999999563e+03 3.192648806539783371e-13 2.495874839187537622e-13 2.277126406127924779e-13
9.012370000000000800e+03 2.935700978037020740e-13 1.680295554692852771e-13 2.662795007246583474e-13
9.266500000000000000e+03 2.723888538402711717e-13 2.426534585956879304e-13 1.507646411077803081e-13
9.520629999999999200e+03 2.545714907802070799e-13 9.863819214008924576e-14 2.563749627109827390e-13
9.774760000000000218e+03 2.256502618489712731e-13 2.246394548902872634e-13 1.068171182471221463e-13
1.002889999999999964e+04 2.199631072735294597e-13 1.132908127705304235e-13 1.786057528011136854e-13
1.028300000000000000e+04 1.923318206456496575e-13 1.033054348042835198e-13 1.734943412266542739e-13
1.053720000000000073e+04 1.764500022275541680e-13 1.907728161024961818e-13 6.299054083331847637e-14
1.079129999999999927e+04 1.712803727651964280e-13 7.139113787600163904e-14 1.511431865647196925e-13
1.104539999999999964e+04 1.468991876296281438e-13 7.293564685380724702e-14 1.421911571921221489e-13
1.129960000000000036e+04 1.323228605365854603e-13 1.577110973698962369e-13 4.188024155697676437e-14
1.155370000000000073e+04 1.315009227972937583e-13 8.723637599737985697e-14 8.566041774938875911e-14
1.185460000000000036e+04 1.139832340321580053e-13 3.202143352859621049e-14 1.325519145653714327e-13
1.219350000000000000e+04 9.674602638278791356e-14 1.246882602495952441e-13 3.232150018334637270e-14
1.253239999999999964e+04 9.917473739162172372e-14 7.063484831096463556e-14 6.291831331381657297e-14
1.287129999999999927e+04 8.491609606362131822e-14 1.888507484168632482e-14 1.091461900319345902e-13
1.321010000000000036e+04 6.963236211543907104e-14 8.920250362758818714e-14 3.618121792831702228e-14
1.354900000000000000e+04 7.112138633995734200e-14 8.681629464079090645e-14 2.076775431188688418e-14
1.388789999999999964e+04 6.756573544423562190e-14 1.831429048030493296e-14 7.751125858145276612e-14
1.422679999999999927e+04 5.343261154852700503e-14 2.461083028364304559e-14 7.207058638727403056e-14
1.456570000000000073e+04 4.569569476745981813e-14 7.394628363818595750e-14 1.795132085130063188e-14
1.490460000000000036e+04 4.752946693705437934e-14 6.741076807819772479e-14 1.091801171208864392e-14
1.524350000000000000e+04 4.655598790163550330e-14 2.087017790956201006e-14 4.820733513546942727e-14
1.559020000000000073e+04 3.772777190476887969e-14 6.285313544844184708e-15 6.187979652727644279e-14
1.604210000000000036e+04 2.877446509854244462e-14 4.545664220108245108e-14 2.242620264806137684e-14
1.649400000000000000e+04 3.018727269874608099e-14 5.517681485114436783e-14 2.959777883730661008e-15
1.694590000000000146e+04 3.104483206371000381e-14 1.894759099852249717e-14 3.078840635127243772e-14
1.739779999999999927e+04 2.462175678999223223e-14 2.915769705827377927e-15 4.614253821518764565e-14
1.784979999999999927e+04 1.810291279320235958e-14 2.417486162240849158e-14 2.535879462392198093e-14
1.830170000000000073e+04 1.721153555419147006e-14 4.222597650703219851e-14 2.486547542817154224e-15
1.875359999999999854e+04 1.918354516644140189e-14 3.231982403133316539e-14 5.219627569482891046e-15
1.920550000000000000e+04 1.867858347581330224e-14 1.031445283425555165e-14 2.283936171715403136e-14
1.965740000000000146e+04 1.492058045281196637e-14 1.105233165572599852e-15 3.157725945777912382e-14
2.010929999999999927e+04 1.073304845240473580e-14 9.508646691135667239e-15 2.335563018850248996e-14
2.056129999999999927e+04 8.838097535075657511e-15 2.262136656585839272e-14 8.482674752271397354e-15
2.110150000000000000e+04 9.610344385473425290e-15 2.697381564772078852e-14 -2.467709957697183895e-16
2.170420000000000073e+04 1.093782119163628181e-14 1.552107503203103942e-14 6.822466442502178887e-15
2.230679999999999927e+04 9.780153432320282447e-15 2.736325203925606264e-15 1.786164106346415672e-14
2.290950000000000000e+04 6.954776991792243391e-15 1.477423858212247276e-15 1.932264781455131221e-14
2.351209999999999854e+04 4.776598540001320375e-15 9.229945506470884849e-15 1.137227912032787863e-14
2.411470000000000073e+04 4.345993680805952731e-15 1.619270950787912032e-14 2.601019234688431841e-15
2.471740000000000146e+04 5.090703802922372867e-15 1.648223646744352508e-14 -3.295676896998743884e-16
2.532000000000000000e+04 5.717690842036491634e-15 1.091094611764614737e-14 2.801304475526337428e-15
2.592270000000000073e+04 5.488459895403871605e-15 4.264784599286086216e-15 8.024840092937007681e-15
2.652529999999999927e+04 4.445157231380880840e-15 5.146863223785762210e-16 1.126275366630148124e-14
2.712800000000000000e+04 3.164342984528622394e-15 7.498687422196059236e-16 1.096606361326909313e-14
2.775140000000000146e+04 2.136394364109837516e-15 3.719968798027083131e-15 7.743067329505411332e-15
2.855500000000000000e+04 1.710296340703488082e-15 7.935001036804342981e-15 2.745214229426063775e-15
2.935870000000000073e+04 2.023877948012681923e-15 9.333752401248037334e-15 -5.704417032380689079e-17
3.016229999999999927e+04 2.478421150401722229e-15 7.443305535606086435e-15 3.477162869564836477e-16
3.096590000000000146e+04 2.635394124671776731e-15 4.110970573408898829e-15 2.667578663403021005e-15
3.176959999999999854e+04 2.344996778865959428e-15 1.280183525838457364e-15 4.968364573633074545e-15
3.257320000000000073e+04 1.779917033311856675e-15 8.603973703548021666e-17 5.985141518432739852e-15
3.337680000000000291e+04 1.184939339088758569e-15 5.034837257246666279e-16 5.461109727110965116e-15
3.418050000000000000e+04 7.620733020780969467e-16 1.834480768105758836e-15 3.962251495609001970e-15
3.498409999999999854e+04 5.684609105408016267e-16 3.238059946350937330e-15 2.182128865741702039e-15
3.578780000000000291e+04 5.758847285225334750e-16 4.132186617515712548e-15 7.623642695833994470e-16
3.659140000000000146e+04 6.935158559445140414e-16 4.276403016353434534e-15 5.488815309474948731e-18
3.756140000000000146e+04 8.778745285323575927e-16 3.708137513258076788e-15 -3.411086615021645944e-17
3.863309999999999854e+04 9.948125873822023739e-16 2.488306179142721480e-15 6.570519370549504569e-16
3.970469999999999709e+04 9.650370778102522220e-16 1.235109579299655938e-15 1.569229433773908761e-15
4.077640000000000146e+04 8.134988538932748057e-16 3.677949782251966727e-16 2.253802695209831447e-15
4.184800000000000000e+04 6.035154602763353346e-16 2.624670349305535061e-17 2.502776838672241973e-15
4.291969999999999709e+04 3.969773614970317684e-16 1.327947484377166086e-16 2.314915123918855722e-15
4.399140000000000146e+04 2.417696679603255746e-16 5.051256454937552203e-16 1.857392733876202455e-15
4.506300000000000000e+04 1.498751627610632763e-16 9.476923350784614827e-16 1.277037747967584632e-15
4.613469999999999709e+04 1.185087840814731637e-16 1.315596996235000863e-15 7.315935340336760347e-16
4.720640000000000146e+04 1.306819028466089286e-16 1.523984957283004738e-15 3.126194982313348323e-16
4.827800000000000000e+04 1.674223365406622005e-16 1.570261861847875767e-15 6.019184691624676157e-17
4.939900000000000000e+04 2.122434162130313646e-16 1.462316106068996236e-15 -3.784246804159730009e-17
5.082809999999999854e+04 2.632551792446514761e-16 1.200697543084173406e-15 2.282397405468945706e-17
5.225719999999999709e+04 2.862323126715790184e-16 8.552502288849835689e-16 2.025178751914637630e-16
5.368630000000000291e+04 2.828247315724674199e-16 5.303173577968162022e-16 4.158558951337708576e-16
5.511540000000000146e+04 2.536145326025129831e-16 2.683002758885869171e-16 5.948967308957912576e-16
5.654450000000000000e+04 2.099640805744160387e-16 9.801931634945210166e-17 7.076994417641173601e-16
5.797350000000000000e+04 1.611997560083972527e-16 1.688846620508250410e-17 7.460672443989274484e-16
5.940259999999999854e+04 1.142189928066455123e-16 7.491916518441683454e-18 7.154442454661708148e-16
6.083169999999999709e+04 7.533649478409645914e-17 4.663260944356717751e-17 6.427378072422317790e-16
6.226080000000000291e+04 4.537740296250680342e-17 1.112104572811083335e-16 5.382844803994842153e-16
6.368990000000000146e+04 2.509046885946734366e-17 1.816529929466279558e-16 4.221125466761711635e-16
6.511900000000000000e+04 1.369956585919602166e-17 2.468175072575631649e-16 3.131993573524433788e-16
6.686039999999999418e+04 9.233966229416432904e-18 3.104201787651990725e-16 1.999357177621790881e-16
6.876610000000000582e+04 1.226962595435613921e-17 3.536230327070417329e-16 1.048131480604819472e-16
7.067180000000000291e+04 1.975922417813253254e-17 3.664155793169502437e-16 4.059794447537944096e-17
7.257750000000000000e+04 2.866842176536427147e-17 3.534497009801070767e-16 5.070025982545054635e-18
7.448319999999999709e+04 3.666866583599164630e-17 3.198967456635540737e-16 -7.202682392472703736e-18
7.638900000000000000e+04 4.310771549848422991e-17 2.784712566202575235e-16 -2.945153991004074882e-18
7.829469999999999709e+04 4.682414850629110615e-17 2.302818549105363971e-16 1.157398258815198011e-17
8.020039999999999418e+04 4.806706833897676577e-17 1.825737427412117672e-16 3.093406890020005195e-17
8.210610000000000582e+04 4.690817414912605146e-17 1.380718945901773400e-16 5.084331199265549698e-17
8.401180000000000291e+04 4.443732545230181418e-17 1.006968771408823359e-16 6.922630388072398230e-17
8.591760000000000582e+04 4.049521934843525964e-17 6.941949722504772683e-17 8.368914367241870163e-17
8.793289999999999418e+04 3.579219047262747157e-17 4.413440884805237512e-17 9.487115223849685342e-17
9.047419999999999709e+04 3.022386093172296431e-17 2.250364163030196890e-17 1.049764199881268526e-16
9.301550000000000000e+04 2.429464000952539900e-17 9.102769009058799781e-18 1.078078706824809261e-16
9.555680000000000291e+04 1.898841684365962537e-17 2.434835623155758834e-18 1.065910886755625044e-16
9.809810000000000582e+04 1.412025580978421035e-17 5.389605334624105223e-19 1.004555052881067495e-16
1.006390000000000000e+05 1.005111636344540015e-17 1.856989695696250695e-18 9.186534843621362790e-17
