1.017789999999999928e+01 1.456763327876497245e-04 1.441563976061623704e-04 1.434245623174733070e-04
1.043200000000000038e+01 1.366700254129698828e-04 1.360932114921139147e-04 1.370295286128384981e-04
1.068609999999999971e+01 1.316113238101579517e-04 1.286663335168634773e-04 1.284882426702614155e-04
1.094030000000000058e+01 1.203844807900690983e-04 1.239585701679775777e-04 1.233293355263801014e-04
1.119439999999999991e+01 1.174444607777550584e-04 1.163069747795050600e-04 1.155914372722143126e-04
1.144849999999999923e+01 1.146120006791395717e-04 1.090051070195681519e-04 1.081977397145507424e-04
1.171439999999999948e+01 1.065339557747926619e-04 1.037417090932225567e-04 1.038166247934103377e-04
1.205320000000000036e+01 9.961340422271933951e-05 9.741750391556711671e-05 9.705182439926367439e-05
1.239209999999999923e+01 9.345235579949979284e-05 9.121935729099581614e-05 9.112315286000564711e-05
1.273099999999999987e+01 8.578896066100094283e-05 8.666065697887721168e-05 8.631888625562464292e-05
1.306990000000000052e+01 8.181830099436449163e-05 7.948630837119010544e-05 8.087815363181967562e-05
1.340879999999999939e+01 7.546851533934902405e-05 7.649136263015490474e-05 7.672616954441307884e-05
1.374770000000000003e+01 7.295504331345736241e-05 7.128778856477531044e-05 7.117235784217806492e-05
1.408660000000000068e+01 7.050810625658355223e-05 6.644059601209645501e-05 6.635947445726978389e-05
1.442549999999999955e+01 6.480162688324265455e-05 6.365077787222954918e-05 6.329352803254599720e-05
1.476440000000000019e+01 5.958960295158925258e-05 6.063009079148990702e-05 6.097694820206101760e-05
1.510330000000000084e+01 6.024253889161237452e-05 5.598896519407167358e-05 5.515229484671721477e-05
1.544209999999999994e+01 5.536015813633876615e-05 5.355534774589402910e-05 5.332731392008464893e-05
1.585510000000000019e+01 5.009066368918609779e-05 5.096516584101613558e-05 5.115844783899123327e-05
1.630699999999999861e+01 4.814557693191101162e-05 4.729259422022191750e-05 4.670665584441193743e-05
1.675890000000000057e+01 4.348724998734200341e-05 4.465292844681001243e-05 4.482042031468366669e-05
1.721079999999999899e+01 4.231557575689373743e-05 4.130318855231817558e-05 4.092703154327864614e-05
1.766280000000000072e+01 3.963176140073551123e-05 3.870921323174021926e-05 3.849663659431063704e-05
1.811469999999999914e+01 3.612101849835646728e-05 3.663674527827992614e-05 3.689209363034116998e-05
1.856660000000000110e+01 3.392104008924576173e-05 3.446329694045419128e-05 3.468219501850541110e-05
1.901849999999999952e+01 3.230565186613279212e-05 3.237689754438851915e-05 3.229134831390227022e-05
1.947040000000000148e+01 3.136738143482420958e-05 3.008376758693327425e-05 2.987206185295998050e-05
1.992229999999999990e+01 2.801154614380371103e-05 2.897558213156265657e-05 2.909645310714969809e-05
2.037430000000000163e+01 2.666365054793065167e-05 2.730811834350156342e-05 2.726205804814508119e-05
2.085219999999999985e+01 2.525549699809591142e-05 2.561579998807832258e-05 2.564558464218935562e-05
2.145479999999999876e+01 2.376143659776429448e-05 2.376214232869418682e-05 2.377947033933641778e-05
2.205750000000000099e+01 2.154279818804154571e-05 2.243413061622947409e-05 2.258193288517241389e-05
2.266009999999999991e+01 2.069123284226340322e-05 2.063064965265610368e-05 2.087057956638611606e-05
2.326269999999999882e+01 1.902546550687487346e-05 1.959595472465179160e-05 1.957072180374558220e-05
2.386540000000000106e+01 1.737310127260430391e-05 1.853101944261003749e-05 1.861788638631342975e-05
2.446799999999999997e+01 1.659178138263061743e-05 1.730240438812633577e-05 1.722134748789742439e-05
2.507069999999999865e+01 1.613637009885707786e-05 1.607356674230324414e-05 1.585123685511923887e-05
2.567330000000000112e+01 1.510685672619677940e-05 1.500698663124255800e-05 1.498600742883573990e-05
2.627590000000000003e+01 1.413522966995957540e-05 1.427287114580542839e-05 1.401413455721198789e-05
2.687859999999999872e+01 1.282153129217815261e-05 1.353273218465947519e-05 1.358576087918094623e-05
2.748120000000000118e+01 1.280539503269617216e-05 1.245968230981080407e-05 1.235545846123238486e-05
2.822250000000000014e+01 1.152445618227988343e-05 1.169567045075710246e-05 1.183650228340910930e-05
2.902609999999999957e+01 1.094880611895425679e-05 1.091110661479919770e-05 1.089391952738230599e-05
2.982979999999999876e+01 1.007547084528337524e-05 1.023774522305811205e-05 1.025602181547053842e-05
3.063340000000000174e+01 9.649432964937817972e-06 9.449566650783037129e-06 9.828082092698246338e-06
3.143700000000000117e+01 8.909428274437800472e-06 8.905365298421239237e-06 8.894991908178760630e-06
3.224069999999999681e+01 8.169605738279152362e-06 8.427839675828326270e-06 8.419960383190889706e-06
3.304429999999999978e+01 7.710908342951761080e-06 7.913078455477058249e-06 7.738032389962224276e-06
3.384790000000000276e+01 7.558247009218827219e-06 7.297124597136814618e-06 7.195597636791160622e-06
3.465160000000000196e+01 6.574001223218370984e-06 7.079898642041203619e-06 7.028521940024706353e-06
3.545519999999999783e+01 6.488981376886435474e-06 6.491953600701957469e-06 6.431480447465887679e-06
3.625880000000000081e+01 6.177791076915234119e-06 6.048242866720705845e-06 6.044298319835292465e-06
3.711789999999999878e+01 5.731769409788534529e-06 5.713463828732260921e-06 5.705608619908446312e-06
3.818959999999999866e+01 5.172079145439292512e-06 5.353815090086083737e-06 5.426237425430275319e-06
3.926129999999999853e+01 4.978219189469922955e-06 4.946152108802890341e-06 4.945102690049371546e-06
4.033290000000000219e+01 4.747696123968397417e-06 4.564148689040951468e-06 4.558715837793202978e-06
4.140460000000000207e+01 4.148454696633640944e-06 4.411574101020209574e-06 4.396691524634363238e-06
4.247630000000000194e+01 4.095574391064211211e-06 3.979406830828761565e-06 4.055380863453244678e-06
4.354789999999999850e+01 3.688107239155368711e-06 3.804602454531450676e-06 3.866230416157728273e-06
4.461959999999999837e+01 3.462499258412596893e-06 3.602475719839442193e-06 3.563843599851459489e-06
4.569129999999999825e+01 3.309627829819860220e-06 3.323823247049703887e-06 3.339079214395267204e-06
4.676290000000000191e+01 3.069621991693987279e-06 3.138288868543367767e-06 3.141999297672239693e-06
4.783460000000000178e+01 2.874581674538427279e-06 2.952554280719538044e-06 2.957873511136989189e-06
4.890630000000000166e+01 2.770124695627920205e-06 2.744590618192149854e-06 2.735614969647875274e-06
5.023669999999999902e+01 2.574379760456499649e-06 2.557021839211926330e-06 2.566554216658134922e-06
5.166579999999999728e+01 2.360153674993408454e-06 2.405633637856465334e-06 2.407845629121592722e-06
5.309490000000000265e+01 2.237278176893532708e-06 2.225731742641580320e-06 2.219570183065820221e-06
5.452400000000000091e+01 2.061691817678567789e-06 2.091812530609507499e-06 2.086844583596668768e-06
5.595309999999999917e+01 1.925694850184274345e-06 1.949386006133647166e-06 1.941702356190801424e-06
5.738219999999999743e+01 1.778794883792732616e-06 1.815333768036898555e-06 1.830036035492353793e-06
5.881130000000000280e+01 1.671310212669978262e-06 1.728327409577729664e-06 1.696164821350751189e-06
6.024040000000000106e+01 1.601597251647874036e-06 1.566379688465299716e-06 1.597370211860537392e-06
6.166949999999999932e+01 1.441592568599567432e-06 1.517731969193486593e-06 1.521299740439347156e-06
6.309859999999999758e+01 1.385938857468137287e-06 1.395773744649880827e-06 1.406027279997508907e-06
6.452760000000000673e+01 1.325886216296505214e-06 1.307987573443434598e-06 1.292227367007271727e-06
6.607179999999999609e+01 1.228381827014317188e-06 1.232272437654280126e-06 1.222230546207196940e-06
6.797750000000000625e+01 1.130174252086757118e-06 1.148431565837307666e-06 1.138598744752252172e-06
6.988320000000000221e+01 1.054178608516588573e-06 1.066539141572788111e-06 1.068231776020551839e-06
7.178889999999999816e+01 9.593170381998036825e-07 1.004307141162487630e-06 1.004427371538343166e-06
7.369469999999999743e+01 9.289357086776455752e-07 9.235365430162158401e-07 9.252814062883355764e-07
7.560039999999999338e+01 8.665863201558909325e-07 8.785212738729847861e-07 8.634235739802686118e-07
7.750610000000000355e+01 8.054429978359287262e-07 8.001585798698521935e-07 8.126958430027162491e-07
7.941179999999999950e+01 7.494139570328975876e-07 7.571851686088658255e-07 7.570071618265664594e-07
8.131749999999999545e+01 6.940080419480273255e-07 7.172840575065174183e-07 7.023616159433014505e-07
8.322329999999999472e+01 6.534337837938289088e-07 6.694542806374493256e-07 6.606357780866964187e-07
8.512900000000000489e+01 6.474886793936524830e-07 6.125139361643606099e-07 6.261318124829667691e-07
8.703470000000000084e+01 5.817176724822971947e-07 5.745162529341684393e-07 5.976376340373171385e-07
8.942260000000000275e+01 5.238014747923590007e-07 5.496196991373403449e-07 5.530441361646221794e-07
9.196389999999999532e+01 4.927944316293309616e-07 5.151627433137652627e-07 5.014710697661177590e-07
9.450520000000000209e+01 4.685243549610799324e-07 4.895922662655729329e-07 4.690451486134483223e-07
9.704659999999999798e+01 4.366306756035385296e-07 4.423700577991918960e-07 4.373792561897338092e-07
9.958790000000000475e+01 4.040495769452701531e-07 4.084867170044421876e-07 4.070917314098624682e-07
1.021290000000000049e+02 3.770801466420998232e-07 3.853226423563979672e-07 3.860633700554423823e-07
1.046710000000000065e+02 3.540468209189392973e-07 3.586018443418307475e-07 3.569985848750071425e-07
1.072120000000000033e+02 3.336040802551111298e-07 3.394571277636447284e-07 3.282179454731016437e-07
1.097530000000000001e+02 3.121209202399304671e-07 3.169596822031314827e-07 3.070728276328754836e-07
1.122939999999999969e+02 2.912096667618223107e-07 2.890782199455996731e-07 3.065000953020509684e-07
1.148359999999999985e+02 2.758489232050260546e-07 2.709888559930123480e-07 2.701644136883292534e-07
1.176110000000000042e+02 2.567045472961331931e-07 2.602652641535313520e-07 2.548170840861107574e-07
1.210000000000000000e+02 2.382132631822168161e-07 2.237379735646808367e-07 2.507124007731024529e-07
1.243889999999999958e+02 2.221542061393357797e-07 2.202986018696777524e-07 2.192498556183777643e-07
1.277780000000000058e+02 2.040545222440060215e-07 2.036443520720305172e-07 2.075185803690170292e-07
1.311670000000000016e+02 1.914540686245190300e-07 1.982968969611677637e-07 1.828749695343133013e-07
1.345550000000000068e+02 1.756153433289823041e-07 1.854501047350507080e-07 1.723292647359670612e-07
1.379439999999999884e+02 1.608230184834121546e-07 1.745868554182309123e-07 1.622455596983570102e-07
1.413329999999999984e+02 1.512757977671852050e-07 1.564630591694976374e-07 1.494037927011646545e-07
1.447220000000000084e+02 1.445348318941712168e-07 1.460898859445908798e-07 1.422962381759550100e-07
1.481109999999999900e+02 1.346233186030680190e-07 1.298266775916143522e-07 1.411121770821204068e-07
1.515000000000000000e+02 1.261263275548463337e-07 1.282459461873372033e-07 1.253361600178165203e-07
1.548890000000000100e+02 1.189268556725706235e-07 1.157484132878309685e-07 1.208417576795984719e-07
1.591740000000000066e+02 1.094860545326390822e-07 1.104227679976933583e-07 1.100119594696676225e-07
1.636930000000000121e+02 1.000754477608490469e-07 1.027017989539679689e-07 1.030476732051830268e-07
1.682129999999999939e+02 9.173178543879584097e-08 9.665145847721386604e-08 9.535184144399034329e-08
1.727319999999999993e+02 8.489319216393848841e-08 8.741026167768364537e-08 9.143666655837791574e-08
1.772510000000000048e+02 8.100462033469858506e-08 8.197359319518116278e-08 8.232004535012025123e-08
1.817700000000000102e+02 7.486496670974941871e-08 7.779539173074000050e-08 7.572439619951062097e-08
1.862889999999999873e+02 7.047583939158270967e-08 7.033486228022131906e-08 7.202331024819598816e-08
1.908079999999999927e+02 6.581734970623418927e-08 6.653977226015270230e-08 6.608799877308842211e-08
1.953280000000000030e+02 6.152786718210966241e-08 6.225036772075314562e-08 6.149534749713722618e-08
1.998470000000000084e+02 5.766746999608645012e-08 5.660727674861194127e-08 5.876747141530164436e-08
2.043660000000000139e+02 5.340263924846701608e-08 5.470800245278750689e-08 5.356550077874551248e-08
2.093530000000000086e+02 5.058396005811973346e-08 4.937500410230381057e-08 5.073438002357647875e-08
2.153789999999999907e+02 4.622659756913088849e-08 4.857654800336276745e-08 4.461491706750635156e-08
2.214060000000000059e+02 4.265292534522396506e-08 4.237867709289534553e-08 4.412129861788071435e-08
2.274319999999999879e+02 3.935738308832422754e-08 4.012458866049608722e-08 4.030571416008905355e-08
2.334590000000000032e+02 3.636911669021732741e-08 3.712388000146793149e-08 3.772749826831475660e-08
2.394850000000000136e+02 3.330544368837353008e-08 3.406915892254994098e-08 3.595686681307654711e-08
2.455109999999999957e+02 3.124010678494684954e-08 3.139741749071357967e-08 3.351792994833957995e-08
2.515380000000000109e+02 2.858903235586733270e-08 2.975376932573538932e-08 3.117299353439728688e-08
2.575640000000000214e+02 2.683154655549538949e-08 2.909642828884183033e-08 2.747224114766279725e-08
2.635910000000000082e+02 2.491621033798675633e-08 2.716300188847948376e-08 2.565133685353377005e-08
2.696170000000000186e+02 2.410980679038555744e-08 2.428810884700888310e-08 2.413179137860556602e-08
2.756440000000000055e+02 2.272589694204602038e-08 2.251880339164989780e-08 2.245427727990409483e-08
2.833330000000000268e+02 2.037044527079391795e-08 2.132598183049411189e-08 2.094521048271198067e-08
2.913700000000000045e+02 1.884097141057848918e-08 1.951492015926163020e-08 1.957078096615989227e-08
2.994060000000000059e+02 1.776275761330578626e-08 1.791758486295867059e-08 1.792387574773555154e-08
3.074420000000000073e+02 1.580286548597426707e-08 1.629624189214841005e-08 1.759912697627733527e-08
3.154789999999999850e+02 1.515638332791032617e-08 1.567147363810919741e-08 1.533818960886338815e-08
3.235149999999999864e+02 1.410340388262202423e-08 1.429557934003134221e-08 1.440865903734664119e-08
3.315509999999999877e+02 1.266313596429493512e-08 1.338213613810823963e-08 1.372223038159682721e-08
3.395880000000000223e+02 1.230186567352647008e-08 1.240879960098621050e-08 1.228720508708732713e-08
3.476240000000000236e+02 1.130991057426816607e-08 1.159649967368946314e-08 1.136144851003768187e-08
3.556610000000000014e+02 1.020718056101257031e-08 1.092489674546420762e-08 1.092678305032322281e-08
3.636970000000000027e+02 9.824340489826662981e-09 9.965362578766300153e-09 1.006704028566071955e-08
3.726580000000000155e+02 9.205666478857023079e-09 9.269825734775353209e-09 9.261731603167629550e-09
3.833740000000000236e+02 8.135246362053682173e-09 8.735531114571748360e-09 8.735121761614572085e-09
3.940910000000000082e+02 7.757841703075070280e-09 7.930632330697046678e-09 7.978360897187888272e-09
4.048079999999999927e+02 7.282414505297584006e-09 7.317674774303785130e-09 7.298538350638635336e-09
4.155240000000000009e+02 6.358176075922102120e-09 6.960800397095052030e-09 6.953403610822848409e-09
4.262409999999999854e+02 5.960905293460257961e-09 6.329019238857701267e-09 6.510587551922043073e-09
4.369569999999999936e+02 5.837037023762653010e-09 5.778301905363833634e-09 5.824077507753515890e-09
4.476739999999999782e+02 5.204228525365570273e-09 5.507469212071049947e-09 5.477397242483383386e-09
4.583910000000000196e+02 4.514898363415680135e-09 5.355794299474092521e-09 5.259617230822146749e-09
4.691070000000000277e+02 4.341169136799544850e-09 4.766231777648027795e-09 4.869771936672430431e-09
4.798240000000000123e+02 4.360069375440499346e-09 4.266042157338784597e-09 4.369320020500717292e-09
4.905409999999999968e+02 4.025254526052181315e-09 4.119593536542453168e-09 3.944895508469367986e-09
5.043389999999999986e+02 3.344699505530556961e-09 3.915511381770953368e-09 3.895661093002492188e-09
5.186299999999999955e+02 3.005508939819511391e-09 3.603090769729186993e-09 3.678658808523303589e-09
5.329199999999999591e+02 3.122566655777231302e-09 3.146408095384966949e-09 3.237557954133803165e-09
5.472110000000000127e+02 3.004086792370646370e-09 2.872437592865659570e-09 2.912125881707694732e-09
5.615019999999999527e+02 2.575143439788575409e-09 2.914084701670574152e-09 2.643269714252852198e-09
5.757930000000000064e+02 2.188661135613665815e-09 2.519449946414357752e-09 2.823701520323978344e-09
5.900839999999999463e+02 2.057062106686029935e-09 2.406448006112234706e-09 2.513984070707474108e-09
6.043750000000000000e+02 2.119486489843666138e-09 2.038713673763672920e-09 2.315023471920661771e-09
6.186660000000000537e+02 2.098232244212071251e-09 1.940415472845719361e-09 1.967516643163811335e-09
6.329569999999999936e+02 1.818651756541250048e-09 1.875523266755341489e-09 1.879222094339409402e-09
6.472480000000000473e+02 1.556155430745628299e-09 1.835982533513016212e-09 1.785814216183756377e-09
6.633460000000000036e+02 1.389522793028401689e-09 1.692482960612349487e-09 1.710905479279249579e-09
6.824039999999999964e+02 1.385229420191866491e-09 1.493793626369637372e-09 1.536543617972896660e-09
7.014610000000000127e+02 1.381317626510544099e-09 1.332709608914898022e-09 1.356379058175148345e-09
7.205180000000000291e+02 1.263617578060766457e-09 1.248845293871784905e-09 1.263913469303856978e-09
7.395750000000000455e+02 1.076546164619693112e-09 1.204433599160343494e-09 1.192078053154752169e-09
7.586319999999999482e+02 9.226473459531531630e-10 1.142770526939188395e-09 1.147952512122779508e-09
7.776900000000000546e+02 8.508468529079193659e-10 1.054791361892727271e-09 1.068064499662149575e-09
7.967469999999999573e+02 8.368961807931524879e-10 9.463626501308649819e-10 9.704562081616628966e-10
8.158039999999999736e+02 8.512143274783742876e-10 8.343840167907312189e-10 8.715637242318346768e-10
8.348609999999999900e+02 8.194226340086477156e-10 7.588973887233034803e-10 7.866041205834892782e-10
8.539180000000000064e+02 7.530816776198116586e-10 7.197137788510172551e-10 7.199430919690115383e-10
8.729759999999999991e+02 6.542721155042856642e-10 6.959221837351868962e-10 6.839221380130877375e-10
8.977309999999999945e+02 5.362631707476108259e-10 6.705314526704789954e-10 6.647243829737343885e-10
9.231449999999999818e+02 4.523018211677416970e-10 6.457124512085416789e-10 6.268217582608129490e-10
9.485579999999999927e+02 4.334925505523377621e-10 5.774772458111261598e-10 5.783672108765965056e-10
9.739710000000000036e+02 4.449357035874002090e-10 5.026083196728740006e-10 5.196400997908780988e-10
9.993840000000000146e+02 4.585933590881267854e-10 4.361704642328606620e-10 4.601793123063008170e-10
1.024799999999999955e+03 4.466097457796144939e-10 3.968333976374611338e-10 4.080958994806237397e-10
1.050210000000000036e+03 4.052940932630516107e-10 3.739036736775844463e-10 3.788170103562810197e-10
1.075619999999999891e+03 3.442002877726598221e-10 3.678001754736499938e-10 3.593028522090944126e-10
1.101039999999999964e+03 2.795335657262025646e-10 3.661897562325345248e-10 3.446973714808059919e-10
1.126450000000000045e+03 2.302674328939716092e-10 3.515572151122935683e-10 3.359100781559117449e-10
1.151859999999999900e+03 2.008254633349143577e-10 3.225340020337533568e-10 3.269973944569108308e-10
1.180779999999999973e+03 1.908049569047477629e-10 2.916661455273870718e-10 3.025703075937751347e-10
1.214670000000000073e+03 2.013347959358640541e-10 2.557103666240689007e-10 2.649504008449641411e-10
1.248559999999999945e+03 2.131654776743563501e-10 2.175705721095998272e-10 2.340083480376847503e-10
1.282450000000000045e+03 2.133981135114893781e-10 1.924403909002336004e-10 2.063731756516714057e-10
1.316339999999999918e+03 1.998556363243948616e-10 1.801227500889728828e-10 1.850539164425820130e-10
1.350230000000000018e+03 1.748484882023635608e-10 1.700163833436431228e-10 1.766007475507381841e-10
1.384119999999999891e+03 1.488143185057001496e-10 1.707890421440663656e-10 1.620114463882097289e-10
1.418009999999999991e+03 1.162968219972850664e-10 1.672905635203686412e-10 1.612213951220618448e-10
1.451900000000000091e+03 9.999561764485184662e-11 1.639917295385518645e-10 1.475196181466037248e-10
1.485789999999999964e+03 7.911777767288090991e-11 1.415262563974093983e-10 1.598910611545384203e-10
1.519670000000000073e+03 6.979697352139689579e-11 1.339402562152276883e-10 1.482955182221569362e-10
1.553559999999999945e+03 6.880568544501618028e-11 1.245830845007350191e-10 1.321206976192049823e-10
1.597980000000000018e+03 7.175970642072721202e-11 1.066725813434506527e-10 1.209355252705151179e-10
1.643170000000000073e+03 7.805742269481215742e-11 9.635338628330696729e-11 1.008292831737966264e-10
1.688359999999999900e+03 7.980358572222615927e-11 8.444092119595885750e-11 8.907692888149755818e-11
1.733549999999999955e+03 7.985150188303820137e-11 7.197180991175444250e-11 8.154615291447251143e-11
1.778740000000000009e+03 7.678371889032226156e-11 6.689976557828024376e-11 7.147996048764174856e-11
1.823930000000000064e+03 7.070797920905767024e-11 6.401110993669732969e-11 6.365875438515029335e-11
1.869130000000000109e+03 6.299285143096035425e-11 6.383411037176638249e-11 5.641572684604531833e-11
1.914319999999999936e+03 5.398606061083180070e-11 6.413934701804450766e-11 5.110183941824795847e-11
1.959509999999999991e+03 4.501215612350127607e-11 5.473161815471126527e-11 5.661135636209072608e-11
2.004700000000000045e+03 3.904544616269474732e-11 4.734352454581621942e-11 5.803062341069877678e-11
2.049889999999999873e+03 3.161219425061976472e-11 6.098760990141625682e-11 4.095841967533410957e-11
2.101840000000000146e+03 2.434716918307465630e-11 5.200479166139145957e-11 4.670979204358079471e-11
2.162110000000000127e+03 1.971678521039256766e-11 4.617015954732402930e-11 4.715059866325540925e-11
2.222369999999999891e+03 1.776887886711742140e-11 3.637445464946397144e-11 4.980006880117637965e-11
2.282630000000000109e+03 1.819195555621643378e-11 3.540651208785023864e-11 4.198454334488189171e-11
2.342900000000000091e+03 1.619919720891981316e-11 4.058381348139432798e-11 3.132480441111981087e-11
2.403159999999999854e+03 1.580613247914496250e-11 2.775697850237898465e-11 3.764487667175801133e-11
2.463429999999999836e+03 1.682729040249688801e-11 3.084626018771244686e-11 2.722674488391651743e-11
2.523690000000000055e+03 1.671891358957798750e-11 2.269686592087958322e-11 2.965497302246533739e-11
2.583960000000000036e+03 1.666151358664737450e-11 2.318265532623011271e-11 2.396707823710862027e-11
2.644219999999999800e+03 1.726269781139069091e-11 2.017615467011260909e-11 2.148312309294558363e-11
2.704480000000000018e+03 1.695099309765358751e-11 1.729840158867346999e-11 2.014035800248065415e-11
2.764750000000000000e+03 1.654105326849112251e-11 1.581438702378580865e-11 1.793264158521723508e-11
2.844420000000000073e+03 1.611930068709078529e-11 1.408150135384643559e-11 1.594648252866399487e-11
2.924780000000000200e+03 1.547211686272391666e-11 1.314614147390244200e-11 1.376888025307079123e-11
3.005150000000000091e+03 1.453385604278615320e-11 1.164295895334961145e-11 1.279771406592691429e-11
3.085510000000000218e+03 1.331706300482378121e-11 1.083036124026502267e-11 1.172299418985404082e-11
3.165869999999999891e+03 1.222237445889598165e-11 1.040386687724244099e-11 1.038308620901568885e-11
3.246239999999999782e+03 1.109717193029007443e-11 9.810101947781251471e-12 9.544587202073278349e-12
3.326599999999999909e+03 9.879594468441021653e-12 9.205322819430530143e-12 8.992161425825210344e-12
3.406960000000000036e+03 8.690444503155530103e-12 8.695680738213688426e-12 8.515910442842475294e-12
3.487329999999999927e+03 7.586931077552911691e-12 8.226523786343556806e-12 8.073575678462905547e-12
3.567690000000000055e+03 6.616498463074084196e-12 7.775436525625659796e-12 7.676384618291645099e-12
3.648050000000000182e+03 5.780770459056107109e-12 7.360114152980178873e-12 7.232122983352238723e-12
3.741360000000000127e+03 4.893644802340978569e-12 6.961184647724868693e-12 6.894736411466547797e-12
3.848519999999999982e+03 3.969674740044958778e-12 6.581717226180145974e-12 6.658144370858133242e-12
3.955690000000000055e+03 3.241944322406722833e-12 6.218680315599982223e-12 6.333220386578217643e-12
4.062860000000000127e+03 2.691307217443998519e-12 5.837992984126788517e-12 6.011349344034913691e-12
4.170020000000000437e+03 2.291819872427854977e-12 5.464490184831760893e-12 5.624606913082781494e-12
4.277189999999999600e+03 2.034319153562963029e-12 5.195483969027890338e-12 5.094310432518345332e-12
4.384359999999999673e+03 1.837071808757545520e-12 5.023193483853727800e-12 4.498262477950516970e-12
4.491520000000000437e+03 1.554018178731430154e-12 4.716223226720222367e-12 4.193538642391700515e-12
4.598689999999999600e+03 1.214440456812910022e-12 4.172833770928392721e-12 4.272777168858611154e-12
4.705859999999999673e+03 1.095084043982142430e-12 3.798162388948021879e-12 4.019402352492962587e-12
4.813020000000000437e+03 1.143832784517742653e-12 3.678235345129561793e-12 3.396834232536941567e-12
4.920189999999999600e+03 9.742852739096567832e-13 3.252594946746788323e-12 3.366500936738025271e-12
5.063100000000000364e+03 8.796545613115674413e-13 2.874618674868801164e-12 3.208005631303416846e-12
5.206010000000000218e+03 8.672710077501886474e-13 2.657996962734657212e-12 2.865964426574003302e-12
5.348920000000000073e+03 9.157721190703221135e-13 2.496599846434497341e-12 2.461061378845844590e-12
5.491819999999999709e+03 9.070642009114226525e-13 2.165846000571544865e-12 2.329758551764740089e-12
5.634729999999999563e+03 8.545068159059908313e-13 1.910909458977692968e-12 2.201905666762590313e-12
5.777640000000000327e+03 8.724210889993963834e-13 1.816718125936457397e-12 1.891304187827026161e-12
5.920550000000000182e+03 8.696284177942011803e-13 1.558628283352264796e-12 1.792770153871661599e-12
6.063460000000000036e+03 8.426760863336377367e-13 1.443812987506968019e-12 1.605529156746030732e-12
6.206369999999999891e+03 8.408560517170535340e-13 1.281035081207948438e-12 1.464507319164474289e-12
6.349279999999999745e+03 8.174320448672488315e-13 1.170959053577438360e-12 1.323491943713030276e-12
6.492189999999999600e+03 7.993408340823077967e-13 1.033874193316677027e-12 1.222838061106080872e-12
6.659750000000000000e+03 7.819132095067999843e-13 9.640341000868755999e-13 1.064583547607534895e-12
6.850319999999999709e+03 7.586191174822686163e-13 8.014083694037497395e-13 1.014161153832968207e-12
7.040890000000000327e+03 7.374107900965476455e-13 7.864700042777746152e-13 8.438084534391477192e-13
7.231470000000000255e+03 7.119456800809913832e-13 6.427249722601493631e-13 8.211147835692349614e-13
7.422039999999999964e+03 6.800478964366904158e-13 6.361406065924903361e-13 6.851928379778572050e-13
7.612609999999999673e+03 6.518939237954820547e-13 5.118998357480778874e-13 6.787245624021117454e-13
7.803180000000000291e+03 6.162557649162577982e-13 5.502855740130955176e-13 5.286405015173145461e-13
7.993750000000000000e+03 5.881200519856847751e-13 3.726721922186022431e-13 6.036687866424262538e-13
8.184329999999999927e+03 5.496981652139726426e-13 5.092449852065232185e-13 3.833121339439997528e-13
8.374899999999999636e+03 5.256121136377144600e-13 2.840840037579502600e-13 5.205151271587718635e-13
8.565469999999999345e+03 4.835732554748290651e-13 3.852524227733521572e-13 3.570132388197326000e-13
8.758229999999999563e+03 4.597659521911248572e-13 3.522675857896461531e-13 3.199766188623756797e-13
9.012370000000000800e+03 4.246003963002491772e-13 2.322631856916085806e-13 3.806091592180837775e-13
9.266500000000000000e+03 3.949183067613025097e-13 3.467896386252395986e-13 2.102940472859839797e-13
9.520629999999999200e+03 3.709417107038629883e-13 1.338238819541224999e-13 3.697793683070721002e-13
9.774760000000000218e+03 3.296169099988860289e-13 3.239155547394093253e-13 1.492431279301440273e-13
1.002889999999999964e+04 3.227459624884974283e-13 1.602815798912712564e-13 2.568829834320550146e-13
1.028300000000000000e+04 2.832835411480789541e-13 1.452095019567723869e-13 2.526128156288240752e-13
1.053720000000000073e+04 2.605440488410089749e-13 2.799499592528007357e-13 8.697246032105613284e-14
1.079129999999999927e+04 2.547527900417126069e-13 1.015571584091467274e-13 2.212462008318131258e-13
1.104539999999999964e+04 2.192108559593551390e-13 1.036366261297153544e-13 2.105296819857897568e-13
1.129960000000000036e+04 1.980373419103806238e-13 2.354908852194421461e-13 5.831427519037794789e-14
1.155370000000000073e+04 1.983003574605963221e-13 1.298095429752692656e-13 1.256897752401766305e-13
1.185460000000000036e+04 1.725994165253613910e-13 4.430167999242886493e-14 2.002382647353286502e-13
1.219350000000000000e+04 1.464165992102411084e-13 1.891013119391869911e-13 4.610473400398172190e-14
1.253239999999999964e+04 1.507972995915442114e-13 1.069043783275905440e-13 9.324921389493582831e-14
1.287129999999999927e+04 1.295378146200073854e-13 2.587559714294097439e-14 1.669619155868172365e-13
1.321010000000000036e+04 1.060136360036840903e-13 1.364407533815753335e-13 5.398222083991458691e-14
1.354900000000000000e+04 1.088506426111736428e-13 1.345531844031658812e-13 2.941670477442794022e-14
1.388789999999999964e+04 1.042041343574349468e-13 2.697953616832634845e-14 1.196087568707509569e-13
1.422679999999999927e+04 8.237649631419081374e-14 3.658378309795314977e-14 1.124627431888753000e-13
1.456570000000000073e+04 7.039461521656097280e-14 1.159987155154868468e-13 2.688573781707476189e-14
1.490460000000000036e+04 7.387881476203564162e-14 1.070916279174025002e-13 1.537475257450973748e-14
1.524350000000000000e+04 7.299640711375461479e-14 3.264558149208599158e-14 7.574959943577308310e-14
1.559020000000000073e+04 5.933672617020043733e-14 8.764357899075811460e-15 9.909296692066366510e-14
1.604210000000000036e+04 4.489966436008618816e-14 7.268245908345448333e-14 3.553530341566303441e-14
1.649400000000000000e+04 4.738133059792251530e-14 8.950844230821153225e-14 3.514707127393370457e-15
1.694590000000000146e+04 4.918706223583749830e-14 3.057276905021549883e-14 4.912888696844030645e-14
1.739779999999999927e+04 3.902754043936573674e-14 3.965155781904086875e-15 7.514617339349282036e-14
1.784979999999999927e+04 2.839594235130372918e-14 3.906477559803144940e-14 4.137119276263149912e-14
1.830170000000000073e+04 2.704538648471033866e-14 6.958966969164518309e-14 3.472627322956181573e-15
1.875359999999999854e+04 3.057560844078509582e-14 5.372077166877084619e-14 7.855954101452260029e-15
1.920550000000000000e+04 3.008488271588619863e-14 1.708932263447194844e-14 3.753829505242068547e-14
1.965740000000000146e+04 2.401971086005812940e-14 1.440288177485522739e-15 5.272742180849022284e-14
2.010929999999999927e+04 1.710899571751146266e-14 1.561224777316705568e-14 3.932448763061881856e-14
2.056129999999999927e+04 1.399758126696641204e-14 3.821043113458349499e-14 1.421889032553277312e-14
2.110150000000000000e+04 1.544782625379165510e-14 4.614785885041943087e-14 -8.122170276044466187e-16
2.170420000000000073e+04 1.787096874178622366e-14 2.667696677872268892e-14 1.125781538350795995e-14
2.230679999999999927e+04 1.605669613267092829e-14 4.609750828621081651e-15 3.046505475533931100e-14
2.290950000000000000e+04 1.128954855641168402e-14 2.316266800977298330e-15 3.329575538138179848e-14
2.351209999999999854e+04 7.566823420445365955e-15 1.580652857578075650e-14 1.969114742997148048e-14
2.411470000000000073e+04 6.873502012163445313e-15 2.817511132779647894e-14 4.424607738884162106e-15
2.471740000000000146e+04 8.248880886741751120e-15 2.891099258029297148e-14 -7.813843867581696874e-16
2.532000000000000000e+04 9.466485778671269210e-15 1.928218961739361099e-14 4.698144969992246432e-15
2.592270000000000073e+04 9.183629877461596791e-15 7.569992608055696986e-15 1.401713087295729802e-14
2.652529999999999927e+04 7.439933835882239438e-15 8.604990902535820459e-16 1.996126158258109073e-14
2.712800000000000000e+04 5.218614309976458639e-15 1.237008016494881477e-15 1.961102377000345346e-14
2.775140000000000146e+04 3.418168819395875233e-15 6.599076634291777789e-15 1.395678919598751135e-14
2.855500000000000000e+04 2.671174878164846730e-15 1.430073166146559673e-14 4.944941805641899188e-15
2.935870000000000073e+04 3.274317156765303117e-15 1.695798921141406021e-14 -1.722956387916654199e-16
3.016229999999999927e+04 4.158510908893912521e-15 1.362709342698041292e-14 5.329158779241641412e-16
3.096590000000000146e+04 4.499061016403713292e-15 7.564200922593336800e-15 4.780874158842554843e-15
3.176959999999999854e+04 4.022519228199477714e-15 2.362253928957688104e-15 9.060800128819238526e-15
3.257320000000000073e+04 3.024813726772232880e-15 1.335797865790664066e-16 1.101836480072135271e-14
3.337680000000000291e+04 1.956200828301365894e-15 8.901064091799321887e-16 1.013843591608434283e-14
3.418050000000000000e+04 1.187922648503835856e-15 3.376215656153449398e-15 7.399285469173693055e-15
3.498409999999999854e+04 8.435369467943063865e-16 6.043557340940458298e-15 4.099899207271901625e-15
3.578780000000000291e+04 8.760350114589035249e-16 7.787967878074195486e-15 1.432767305411693786e-15
3.659140000000000146e+04 1.122831739055403582e-15 8.138356324424028046e-15 -1.008938709535853372e-17
3.756140000000000146e+04 1.495961422708540997e-15 7.097271444213910352e-15 -9.925231532410632589e-17
3.863309999999999854e+04 1.745193753145636482e-15 4.790169292033381698e-15 1.218970294785613354e-15
3.970469999999999709e+04 1.713136350246404582e-15 2.391331808670653232e-15 2.982582980965044210e-15
4.077640000000000146e+04 1.442847183608911715e-15 7.142153005630666837e-16 4.327193483802244263e-15
4.184800000000000000e+04 1.053764965451104076e-15 4.365329126045144889e-17 4.840347330878972033e-15
4.291969999999999709e+04 6.664881858961853726e-16 2.443684766038194427e-16 4.510759562880151711e-15
4.399140000000000146e+04 3.722175018749949393e-16 9.717092671037032015e-16 3.639062813202851694e-15
4.506300000000000000e+04 1.997126474780011953e-16 1.849350640239922428e-15 2.517929565046367226e-15
4.613469999999999709e+04 1.448833717197508020e-16 2.591665356476081238e-15 1.451219699947114565e-15
4.720640000000000146e+04 1.767202694587458592e-16 3.029324929708399921e-15 6.232510678472713868e-16
4.827800000000000000e+04 2.577094538718265018e-16 3.144006184346190780e-15 1.173810187243660736e-16
4.939900000000000000e+04 3.564802900549931438e-16 2.950082468532421271e-15 -8.308514564382670445e-17
5.082809999999999854e+04 4.677880098228259999e-16 2.434578829713083030e-15 3.589279270577499458e-17
5.225719999999999709e+04 5.238741970283661015e-16 1.745280707838847415e-15 3.998449558707041889e-16
5.368630000000000291e+04 5.243595905166852360e-16 1.086858840891526306e-15 8.360013964666346363e-16
5.511540000000000146e+04 4.725322114724812627e-16 5.531626124345010984e-16 1.207903121862622669e-15
5.654450000000000000e+04 3.897527884712285502e-16 2.029917162004003782e-16 1.447770960174344256e-15
5.797350000000000000e+04 2.949188711144414262e-16 3.398166760738223749e-17 1.536460399698727364e-15
5.940259999999999854e+04 2.026188553108863218e-16 1.283621001363305184e-17 1.484284579892778119e-15
6.083169999999999709e+04 1.251609635709130887e-16 9.342580105961102203e-17 1.340991208324013635e-15
6.226080000000000291e+04 6.558544911588586867e-17 2.290593718328114558e-16 1.130778141526689359e-15
6.368990000000000146e+04 2.558870292857854598e-17 3.796464098326670434e-16 8.937248137487472657e-16
6.511900000000000000e+04 3.555821256461937167e-18 5.207450258694516647e-16 6.674104178824656572e-16
6.686039999999999418e+04 -4.003272436413020532e-18 6.599698430336728652e-16 4.285386544212534328e-16
6.876610000000000582e+04 4.320553459520539732e-18 7.561646330518976391e-16 2.256567257477372910e-16
7.067180000000000291e+04 2.224611199328410754e-17 7.877107274208372182e-16 8.759510271224302926e-17
7.257750000000000000e+04 4.333576622991871065e-17 7.637926387456952359e-16 1.044008401401497576e-17
7.448319999999999709e+04 6.273908628026503243e-17 6.956902207604019888e-16 -1.679083965927014473e-17
7.638900000000000000e+04 7.853900945639256896e-17 6.082994338040381035e-16 -8.041497104311727543e-18
7.829469999999999709e+04 8.863351382798494608e-17 5.060296998943985586e-16 2.344713568000629290e-17
8.020039999999999418e+04 9.327813082684285739e-17 4.036633545459917872e-16 6.610192364444915660e-17
8.210610000000000582e+04 9.268713889812007919e-17 3.075154964977895307e-16 1.107073990053514926e-16
8.401180000000000291e+04 8.882262064413632654e-17 2.256428347214095673e-16 1.523840169267494131e-16
8.591760000000000582e+04 8.167635491212204739e-17 1.567356456314683428e-16 1.860669275982544946e-16
8.793289999999999418e+04 7.257001710689594124e-17 1.003733705439007001e-16 2.127690711080546108e-16
9.047419999999999709e+04 6.110354573777205393e-17 5.140463940888411250e-17 2.367881822291133790e-16
9.301550000000000000e+04 4.874049746790641517e-17 2.085425912620332812e-17 2.448430376314796897e-16
9.555680000000000291e+04 3.741345028947151255e-17 5.441207686877243604e-18 2.432028791348306682e-16
9.809810000000000582e+04 2.702218041829469823e-17 9.319574691096117981e-19 2.306252815265717482e-16
1.006390000000000000e+05 1.827695006446844841e-17 3.859419064655322150e-18 2.121562177682052341e-16
