1.017789999999999928e+01 1.394524152121778783e-04 1.391644342513219379e-04 1.378741452204794015e-04
1.043200000000000038e+01 1.300181550869824825e-04 1.325486317288003123e-04 1.315495734520724593e-04
1.068609999999999971e+01 1.236411922027580673e-04 1.245914794334822132e-04 1.248390039864442197e-04
1.094030000000000058e+01 1.183635865696333107e-04 1.177087881426576422e-04 1.174140162014821430e-04
1.119439999999999991e+01 1.098990669736808865e-04 1.129440897336068516e-04 1.125463084907428414e-04
1.144849999999999923e+01 1.055116358107205740e-04 1.063873309544334376e-04 1.063072257997236831e-04
1.171439999999999948e+01 1.011117614560902265e-04 9.995626197849689617e-05 1.003097622930611033e-04
1.205320000000000036e+01 9.666893294806993024e-05 9.278630682937861161e-05 9.237426807657337085e-05
1.239209999999999923e+01 9.091956819434193347e-05 8.665195738105887818e-05 8.637882698956846495e-05
1.273099999999999987e+01 8.739292736231960555e-05 8.021432857896369447e-05 7.997442089235952943e-05
1.306990000000000052e+01 7.968281914832900208e-05 7.640358105158532578e-05 7.615296859170869563e-05
1.340879999999999939e+01 7.166788834881438071e-05 7.323545648375707063e-05 7.358646284448380531e-05
1.374770000000000003e+01 7.099842644830840180e-05 6.740045976498785271e-05 6.715746115928654674e-05
1.408660000000000068e+01 6.550652613447137775e-05 6.408733939453340378e-05 6.420798649621527274e-05
1.442549999999999955e+01 6.081653781377295592e-05 6.096982489881713920e-05 6.102166157471413717e-05
1.476440000000000019e+01 5.961277434448403916e-05 5.683644082049131850e-05 5.618567523052388386e-05
1.510330000000000084e+01 5.368774133869247650e-05 5.464824566255521520e-05 5.480067350929992997e-05
1.544209999999999994e+01 5.017585365899176163e-05 5.194584615314016104e-05 5.218210308688827845e-05
1.585510000000000019e+01 4.795978194288590861e-05 4.831449395634061837e-05 4.824575393696919413e-05
1.630699999999999861e+01 4.280098221228127264e-05 4.575897224771774348e-05 4.639723896773961543e-05
1.675890000000000057e+01 4.127823291749331671e-05 4.233279821670866684e-05 4.248167340566121188e-05
1.721079999999999899e+01 3.900415494910138220e-05 3.942234356615320471e-05 3.955449618834652183e-05
1.766280000000000072e+01 3.480281897967938505e-05 3.762602235665010925e-05 3.811156921196410445e-05
1.811469999999999914e+01 3.387335646593755696e-05 3.495884765393143443e-05 3.484814437555839277e-05
1.856660000000000110e+01 3.205903562898831813e-05 3.261087856599054896e-05 3.266421769727949874e-05
1.901849999999999952e+01 3.020238453259043118e-05 3.050434533309065319e-05 3.073843412765097884e-05
1.947040000000000148e+01 2.794729160514093527e-05 2.892908680866065619e-05 2.916998142512152475e-05
1.992229999999999990e+01 2.604548282183801730e-05 2.736949072975151389e-05 2.761034217132297486e-05
2.037430000000000163e+01 2.471320558543143900e-05 2.571196911046956163e-05 2.593637050969210050e-05
2.085219999999999985e+01 2.364623005738200926e-05 2.406610987865880731e-05 2.411777684943818445e-05
2.145479999999999876e+01 2.142128684066259482e-05 2.269907271673002444e-05 2.269082638429614185e-05
2.205750000000000099e+01 2.020592041351829035e-05 2.099260312753966289e-05 2.113003711701711429e-05
2.266009999999999991e+01 1.875493722538405621e-05 1.957713180130356368e-05 1.974216106377998389e-05
2.326269999999999882e+01 1.804862760625974843e-05 1.811942733027174801e-05 1.818756000564397270e-05
2.386540000000000106e+01 1.630729940264293175e-05 1.726645950063482475e-05 1.726943933159020477e-05
2.446799999999999997e+01 1.547741622186768245e-05 1.597185492777918476e-05 1.617907085926526540e-05
2.507069999999999865e+01 1.460342940913101066e-05 1.496836130189745071e-05 1.506638545792469946e-05
2.567330000000000112e+01 1.388945404783975399e-05 1.396713389957256538e-05 1.401873869784956325e-05
2.627590000000000003e+01 1.300769055749854447e-05 1.313801958886123742e-05 1.320141789857482774e-05
2.687859999999999872e+01 1.177524818806779761e-05 1.259551732745326576e-05 1.261362259629497842e-05
2.748120000000000118e+01 1.117440079890781247e-05 1.168598239904112155e-05 1.191079325777212469e-05
2.822250000000000014e+01 1.061304112404573423e-05 1.090051458439121703e-05 1.087549762941050782e-05
2.902609999999999957e+01 1.003001808886279885e-05 1.010163361735172223e-05 1.008680232257848146e-05
2.982979999999999876e+01 8.861177918360158104e-06 9.575360978028495408e-06 9.694854239187127200e-06
3.063340000000000174e+01 8.332400906073434102e-06 8.781306338698134732e-06 9.082469564400636413e-06
3.143700000000000117e+01 7.978885377777854667e-06 8.244420589943797398e-06 8.284954271933199184e-06
3.224069999999999681e+01 7.709289734599061785e-06 7.629769735533564900e-06 7.594630261228095457e-06
3.304429999999999978e+01 6.899196930154476395e-06 7.336822562498189308e-06 7.135426193030747240e-06
3.384790000000000276e+01 6.703742130595598858e-06 6.716448061218378157e-06 6.667937182143853007e-06
3.465160000000000196e+01 6.179096858515118944e-06 6.322612310815979247e-06 6.329259095115931776e-06
3.545519999999999783e+01 5.686012539814582398e-06 5.893598836544957499e-06 5.996788270887965739e-06
3.625880000000000081e+01 5.484151397167675812e-06 5.553567593122402338e-06 5.549291983295127239e-06
3.711789999999999878e+01 5.000162592884952747e-06 5.253834798082017158e-06 5.293830987783880603e-06
3.818959999999999866e+01 4.760983682302006761e-06 4.849739166503163307e-06 4.842862355943451305e-06
3.926129999999999853e+01 4.231767019253825050e-06 4.610633213380190363e-06 4.603442508192128545e-06
4.033290000000000219e+01 4.207495431122098951e-06 4.149934482925509071e-06 4.173705891470125136e-06
4.140460000000000207e+01 3.921598235330661672e-06 3.870976001050206558e-06 3.894896485087647188e-06
4.247630000000000194e+01 3.498769052205484936e-06 3.729398137156453492e-06 3.682939464888678100e-06
4.354789999999999850e+01 3.375755236247986443e-06 3.384714270477054736e-06 3.432456647501283554e-06
4.461959999999999837e+01 3.114408543266916131e-06 3.213496229049799186e-06 3.218224760970402432e-06
4.569129999999999825e+01 2.892543244710592458e-06 3.011117218348188404e-06 3.033884215662442336e-06
4.676290000000000191e+01 2.790036653756745849e-06 2.798454645821960861e-06 2.792678574990604985e-06
4.783460000000000178e+01 2.539596172382979476e-06 2.658040070731422783e-06 2.665219914815889602e-06
4.890630000000000166e+01 2.414763975233776460e-06 2.484691055576797209e-06 2.483113904105341708e-06
5.023669999999999902e+01 2.270469333194991793e-06 2.300788745854421825e-06 2.289446031793397397e-06
5.166579999999999728e+01 2.064929794662407501e-06 2.149190217648692648e-06 2.157209178469024498e-06
5.309490000000000265e+01 1.971658705805755048e-06 1.972987434470187933e-06 1.989428525718110288e-06
5.452400000000000091e+01 1.751485284914508294e-06 1.899188111241030986e-06 1.893950718323717728e-06
5.595309999999999917e+01 1.750447688895748762e-06 1.715646482708786990e-06 1.706155640328090892e-06
5.738219999999999743e+01 1.539105189505789089e-06 1.645957525671607737e-06 1.639393369507751898e-06
5.881130000000000280e+01 1.477027794120451715e-06 1.525699464397249371e-06 1.514016610097141906e-06
6.024040000000000106e+01 1.389900457421345834e-06 1.410280110577698415e-06 1.406338288855790807e-06
6.166949999999999932e+01 1.288452183302662135e-06 1.332205821227020683e-06 1.330634407208100957e-06
6.309859999999999758e+01 1.206406379232568098e-06 1.248609574161232085e-06 1.250333063162477960e-06
6.452760000000000673e+01 1.122819598833223997e-06 1.171372379809185385e-06 1.178410963214923679e-06
6.607179999999999609e+01 1.046215439617980236e-06 1.102195503446678909e-06 1.099494071854444490e-06
6.797750000000000625e+01 9.723539370416277346e-07 1.016130618232838133e-06 1.029143271249400774e-06
6.988320000000000221e+01 9.080409072572245085e-07 9.058720256866222033e-07 9.489951274410244786e-07
7.178889999999999816e+01 8.182076828048458110e-07 8.921744037995951963e-07 8.948062812879433571e-07
7.369469999999999743e+01 7.985804187557225596e-07 8.311528984980822714e-07 8.493671017048097169e-07
7.560039999999999338e+01 7.522946916187352191e-07 7.673398635912559106e-07 7.546232490501192540e-07
7.750610000000000355e+01 6.948350652101466892e-07 7.069372620202926033e-07 7.134967824668945162e-07
7.941179999999999950e+01 6.221363600737206808e-07 6.781034140732506816e-07 6.752974021101862984e-07
8.131749999999999545e+01 5.868772985698607553e-07 6.254033160448448227e-07 6.342939701864084984e-07
8.322329999999999472e+01 5.587412708422273458e-07 5.794835343356962099e-07 5.882151239624007929e-07
8.512900000000000489e+01 5.485263709371816744e-07 5.388973794060832218e-07 5.502469067359243999e-07
8.703470000000000084e+01 4.869075087697779013e-07 5.169055047529285767e-07 5.152327194146295678e-07
8.942260000000000275e+01 4.524703759560071355e-07 4.754385271570662504e-07 4.812664165440286056e-07
9.196389999999999532e+01 4.282987910178986520e-07 4.465832262986542040e-07 4.381129892297563503e-07
9.450520000000000209e+01 3.828204844749446530e-07 3.861526294147447670e-07 4.162580874423988948e-07
9.704659999999999798e+01 3.555162926728365907e-07 3.829833506396996980e-07 3.968540640621141785e-07
9.958790000000000475e+01 3.421453820447777154e-07 3.585065806156299853e-07 3.548821330770471430e-07
1.021290000000000049e+02 3.238381968601219760e-07 3.324173797360150154e-07 3.339149729236255180e-07
1.046710000000000065e+02 3.009616179737149357e-07 3.105078811485846488e-07 3.111835060762671878e-07
1.072120000000000033e+02 2.804540480402342436e-07 2.859580266044625507e-07 2.949960991367818103e-07
1.097530000000000001e+02 2.640849630703876142e-07 2.808177793287966299e-07 2.592585239259827136e-07
1.122939999999999969e+02 2.449272454398161094e-07 2.525535950018451946e-07 2.561687323583387737e-07
1.148359999999999985e+02 2.290189992934582345e-07 2.320291505714777580e-07 2.452879169026724295e-07
1.176110000000000042e+02 2.131214177499499189e-07 2.249930740440061530e-07 2.259207059868731275e-07
1.210000000000000000e+02 2.019742902450567421e-07 1.880850197878372780e-07 2.199052254071060358e-07
1.243889999999999958e+02 1.884195044771669480e-07 1.882855100086972734e-07 1.891960108741358629e-07
1.277780000000000058e+02 1.718213199952769012e-07 1.814877409527094661e-07 1.723267370359233331e-07
1.311670000000000016e+02 1.607842769674677852e-07 1.735598964036626768e-07 1.544121506288696141e-07
1.345550000000000068e+02 1.442687552038383904e-07 1.590076313240080240e-07 1.514166590721536205e-07
1.379439999999999884e+02 1.319334865656404597e-07 1.438603123666853135e-07 1.481724471809555315e-07
1.413329999999999984e+02 1.226832537194376564e-07 1.330967116919596387e-07 1.392999014686027353e-07
1.447220000000000084e+02 1.174634248272286954e-07 1.255523007985981090e-07 1.225632451635306680e-07
1.481109999999999900e+02 1.107687997079810701e-07 1.169000077353641007e-07 1.163129256027937861e-07
1.515000000000000000e+02 9.900990493152541715e-08 1.098576771331174709e-07 1.126045684153571536e-07
1.548890000000000100e+02 9.594612129465505497e-08 1.032795904767296020e-07 1.012327015086153505e-07
1.591740000000000066e+02 9.132717966350264783e-08 9.356134073732493785e-08 9.366195031917244277e-08
1.636930000000000121e+02 8.205243810080126156e-08 8.896287342056336256e-08 8.696514687863538759e-08
1.682129999999999939e+02 7.406717147350392020e-08 8.073644705918472916e-08 8.425025444331140689e-08
1.727319999999999993e+02 6.835076659522291561e-08 7.548601632891694580e-08 7.819081059586017710e-08
1.772510000000000048e+02 6.591188964225034031e-08 6.976499523301312382e-08 7.058124336473655266e-08
1.817700000000000102e+02 5.948569408479987219e-08 6.794134083591705783e-08 6.436700635928307194e-08
1.862889999999999873e+02 5.663637537100812250e-08 5.925779785951995836e-08 6.259789324947195336e-08
1.908079999999999927e+02 5.281813710457330880e-08 5.656890549744594073e-08 5.675486699798078755e-08
1.953280000000000030e+02 4.898349726962562746e-08 5.350559113215993833e-08 5.240556455821444501e-08
1.998470000000000084e+02 4.607369430156424453e-08 4.746529114479991040e-08 5.087697535363587319e-08
2.043660000000000139e+02 4.238953459047899724e-08 4.662751912466348475e-08 4.564413503781233987e-08
2.093530000000000086e+02 4.016066341809779859e-08 4.193583971319623330e-08 4.323186548470598112e-08
2.153789999999999907e+02 3.684655449635222376e-08 4.039370024687419250e-08 3.858982797677361697e-08
2.214060000000000059e+02 3.353216189744562235e-08 3.653328519149731641e-08 3.711582459105707905e-08
2.274319999999999879e+02 3.081540064456912698e-08 3.491839515298351288e-08 3.357506609835864613e-08
2.334590000000000032e+02 2.864776284122448804e-08 3.091757451001990776e-08 3.250856444073983324e-08
2.394850000000000136e+02 2.596530138768104202e-08 2.828095189774568118e-08 3.115288455457329287e-08
2.455109999999999957e+02 2.461993033088081688e-08 2.617323077418397726e-08 2.857821923093522474e-08
2.515380000000000109e+02 2.301894845930170237e-08 2.488796488764879848e-08 2.576666377434244930e-08
2.575640000000000214e+02 2.099247177646090326e-08 2.395617044274666346e-08 2.365970194079244570e-08
2.635910000000000082e+02 2.077112871268639710e-08 2.154437782596877173e-08 2.142654675491851601e-08
2.696170000000000186e+02 1.780907016735199854e-08 2.045512639387553898e-08 2.116622439877246841e-08
2.756440000000000055e+02 1.699687155356187067e-08 1.880765012964878825e-08 1.954480714878934628e-08
2.833330000000000268e+02 1.629526372959479617e-08 1.723275394724385042e-08 1.761707157916135947e-08
2.913700000000000045e+02 1.437592539905885395e-08 1.605949814331029347e-08 1.679859333763085627e-08
2.994060000000000059e+02 1.424181165717348539e-08 1.465626564028530815e-08 1.473095536654121129e-08
3.074420000000000073e+02 1.184134923467413123e-08 1.350457121957710503e-08 1.505435270574876821e-08
3.154789999999999850e+02 1.209786578011324179e-08 1.287644129380638492e-08 1.260769966495031236e-08
3.235149999999999864e+02 1.096947079527434364e-08 1.184225321430366910e-08 1.186234452233665048e-08
3.315509999999999877e+02 9.566390438981926764e-09 1.117555522066996049e-08 1.142352236265067632e-08
3.395880000000000223e+02 9.806737505134373361e-09 9.926635394544616207e-09 1.011983538832101486e-08
3.476240000000000236e+02 8.537465536370709776e-09 9.640002381030235315e-09 9.261234932293920027e-09
3.556610000000000014e+02 7.381914723648506878e-09 9.096011330376079976e-09 9.273214833975416667e-09
3.636970000000000027e+02 7.686327557781325569e-09 8.052416122850110230e-09 8.177090815368569294e-09
3.726580000000000155e+02 7.062061137900910520e-09 7.423316275695055069e-09 7.694636442023660638e-09
3.833740000000000236e+02 5.693523805712685471e-09 7.167545249154877698e-09 7.582157265132439807e-09
3.940910000000000082e+02 5.954755003717835930e-09 6.382484777926452449e-09 6.528140466355715588e-09
4.048079999999999927e+02 5.694240904175656796e-09 5.859896182529419405e-09 5.872603037294926730e-09
4.155240000000000009e+02 4.493262417557275968e-09 5.770533991263724061e-09 5.833338336779003040e-09
4.262409999999999854e+02 4.374404880588937226e-09 5.127953342463201433e-09 5.402932792947863972e-09
4.369569999999999936e+02 4.646030739340943765e-09 4.522222250043762421e-09 4.627600538615296709e-09
4.476739999999999782e+02 4.003291177759769930e-09 4.427762996459316817e-09 4.346188729780915208e-09
4.583910000000000196e+02 3.243635595232027161e-09 4.294083646069490483e-09 4.293814654698485054e-09
4.691070000000000277e+02 3.211235828247440444e-09 3.807967548241132443e-09 3.956329119511428599e-09
4.798240000000000123e+02 3.419786578741504980e-09 3.303442624936594051e-09 3.451926292321903327e-09
4.905409999999999968e+02 3.136736071676500026e-09 3.264827387235463897e-09 3.035768597088038164e-09
5.043389999999999986e+02 2.452817419310498533e-09 3.155968854565316358e-09 3.083581454124185907e-09
5.186299999999999955e+02 2.194525628970756992e-09 2.867207709626569727e-09 2.935311260602674797e-09
5.329199999999999591e+02 2.410875973500952493e-09 2.426330726520867570e-09 2.541698196778181834e-09
5.472110000000000127e+02 2.334302297456933299e-09 2.232226047389811969e-09 2.240416563953257016e-09
5.615019999999999527e+02 1.896711656171260645e-09 2.305283621666025838e-09 2.082568892562714719e-09
5.757930000000000064e+02 1.537555237674792926e-09 1.975525118306200744e-09 2.259656975291578166e-09
5.900839999999999463e+02 1.476970697891414394e-09 1.874568829869498227e-09 2.011791944864815959e-09
6.043750000000000000e+02 1.618986878430147236e-09 1.526310020594676646e-09 1.818623472975176780e-09
6.186660000000000537e+02 1.640938983972396884e-09 1.463044382347301401e-09 1.488186149680302572e-09
6.329569999999999936e+02 1.356664633563336805e-09 1.445152725889299559e-09 1.444851954947363760e-09
6.472480000000000473e+02 1.079627132229597263e-09 1.458886708767868714e-09 1.395199367002534640e-09
6.633460000000000036e+02 9.270089558762833822e-10 1.339265422929939011e-09 1.364325606793778120e-09
6.824039999999999964e+02 9.924790850968608100e-10 1.144185898217892198e-09 1.201644248685247401e-09
7.014610000000000127e+02 1.056329111565038723e-09 9.891483026091794430e-10 1.024152907618460537e-09
7.205180000000000291e+02 9.593513654575689991e-10 9.365593044856500228e-10 9.350311386967814300e-10
7.395750000000000455e+02 7.611019740325543679e-10 9.314640532200245512e-10 9.148052770674213200e-10
7.586319999999999482e+02 6.079429545268366657e-10 8.942304844605416648e-10 9.052647514126220328e-10
7.776900000000000546e+02 5.645886058849637292e-10 8.253538624565833983e-10 8.318553554184533505e-10
7.967469999999999573e+02 5.871727694873923321e-10 7.087345824134701713e-10 7.555924220991377910e-10
8.158039999999999736e+02 6.325716907607438433e-10 6.212403240807396242e-10 6.456872665862482653e-10
8.348609999999999900e+02 6.171437108638869432e-10 5.573658188903775342e-10 5.760562838457357007e-10
8.539180000000000064e+02 5.539122608579716248e-10 5.325419674784732760e-10 5.308409687835554064e-10
8.729759999999999991e+02 4.610751071686278233e-10 5.245421010676927617e-10 5.090097232036796907e-10
8.977309999999999945e+02 3.557441254695095000e-10 5.149134270138193734e-10 5.007868019166712587e-10
9.231449999999999818e+02 2.946851321391673995e-10 4.870501647612863244e-10 4.802114184115463103e-10
9.485579999999999927e+02 2.926373869519865155e-10 4.274936353055242774e-10 4.394721125624975118e-10
9.739710000000000036e+02 3.163544606832837701e-10 3.647183226962584032e-10 3.871396049804579276e-10
9.993840000000000146e+02 3.351483265555035355e-10 3.127117619295668321e-10 3.360211986909298779e-10
1.024799999999999955e+03 3.275864817112553670e-10 2.843271350675144259e-10 2.939025669652303189e-10
1.050210000000000036e+03 2.940655635871281490e-10 2.696213542589512058e-10 2.722363480819207821e-10
1.075619999999999891e+03 2.441450529905636647e-10 2.670017506991247280e-10 2.595718903103117473e-10
1.101039999999999964e+03 1.931518168220624985e-10 2.679377509305153373e-10 2.497259777754223424e-10
1.126450000000000045e+03 1.536998754066125034e-10 2.580219970264337331e-10 2.434021231749538939e-10
1.151859999999999900e+03 1.316100798515247177e-10 2.351829096863408104e-10 2.378258819362355760e-10
1.180779999999999973e+03 1.258131213748128950e-10 2.130057224822290511e-10 2.175335601805581319e-10
1.214670000000000073e+03 1.372170630609120131e-10 1.810740375147655317e-10 1.922307666387225100e-10
1.248559999999999945e+03 1.479425116063477557e-10 1.530689941646921724e-10 1.678990547689601965e-10
1.282450000000000045e+03 1.504451553706161371e-10 1.346224476591628788e-10 1.454443573462210130e-10
1.316339999999999918e+03 1.421139017454585388e-10 1.250811675362915166e-10 1.292249900198500267e-10
1.350230000000000018e+03 1.243391513435310955e-10 1.185391611003281796e-10 1.218367251814207731e-10
1.384119999999999891e+03 1.045323358688859835e-10 1.184667437711039380e-10 1.127352594017377385e-10
1.418009999999999991e+03 8.120890192715725648e-11 1.162738554437225559e-10 1.113764451348670850e-10
1.451900000000000091e+03 6.788623733072296802e-11 1.138385325737951806e-10 1.030646757822819159e-10
1.485789999999999964e+03 5.315347360945683339e-11 9.936102212956369221e-11 1.097439833544994887e-10
1.519670000000000073e+03 4.635862545954920093e-11 9.326425768731973011e-11 1.019304076841711008e-10
1.553559999999999945e+03 4.530537819267488021e-11 8.598503149264041542e-11 9.088500707244475166e-11
1.597980000000000018e+03 4.748417146499487452e-11 7.350558942080694644e-11 8.296753396307820879e-11
1.643170000000000073e+03 5.201461546804241521e-11 6.584391712640276984e-11 6.918330934596285415e-11
1.688359999999999900e+03 5.360962510100337295e-11 5.729635662913006564e-11 6.077443164264258197e-11
1.733549999999999955e+03 5.384211257460265013e-11 4.861666092100697935e-11 5.524561042847839621e-11
1.778740000000000009e+03 5.180202141640173970e-11 4.496194628899035021e-11 4.819195932085594446e-11
1.823930000000000064e+03 4.759344795798001388e-11 4.283691155588339962e-11 4.271094122889661205e-11
1.869130000000000109e+03 4.225519551670775606e-11 4.261788606671272223e-11 3.772146741125154387e-11
1.914319999999999936e+03 3.601529067422131133e-11 4.273635339853156145e-11 3.402431228443273932e-11
1.959509999999999991e+03 2.982977738563705825e-11 3.634152407217853455e-11 3.759288113926123141e-11
2.004700000000000045e+03 2.570755695070007694e-11 3.124350052095710044e-11 3.842479797868844001e-11
2.049889999999999873e+03 2.067696277590739327e-11 4.028132849955603334e-11 2.684535472332618954e-11
2.101840000000000146e+03 1.582953163855618043e-11 3.411385307616542745e-11 3.064178876396400157e-11
2.162110000000000127e+03 1.280274283540418691e-11 3.011775594186043976e-11 3.091298048577698288e-11
2.222369999999999891e+03 1.159406983456399956e-11 2.341904422781162725e-11 3.269516967386118407e-11
2.282630000000000109e+03 1.196219858697694201e-11 2.280259902945151613e-11 2.727664831645235332e-11
2.342900000000000091e+03 1.062012319163164923e-11 2.642790376180829996e-11 1.998500471776446182e-11
2.403159999999999854e+03 1.037816786930670363e-11 1.757364337103281044e-11 2.442950181176657302e-11
2.463429999999999836e+03 1.102589937337850966e-11 1.990643294970849609e-11 1.719892685455499475e-11
2.523690000000000055e+03 1.090541922336154640e-11 1.426607679661716724e-11 1.901445501970863518e-11
2.583960000000000036e+03 1.075995995186712728e-11 1.476066342586651389e-11 1.514062033332493385e-11
2.644219999999999800e+03 1.110243083703460151e-11 1.279952826709865154e-11 1.346464577827097948e-11
2.704480000000000018e+03 1.080044196055441010e-11 1.085204674872727977e-11 1.265081735746886547e-11
2.764750000000000000e+03 1.043502941668597281e-11 9.909109586646426889e-12 1.121402790931682728e-11
2.844420000000000073e+03 1.008932409673896808e-11 8.817647233770246774e-12 9.969555329540030783e-12
2.924780000000000200e+03 9.618098234449958268e-12 8.287475545992624567e-12 8.539425349687143002e-12
3.005150000000000091e+03 8.992728587462825123e-12 7.266450976896523356e-12 7.979846579765174870e-12
3.085510000000000218e+03 8.157379017014883815e-12 6.705049854198397916e-12 7.371003346025247220e-12
3.165869999999999891e+03 7.434550137693079364e-12 6.501340440472140410e-12 6.438761957211700092e-12
3.246239999999999782e+03 6.743388649839861827e-12 6.160897846961370702e-12 5.828187960601298653e-12
3.326599999999999909e+03 5.997164702179802821e-12 5.753098592570250603e-12 5.446304416383375535e-12
3.406960000000000036e+03 5.266323434544755984e-12 5.392763010353474648e-12 5.132046444196828482e-12
3.487329999999999927e+03 4.585537038087774605e-12 5.064675960884675273e-12 4.833875399850965891e-12
3.567690000000000055e+03 3.988805994880476960e-12 4.758193537063172266e-12 4.568729476689376008e-12
3.648050000000000182e+03 3.467594192434549745e-12 4.460068469413736633e-12 4.293351127723834995e-12
3.741360000000000127e+03 2.943477450379898889e-12 4.184556307988382441e-12 4.068416845642964200e-12
3.848519999999999982e+03 2.416848031548201055e-12 3.932375523448739985e-12 3.897305572438493416e-12
3.955690000000000055e+03 1.993626831567693342e-12 3.685729012290157974e-12 3.687835278289859526e-12
4.062860000000000127e+03 1.671598105697725456e-12 3.440210752907220339e-12 3.487382188361419428e-12
4.170020000000000437e+03 1.431896611406798477e-12 3.197282117657063478e-12 3.253627093895588917e-12
4.277189999999999600e+03 1.270710523585682757e-12 3.009363289433821340e-12 2.950528956778441541e-12
4.384359999999999673e+03 1.145524298373374173e-12 2.876135161871080540e-12 2.613365429416800740e-12
4.491520000000000437e+03 9.796964151959891231e-13 2.681803671606018416e-12 2.418795306796461109e-12
4.598689999999999600e+03 7.884458663213939613e-13 2.375327379842888270e-12 2.423305761744433597e-12
4.705859999999999673e+03 7.113346756281434401e-13 2.151340485907958310e-12 2.263412420229380545e-12
4.813020000000000437e+03 7.216952077026948583e-13 2.057683254194420468e-12 1.917479793167656474e-12
4.920189999999999600e+03 6.216673697035871906e-13 1.816201333131931654e-12 1.875784640002487280e-12
5.063100000000000364e+03 5.620345759545554154e-13 1.604520635202493406e-12 1.776363125521431861e-12
5.206010000000000218e+03 5.455169893186669008e-13 1.477102379648829960e-12 1.584929311545060574e-12
5.348920000000000073e+03 5.611452157027620981e-13 1.380155635711959394e-12 1.362296322333432299e-12
5.491819999999999709e+03 5.477347209058114282e-13 1.197545858774090054e-12 1.282069276395620901e-12
5.634729999999999563e+03 5.117283821786938653e-13 1.054359512798694075e-12 1.204169733941600834e-12
5.777640000000000327e+03 5.132497281327843064e-13 9.970707202537512673e-13 1.034302162347737154e-12
5.920550000000000182e+03 5.040608869213543270e-13 8.551967993377728550e-13 9.743683748778061660e-13
6.063460000000000036e+03 4.828994896637520106e-13 7.881260407755359982e-13 8.696301014693834235e-13
6.206369999999999891e+03 4.746459709380457944e-13 6.970137216193807974e-13 7.889461221353743522e-13
6.349279999999999745e+03 4.562526527238479137e-13 6.341997197311498054e-13 7.100598701733125049e-13
6.492189999999999600e+03 4.406061465376206495e-13 5.580403115144357993e-13 6.520144696464595337e-13
6.659750000000000000e+03 4.263425229452037124e-13 5.178132095935646314e-13 5.665281171147286886e-13
6.850319999999999709e+03 4.097085436318479684e-13 4.313326637081488450e-13 5.369692494448491766e-13
7.040890000000000327e+03 3.953203383827836375e-13 4.208044267103489065e-13 4.478360690037505682e-13
7.231470000000000255e+03 3.785571603310303311e-13 3.452401279338742996e-13 4.331034363814047356e-13
7.422039999999999964e+03 3.591148427638383845e-13 3.386629156424610231e-13 3.619206512721292716e-13
7.612609999999999673e+03 3.416095886547398534e-13 2.739648756009511205e-13 3.556626948210174034e-13
7.803180000000000291e+03 3.207113088224264903e-13 2.900020153821272499e-13 2.780282924541105011e-13
7.993750000000000000e+03 3.038983643758830219e-13 1.994677026572993833e-13 3.131198488676618339e-13
8.184329999999999927e+03 2.822884556886835558e-13 2.650176782853388827e-13 2.011456027333629404e-13
8.374899999999999636e+03 2.677526906061723346e-13 1.510430001577481196e-13 2.673615965201888903e-13
8.565469999999999345e+03 2.445193941457223221e-13 1.995022471050433941e-13 1.838834505358071934e-13
8.758229999999999563e+03 2.309026445144114850e-13 1.805502296634111964e-13 1.647303389923353433e-13
9.012370000000000800e+03 2.122060316195947814e-13 1.215158877438483109e-13 1.925089331520529406e-13
9.266500000000000000e+03 1.967921842511356217e-13 1.753422238389976459e-13 1.089611917263758676e-13
9.520629999999999200e+03 1.838109003791182872e-13 7.126605970311050525e-14 1.851424769279257386e-13
9.774760000000000218e+03 1.628336554746376425e-13 1.621356348139996124e-13 7.710992414976428376e-14
1.002889999999999964e+04 1.586261792275723500e-13 8.172565260310109680e-14 1.288324244256746306e-13
1.028300000000000000e+04 1.386045405308585068e-13 7.448271687405856953e-14 1.250470264645152032e-13
1.053720000000000073e+04 1.270703443722606303e-13 1.373988861073464111e-13 4.538771467924951958e-14
1.079129999999999927e+04 1.232498586628168034e-13 5.138971542597834135e-14 1.087804511722790734e-13
1.104539999999999964e+04 1.056177530248137045e-13 5.246322997403978385e-14 1.022426247758280483e-13
1.129960000000000036e+04 9.505560873546787996e-14 1.132995648218814712e-13 3.010117247053852491e-14
1.155370000000000073e+04 9.437338555505694290e-14 6.261202644346174149e-14 6.149057356785106180e-14
1.185460000000000036e+04 8.174398093633282559e-14 2.297965607923545403e-14 9.506482068648911685e-14
1.219350000000000000e+04 6.935357709559563701e-14 8.938464514691144384e-14 2.317927131751730388e-14
1.253239999999999964e+04 7.105922194279203773e-14 5.061076774140403576e-14 4.509125052420602560e-14
1.287129999999999927e+04 6.081137238747161471e-14 1.353452471247903762e-14 7.816276290817082830e-14
1.321010000000000036e+04 4.984155430238254918e-14 6.384778053232743728e-14 2.590089529907294184e-14
1.354900000000000000e+04 5.087772019778754206e-14 6.209801547249075660e-14 1.486502558000726392e-14
1.388789999999999964e+04 4.830324835302231903e-14 1.309634342065686032e-14 5.541361223110457128e-14
1.422679999999999927e+04 3.817528709109574285e-14 1.758796628176404206e-14 5.148614642448252193e-14
1.456570000000000073e+04 3.262621201156075906e-14 5.278916849618009858e-14 1.281885249994654124e-14
1.490460000000000036e+04 3.390915913520212344e-14 4.808427564334882384e-14 7.794362460940427371e-15
1.524350000000000000e+04 3.318646647291238187e-14 1.487617295658117462e-14 3.436300316691653075e-14
1.559020000000000073e+04 2.687128282417557583e-14 4.479600567395924747e-15 4.406770094367757092e-14
1.604210000000000036e+04 2.048792496162809306e-14 3.236018587511821171e-14 1.596556540496297052e-14
1.649400000000000000e+04 2.148463976991361936e-14 3.926026069913646410e-14 2.109663798345329300e-15
1.694590000000000146e+04 2.208425201614631696e-14 1.347631565183718648e-14 2.190057194485019892e-14
1.739779999999999927e+04 1.750742964894154731e-14 2.074897251358115905e-15 3.280346514790037316e-14
1.784979999999999927e+04 1.286696209226898401e-14 1.717893801081699741e-14 1.801891376178524121e-14
1.830170000000000073e+04 1.222713492533512335e-14 2.998729863060597990e-14 1.767426846099310984e-15
1.875359999999999854e+04 1.361941570451935171e-14 2.293857690825064124e-14 3.706859613837938190e-15
1.920550000000000000e+04 1.325242264614302830e-14 7.316368793944144805e-15 1.620217725793635469e-14
1.965740000000000146e+04 1.057953951358806759e-14 7.843747355255496850e-16 2.238467573850599120e-14
2.010929999999999927e+04 7.605699671846570116e-15 6.736705787580692716e-15 1.654465688014754134e-14
2.056129999999999927e+04 6.258556021915222937e-15 1.601292538481850411e-14 6.004745568772356131e-15
2.110150000000000000e+04 6.801381291567804897e-15 1.908293274209408940e-14 -1.737859795797299340e-16
2.170420000000000073e+04 7.737376790474038450e-15 1.097625184902905943e-14 4.825835511483984191e-15
2.230679999999999927e+04 6.915678692917634237e-15 1.934478757030603757e-15 1.262745098809933938e-14
2.290950000000000000e+04 4.916159127566764805e-15 1.044447830424934755e-15 1.365413279427158039e-14
2.351209999999999854e+04 3.375457596073680976e-15 6.519694354435232437e-15 8.032459621380647434e-15
2.411470000000000073e+04 3.069813203063653636e-15 1.143194596235323347e-14 1.836454441957547373e-15
2.471740000000000146e+04 3.593632614393094106e-15 1.163023671555036698e-14 -2.321736354583671559e-16
2.532000000000000000e+04 4.033700450210964252e-15 7.694770526529885386e-15 1.976079734434172559e-15
2.592270000000000073e+04 3.869624219817187781e-15 3.005930049597568040e-15 5.656662975541194233e-15
2.652529999999999927e+04 3.132161782465787963e-15 3.626076881770722266e-16 7.933851435102295408e-15
2.712800000000000000e+04 2.228340099194626085e-15 5.280188504573229396e-16 7.719608920020357563e-15
2.775140000000000146e+04 1.503605667832855898e-15 2.617056623364510484e-15 5.447039636358908680e-15
2.855500000000000000e+04 1.203414966166127971e-15 5.580201966056630940e-15 1.930519489599917116e-15
2.935870000000000073e+04 1.423363013458659635e-15 6.561304468537352018e-15 -4.002171521609329082e-17
3.016229999999999927e+04 1.742144122766233448e-15 5.230274152828550438e-15 2.444733752532283840e-16
3.096590000000000146e+04 1.851597713059440008e-15 2.887453137976768440e-15 1.873843106957410748e-15
3.176959999999999854e+04 1.646822800987337219e-15 8.987611250471985627e-16 3.488319531072145527e-15
3.257320000000000073e+04 1.249440374243399539e-15 6.039277379645397232e-17 4.200129667664812307e-15
3.337680000000000291e+04 8.314520276231849307e-16 3.531875798712978048e-16 3.830416402633423088e-15
3.418050000000000000e+04 5.345304144421315254e-16 1.286046972164720917e-15 2.777577625272325924e-15
3.498409999999999854e+04 3.985381906975411283e-16 2.268640144192309867e-15 1.528795814069646909e-15
3.578780000000000291e+04 4.034478354214323466e-16 2.893216997346909958e-15 5.337729098509164933e-16
3.659140000000000146e+04 4.854374312978475935e-16 2.992142090754663155e-15 3.847108518515099907e-18
3.756140000000000146e+04 6.140964009181354042e-16 2.593224086225616916e-15 -2.383547990743556342e-17
3.863309999999999854e+04 6.955900217509942453e-16 1.739479541847675436e-15 4.593543106125552977e-16
3.970469999999999709e+04 6.744801355334114166e-16 8.630559076753888388e-16 1.096583582575202020e-15
4.077640000000000146e+04 5.683236190860492951e-16 2.568855491189467270e-16 1.574264815189093101e-15
4.184800000000000000e+04 4.214438943392952579e-16 1.832046779535522382e-17 1.747350035547577027e-15
4.291969999999999709e+04 2.770979813903529242e-16 9.266926222243070645e-17 1.615387339520837693e-15
4.399140000000000146e+04 1.686912783486319618e-16 3.523039362030528235e-16 1.295426493607733146e-15
4.506300000000000000e+04 1.045299144766023241e-16 6.605942155116001425e-16 8.901508560785792654e-16
4.613469999999999709e+04 8.260501297401767871e-17 9.164802845745970957e-16 5.096379993432008192e-16
4.720640000000000146e+04 9.101413373487824542e-17 1.060944017597170215e-15 2.176278600256784717e-16
4.827800000000000000e+04 1.164965862003443300e-16 1.092376860968683313e-15 4.186829016341559600e-17
4.939900000000000000e+04 1.475596128116940517e-16 1.016545820799835819e-15 -2.631095554972447341e-17
5.082809999999999854e+04 1.829389359542806146e-16 8.343129350895138283e-16 1.585664363479177116e-17
5.225719999999999709e+04 1.988101067285285479e-16 5.939990621560988095e-16 1.406546604949238643e-16
5.368630000000000291e+04 1.963432204199310357e-16 3.681375183240721118e-16 2.886830947432893023e-16
5.511540000000000146e+04 1.759697480358970995e-16 1.861486139394784046e-16 4.127533457843147401e-16
5.654450000000000000e+04 1.455992773953899652e-16 6.796530360348488184e-17 4.907411670630327372e-16
5.797350000000000000e+04 1.117141885143252951e-16 1.169972138561650046e-17 5.170317761762755425e-16
5.940259999999999854e+04 7.910202608765464291e-17 5.184731265777697657e-18 4.954852916044998428e-16
6.083169999999999709e+04 5.213437929786479507e-17 3.226922421342715751e-17 4.448162292319266509e-16
6.226080000000000291e+04 3.137423880728344871e-17 7.690213830744916699e-17 3.722397599354259702e-16
6.368990000000000146e+04 1.732847537689265081e-17 1.255115251312956068e-16 2.916613718365406049e-16
6.511900000000000000e+04 9.446509211737727242e-18 1.703827974676282387e-16 2.162102707211996818e-16
6.686039999999999418e+04 6.358615051477770686e-18 2.141439449167111727e-16 1.379262381073752122e-16
6.876610000000000582e+04 8.448190733805464207e-18 2.438118380726144847e-16 7.226397609774115674e-17
7.067180000000000291e+04 1.360403171306030977e-17 2.524805439099040414e-16 2.797202578752248602e-17
7.257750000000000000e+04 1.973040378881992863e-17 2.433904043270511833e-16 3.488607665648593822e-18
7.448319999999999709e+04 2.522235178686652615e-17 2.201346762237448707e-16 -4.959436117105491687e-18
7.638900000000000000e+04 2.963118000671484301e-17 1.914850812719749330e-16 -2.028336118115800883e-18
7.829469999999999709e+04 3.216086650153656989e-17 1.582211489011905425e-16 7.948954687461138112e-18
8.020039999999999418e+04 3.298606118450884287e-17 1.253326850715527331e-16 2.123224673886808338e-17
8.210610000000000582e+04 3.216008629104981757e-17 9.469348544417783821e-17 3.486652061487306384e-17
8.401180000000000291e+04 3.043360555750596086e-17 6.898867062039080218e-17 4.742471176087831954e-17
8.591760000000000582e+04 2.770112789231180577e-17 4.750593605240816547e-17 5.726836666402425623e-17
8.793289999999999418e+04 2.445451024499401076e-17 3.016759154840111543e-17 6.484626931843360940e-17
9.047419999999999709e+04 2.063440208393903499e-17 1.537065152035628986e-17 7.170338886871983670e-17
9.301550000000000000e+04 1.657249207862328687e-17 6.211955530400763260e-18 7.358214931681959729e-17
9.555680000000000291e+04 1.294056249870835518e-17 1.659131616738299860e-18 7.269220450597672215e-17
9.809810000000000582e+04 9.612449037510287259e-18 3.656486119024775374e-19 6.844731163407820521e-17
1.006390000000000000e+05 6.833559717376625283e-18 1.262370972175140439e-18 6.253390742370722953e-17
