1.017789999999999928e+01 1.730921954426476502e-04 1.699899817108700955e-04 1.693617674555675549e-04
1.043200000000000038e+01 1.620871637336134138e-04 1.607174739380415893e-04 1.618088007878999322e-04
1.068609999999999971e+01 1.558979414249623749e-04 1.518626694923402864e-04 1.519950204657065872e-04
1.094030000000000058e+01 1.424482631580820655e-04 1.461938915751053304e-04 1.454864966551759793e-04
1.119439999999999991e+01 1.387040151285973415e-04 1.370720180620539326e-04 1.363257454279883177e-04
1.144849999999999923e+01 1.353331599627040122e-04 1.283448668547104254e-04 1.273793063139007321e-04
1.171439999999999948e+01 1.256732290183022347e-04 1.216383905579784580e-04 1.225002399200575854e-04
1.205320000000000036e+01 1.172446599480389702e-04 1.145897892111587832e-04 1.141174756033578631e-04
1.239209999999999923e+01 1.100206596496532401e-04 1.070701799065596507e-04 1.068938467995010112e-04
1.273099999999999987e+01 1.010943204351869072e-04 1.018161032158213495e-04 1.011393732742110692e-04
1.306990000000000052e+01 9.625469960812530119e-05 9.417865212335793678e-05 9.471072925703685774e-05
1.340879999999999939e+01 8.868452055482719631e-05 8.952611612995041955e-05 8.977089101056418821e-05
1.374770000000000003e+01 8.580589938774306892e-05 8.323320267767146067e-05 8.305635813219527160e-05
1.408660000000000068e+01 8.257482374127542602e-05 7.755435261985927937e-05 7.741977944593532446e-05
1.442549999999999955e+01 7.593774592361011229e-05 7.424581097213562805e-05 7.380802296073999411e-05
1.476440000000000019e+01 6.988519105589615992e-05 7.061828732373931169e-05 6.903836378906546656e-05
1.510330000000000084e+01 7.037395391301148656e-05 6.519009675957701251e-05 6.419891449555641355e-05
1.544209999999999994e+01 6.476542846088352004e-05 6.223787638920371464e-05 6.189687953005336678e-05
1.585510000000000019e+01 5.864456304919563598e-05 5.908279691938980022e-05 5.922226578026749429e-05
1.630699999999999861e+01 5.613798541144612115e-05 5.483395854798682234e-05 5.414230068199026307e-05
1.675890000000000057e+01 5.075487946707693196e-05 5.170179287593703688e-05 5.183774852725176320e-05
1.721079999999999899e+01 4.931705085947276355e-05 4.776194315399170639e-05 4.740575585082806441e-05
1.766280000000000072e+01 4.619214810773130070e-05 4.462983825080989273e-05 4.441463702334460866e-05
1.811469999999999914e+01 4.203634550586631691e-05 4.225534622587479402e-05 4.253267715060538940e-05
1.856660000000000110e+01 3.935228631517759289e-05 3.972278438900366367e-05 3.995025265455517732e-05
1.901849999999999952e+01 3.747359867507691163e-05 3.725186140113936905e-05 3.711187253403173839e-05
1.947040000000000148e+01 3.640842731037474136e-05 3.454775152006783561e-05 3.425489117040927825e-05
1.992229999999999990e+01 3.246806685814108848e-05 3.325048158882705322e-05 3.331414732868643447e-05
2.037430000000000163e+01 3.087478077516412939e-05 3.126245824956455568e-05 3.118182429197034517e-05
2.085219999999999985e+01 2.915579872070997797e-05 2.932640182580689489e-05 2.930612998028477882e-05
2.145479999999999876e+01 2.736789447855838851e-05 2.716353638540944747e-05 2.715896995671000609e-05
2.205750000000000099e+01 2.480120039034753313e-05 2.560948568080005980e-05 2.573848225088573634e-05
2.266009999999999991e+01 2.384046649606337868e-05 2.353740830049867475e-05 2.375721568718092115e-05
2.326269999999999882e+01 2.188043308298431763e-05 2.229595913599091182e-05 2.225658036988362976e-05
2.386540000000000106e+01 1.998436292830210343e-05 2.105363714129939931e-05 2.113326829709964776e-05
2.446799999999999997e+01 1.897916251472441104e-05 1.968304974771664195e-05 1.955994205750174686e-05
2.507069999999999865e+01 1.851344784765198930e-05 1.812938611155081507e-05 1.794153770868090868e-05
2.567330000000000112e+01 1.724101792561914581e-05 1.701039868959229416e-05 1.695526985362201178e-05
2.627590000000000003e+01 1.612795271490600316e-05 1.613529756578427614e-05 1.581772867698477705e-05
2.687859999999999872e+01 1.461953004254202134e-05 1.532608247813796204e-05 1.528910491671086342e-05
2.748120000000000118e+01 1.455195702525124610e-05 1.406229988842179238e-05 1.392233180317668678e-05
2.822250000000000014e+01 1.312539624280689573e-05 1.314996150110137575e-05 1.333263145545419973e-05
2.902609999999999957e+01 1.239270671179705826e-05 1.227755291080006884e-05 1.229208510955988253e-05
2.982979999999999876e+01 1.143398994046883576e-05 1.148393647394439592e-05 1.149898919110030205e-05
3.063340000000000174e+01 1.095061108661653538e-05 1.058169368969291967e-05 1.080103744690059518e-05
3.143700000000000117e+01 1.007696453489244972e-05 9.967336100260993227e-06 9.951022346169341849e-06
3.224069999999999681e+01 9.218351929059786251e-06 9.414595736778364225e-06 9.425487499738372467e-06
3.304429999999999978e+01 8.705298632057336102e-06 8.827567644664554870e-06 8.706479996721669799e-06
3.384790000000000276e+01 8.499452270641864177e-06 8.106299624410509555e-06 7.990288311531761379e-06
3.465160000000000196e+01 7.414570371912928202e-06 7.865484248617099868e-06 7.810410786973774231e-06
3.545519999999999783e+01 7.305562010486403618e-06 7.203325173179747878e-06 7.127915862982327954e-06
3.625880000000000081e+01 6.938753403760613578e-06 6.704354100100473851e-06 6.698531192434308492e-06
3.711789999999999878e+01 6.416821789139335511e-06 6.326120123634901725e-06 6.316953817708956742e-06
3.818959999999999866e+01 5.799637194105200172e-06 5.921155589335817961e-06 5.989281033822196779e-06
3.926129999999999853e+01 5.551463664810893047e-06 5.474803342159086474e-06 5.462133052024143630e-06
4.033290000000000219e+01 5.292321481486220229e-06 5.043239964071309132e-06 5.019354834326625244e-06
4.140460000000000207e+01 4.624462417621889769e-06 4.858294074730136502e-06 4.836106363016075475e-06
4.247630000000000194e+01 4.563917934218514685e-06 4.377546691821672021e-06 4.453264167089523259e-06
4.354789999999999850e+01 4.094091689552517190e-06 4.152165873450486857e-06 4.242851015647170800e-06
4.461959999999999837e+01 3.848907900089580482e-06 3.947557933714372221e-06 3.902995902730033457e-06
4.569129999999999825e+01 3.655469141980735149e-06 3.645167284225166521e-06 3.657627566152270876e-06
4.676290000000000191e+01 3.408507609627259690e-06 3.425390309468074806e-06 3.425004421282395782e-06
4.783460000000000178e+01 3.186113124119383831e-06 3.218260813422166519e-06 3.219358518499200688e-06
4.890630000000000166e+01 3.057489101522001959e-06 2.989255025605300888e-06 2.974828078024490561e-06
5.023669999999999902e+01 2.831457715586435579e-06 2.781498443168209661e-06 2.791598090028227098e-06
5.166579999999999728e+01 2.583546738394557948e-06 2.615842731171196909e-06 2.612840337825565209e-06
5.309490000000000265e+01 2.450421764933033514e-06 2.417374636898148668e-06 2.403401716455004095e-06
5.452400000000000091e+01 2.261288981400376808e-06 2.260783397803441918e-06 2.257828633109526237e-06
5.595309999999999917e+01 2.103568804391823027e-06 2.109598302266026446e-06 2.107566616902905754e-06
5.738219999999999743e+01 1.930995270886049205e-06 1.975713718312074878e-06 1.972570045524442188e-06
5.881130000000000280e+01 1.825161185808512036e-06 1.864946623173019356e-06 1.829382111796625826e-06
6.024040000000000106e+01 1.740365640218550355e-06 1.691184514318335678e-06 1.721840201756828391e-06
6.166949999999999932e+01 1.565472778911562690e-06 1.631923341499105125e-06 1.615886355913213337e-06
6.309859999999999758e+01 1.511970879215930739e-06 1.497736576310148085e-06 1.497772465929623999e-06
6.452760000000000673e+01 1.428647867858061174e-06 1.406779909949151969e-06 1.382148160511611785e-06
6.607179999999999609e+01 1.330923903935932052e-06 1.313234761238566803e-06 1.304410850209257721e-06
6.797750000000000625e+01 1.228345737312006444e-06 1.224867920167500138e-06 1.212082846557078785e-06
6.988320000000000221e+01 1.141876993035394863e-06 1.139615374135069923e-06 1.137006149200655800e-06
7.178889999999999816e+01 1.034421508005074242e-06 1.070262739395911232e-06 1.069717787612634094e-06
7.369469999999999743e+01 9.970051421564757434e-07 9.757492584207365056e-07 9.839515486640266318e-07
7.560039999999999338e+01 9.340110846273252519e-07 9.304078063483265898e-07 9.171973220939941948e-07
7.750610000000000355e+01 8.598417359699379532e-07 8.492544284720218483e-07 8.618746360855147091e-07
7.941179999999999950e+01 7.971297460048444694e-07 7.998503512450912679e-07 8.013288521142678225e-07
8.131749999999999545e+01 7.422408902421266513e-07 7.593310027039688632e-07 7.418382299339193756e-07
8.322329999999999472e+01 6.972036433205139348e-07 7.069015379540544225e-07 6.991106794922223793e-07
8.512900000000000489e+01 6.888547112722924196e-07 6.451676871383134658e-07 6.593767987599775453e-07
8.703470000000000084e+01 6.184812354954353909e-07 6.022182854179630886e-07 6.279379257220472937e-07
8.942260000000000275e+01 5.572135366781889070e-07 5.773991679101710127e-07 5.793900571969567037e-07
9.196389999999999532e+01 5.227566334786766547e-07 5.398100861216270047e-07 5.250234295155145452e-07
9.450520000000000209e+01 4.949524812517587540e-07 5.129182676348440768e-07 4.946478912037233600e-07
9.704659999999999798e+01 4.612794123933443095e-07 4.623681627593211836e-07 4.573975861905923502e-07
9.958790000000000475e+01 4.268920776743172085e-07 4.264202601624892085e-07 4.246562602836640064e-07
1.021290000000000049e+02 3.972824794247764490e-07 4.018817720839265838e-07 4.020043611454035984e-07
1.046710000000000065e+02 3.716720045595091046e-07 3.736900751513955064e-07 3.707382124989949135e-07
1.072120000000000033e+02 3.491588043715440544e-07 3.533761941742894329e-07 3.422548127530249653e-07
1.097530000000000001e+02 3.257100828826451795e-07 3.297112117070509634e-07 3.190424398304374377e-07
1.122939999999999969e+02 3.035021255482207044e-07 3.001356643533412568e-07 3.175559888741820979e-07
1.148359999999999985e+02 2.873483604965229007e-07 2.837243202403949412e-07 2.793245141647074678e-07
1.176110000000000042e+02 2.673763350489894698e-07 2.689991735904595251e-07 2.626397102700942246e-07
1.210000000000000000e+02 2.470919524849117092e-07 2.315838557613712822e-07 2.545739548853448089e-07
1.243889999999999958e+02 2.263181283245404254e-07 2.275144739274084895e-07 2.258395601657050634e-07
1.277780000000000058e+02 2.109499141978427283e-07 2.099880444652426019e-07 2.134631311022612909e-07
1.311670000000000016e+02 1.978683377547461536e-07 2.039660249279293012e-07 1.877974393973246284e-07
1.345550000000000068e+02 1.819258965906748562e-07 1.899538107766890121e-07 1.765361318326362049e-07
1.379439999999999884e+02 1.670015668078689391e-07 1.782420627225938568e-07 1.656333064695372657e-07
1.413329999999999984e+02 1.566042823176277280e-07 1.597113095402181080e-07 1.523727920819964393e-07
1.447220000000000084e+02 1.484326567456651389e-07 1.491423068402186975e-07 1.454215080303359610e-07
1.481109999999999900e+02 1.379729254857381441e-07 1.325429974131582005e-07 1.437394335095943671e-07
1.515000000000000000e+02 1.294660005631380522e-07 1.303600657252201149e-07 1.273154477116418832e-07
1.548890000000000100e+02 1.214799545833653998e-07 1.176188769551577116e-07 1.226925152614769398e-07
1.591740000000000066e+02 1.115792878195437949e-07 1.121147846288714514e-07 1.115830619515848282e-07
1.636930000000000121e+02 1.021787457232055111e-07 1.041856026938141132e-07 1.041690456969325042e-07
1.682129999999999939e+02 9.402377932429741755e-08 9.751874095765820080e-08 9.604080787804441913e-08
1.727319999999999993e+02 8.685377338271009410e-08 8.807670764901178264e-08 9.201374464827816542e-08
1.772510000000000048e+02 8.247187967002060749e-08 8.260864834103734420e-08 8.283962318894208245e-08
1.817700000000000102e+02 7.633435525698842422e-08 7.809377985838041278e-08 7.605074184463120917e-08
1.862889999999999873e+02 7.153324722914646535e-08 7.067213916175712799e-08 7.224408680909642194e-08
1.908079999999999927e+02 6.655744872134775229e-08 6.678137834983935316e-08 6.628670623836169757e-08
1.953280000000000030e+02 6.205061697920632506e-08 6.240292963844297121e-08 6.160540370235072758e-08
1.998470000000000084e+02 5.796634873838270379e-08 5.669182412042952896e-08 5.880977242118780335e-08
2.043660000000000139e+02 5.355058421304211439e-08 5.468352086599721525e-08 5.353976540096068391e-08
2.093530000000000086e+02 5.061440391866715744e-08 4.929124595775131359e-08 5.062278277958154916e-08
2.153789999999999907e+02 4.620434872049878461e-08 4.840135198184038534e-08 4.448788263366084451e-08
2.214060000000000059e+02 4.261930515124446990e-08 4.219591586348593243e-08 4.387203957726958971e-08
2.274319999999999879e+02 3.929083775954077858e-08 3.986674073189383181e-08 4.003879494839741238e-08
2.334590000000000032e+02 3.627984858559840768e-08 3.684137480423057803e-08 3.739710250617103393e-08
2.394850000000000136e+02 3.319078548273604446e-08 3.374553763241625668e-08 3.559446230084771563e-08
2.455109999999999957e+02 3.108562040246248623e-08 3.106762462086506858e-08 3.311325245667246103e-08
2.515380000000000109e+02 2.837153801530107035e-08 2.940094165985442941e-08 3.077626875684451515e-08
2.575640000000000214e+02 2.662879046580287528e-08 2.866192264319087898e-08 2.707303391500626020e-08
2.635910000000000082e+02 2.460972340107148792e-08 2.673894886318460035e-08 2.528409809574392062e-08
2.696170000000000186e+02 2.383206728635796979e-08 2.386565234883707765e-08 2.367914758880497122e-08
2.756440000000000055e+02 2.238759764863002676e-08 2.210334158998616060e-08 2.200636635098381765e-08
2.833330000000000268e+02 2.000380434090608685e-08 2.088803349490042218e-08 2.051739323128491437e-08
2.913700000000000045e+02 1.855479712167894096e-08 1.908403646634624024e-08 1.911708205997483095e-08
2.994060000000000059e+02 1.740965557247254868e-08 1.752692736382016430e-08 1.751805344930729887e-08
3.074420000000000073e+02 1.557559032241334220e-08 1.588313489274552578e-08 1.710981394964114103e-08
3.154789999999999850e+02 1.482279580772959176e-08 1.528392333926427194e-08 1.494752934716664230e-08
3.235149999999999864e+02 1.380733441434179961e-08 1.389787431382400724e-08 1.401225712943420060e-08
3.315509999999999877e+02 1.243908510389252873e-08 1.297737195763475921e-08 1.328602904048517218e-08
3.395880000000000223e+02 1.196333279161896255e-08 1.205353881590465675e-08 1.192835369807638446e-08
3.476240000000000236e+02 1.101768575505135514e-08 1.121765628897002751e-08 1.100579517155758686e-08
3.556610000000000014e+02 9.984214550173391947e-09 1.053008284715884116e-08 1.052770872266777278e-08
3.636970000000000027e+02 9.522282083494054007e-09 9.628447134424418711e-09 9.706723244779529937e-09
3.726580000000000155e+02 8.894724414725111329e-09 8.940362870518800746e-09 8.930633757156090604e-09
3.833740000000000236e+02 7.930597240888578924e-09 8.379946725549631313e-09 8.370946889001792278e-09
3.940910000000000082e+02 7.497361035779856377e-09 7.626799677879420332e-09 7.661719964900727611e-09
4.048079999999999927e+02 7.008856192113584517e-09 7.032692097540696383e-09 7.016324558345724459e-09
4.155240000000000009e+02 6.184199303035522882e-09 6.644914250402019777e-09 6.640249746962460877e-09
4.262409999999999854e+02 5.774486157559169756e-09 6.051884082018153573e-09 6.205451198502680545e-09
4.369569999999999936e+02 5.585676524943108397e-09 5.542545518272652445e-09 5.574911687424242720e-09
4.476739999999999782e+02 5.000448930346535349e-09 5.250649995422889820e-09 5.231898528470578165e-09
4.583910000000000196e+02 4.380666700236551438e-09 5.078589680369344991e-09 4.987962439895333861e-09
4.691070000000000277e+02 4.186086380912927779e-09 4.528439867947363891e-09 4.611118069219711409e-09
4.798240000000000123e+02 4.149557517185906746e-09 4.070326668908637544e-09 4.148826111105457688e-09
4.905409999999999968e+02 3.821427787342305072e-09 3.913255465440682281e-09 3.751468944113014877e-09
5.043389999999999986e+02 3.214484879492846956e-09 3.694953197898194583e-09 3.677493678168960585e-09
5.186299999999999955e+02 2.890404420142727646e-09 3.398175686866751071e-09 3.463666845662522247e-09
5.329199999999999591e+02 2.960697916994760770e-09 2.982435245596776593e-09 3.058989150056464733e-09
5.472110000000000127e+02 2.837839523877069281e-09 2.717699067546310602e-09 2.757130523944621900e-09
5.615019999999999527e+02 2.450101044995572567e-09 2.740679610794876532e-09 2.491923345169552716e-09
5.757930000000000064e+02 2.092185372855146897e-09 2.365490762381571209e-09 2.648493122339282554e-09
5.900839999999999463e+02 1.954769781632181736e-09 2.263621907695492717e-09 2.355969535344326523e-09
6.043750000000000000e+02 1.994563596363820006e-09 1.922628019563322956e-09 2.173449137967258726e-09
6.186660000000000537e+02 1.967466926385110919e-09 1.824870578297642266e-09 1.850470896281248048e-09
6.329569999999999936e+02 1.710305928121568292e-09 1.756658370598669061e-09 1.761082417081363424e-09
6.472480000000000473e+02 1.469715673038294684e-09 1.712082613195150956e-09 1.667297487777755511e-09
6.633460000000000036e+02 1.312946012061827820e-09 1.576483526008015742e-09 1.592672144422157042e-09
6.824039999999999964e+02 1.299795663182298751e-09 1.394113570273337530e-09 1.431314563472364561e-09
7.014610000000000127e+02 1.287656278342981923e-09 1.245546256170674880e-09 1.265670062496580077e-09
7.205180000000000291e+02 1.176915691301138908e-09 1.164840287417622293e-09 1.195956518592905064e-09
7.395750000000000455e+02 1.006812657451137676e-09 1.118834374879557231e-09 1.108583295630025430e-09
7.586319999999999482e+02 8.668461345416541647e-10 1.058382038685925585e-09 1.063790804484180791e-09
7.776900000000000546e+02 7.987379480617438150e-10 9.765774383351086863e-10 9.873714613347425278e-10
7.967469999999999573e+02 7.811126798119040406e-10 8.762065406905881849e-10 8.976859732205483744e-10
8.158039999999999736e+02 7.890346937101048318e-10 7.739777453393997884e-10 8.063954865115731784e-10
8.348609999999999900e+02 7.566014553268501017e-10 7.035574695227999164e-10 7.279703333812303539e-10
8.539180000000000064e+02 6.949157706839433201e-10 6.652777154005567912e-10 6.655328298753402305e-10
8.729759999999999991e+02 6.050024593773347045e-10 6.407868018852329489e-10 6.303713074869526205e-10
8.977309999999999945e+02 4.985959013548290448e-10 6.153090604624710641e-10 6.106408748246362030e-10
9.231449999999999818e+02 4.218531913021384554e-10 5.917414366794649657e-10 5.743490972013328416e-10
9.485579999999999927e+02 4.026491955392892740e-10 5.296456700151791480e-10 5.295075481009880208e-10
9.739710000000000036e+02 4.103544006776800119e-10 4.617078958078166060e-10 4.760473555378476508e-10
9.993840000000000146e+02 4.205763812625569571e-10 4.010519920088211447e-10 4.220468949656622110e-10
1.024799999999999955e+03 4.085881554486667798e-10 3.644421902473728807e-10 3.744647486947118180e-10
1.050210000000000036e+03 3.708966261057337777e-10 3.424497555864072950e-10 3.471664898652054695e-10
1.075619999999999891e+03 3.157546173011004037e-10 3.358304306801357342e-10 3.283185145542647951e-10
1.101039999999999964e+03 2.573994863605404590e-10 3.334645918603359489e-10 3.138878615777760556e-10
1.126450000000000045e+03 2.126844516562487795e-10 3.195013181866793421e-10 3.050164908588871953e-10
1.151859999999999900e+03 1.854825689545980906e-10 2.927133675819793617e-10 2.964162799489648889e-10
1.180779999999999973e+03 1.756443683265597534e-10 2.647076243853716936e-10 2.738924065906745050e-10
1.214670000000000073e+03 1.841563754310332659e-10 2.319709973840910828e-10 2.402261774989535010e-10
1.248559999999999945e+03 1.938577258137950354e-10 1.977370165044546652e-10 2.122011435614140430e-10
1.282450000000000045e+03 1.934097491340037097e-10 1.749566528436176110e-10 1.872181448204137473e-10
1.316339999999999918e+03 1.808552095323102693e-10 1.635545389200510128e-10 1.678822297858922351e-10
1.350230000000000018e+03 1.582393459303572973e-10 1.540988115695799050e-10 1.599894762239703593e-10
1.384119999999999891e+03 1.348351005420531212e-10 1.543684721545392870e-10 1.465774243631384010e-10
1.418009999999999991e+03 1.056760236507637728e-10 1.508390744501291887e-10 1.455227324291440473e-10
1.451900000000000091e+03 9.104544994534457938e-11 1.475535332443561720e-10 1.329108442040536753e-10
1.485789999999999964e+03 7.225268441997358893e-11 1.271869419917020161e-10 1.436892648653360618e-10
1.519670000000000073e+03 6.373872979324949661e-11 1.202134337975180212e-10 1.330655469728156467e-10
1.553559999999999945e+03 6.262907043619056146e-11 1.116957862878988647e-10 1.184034190866735507e-10
1.597980000000000018e+03 6.505399329731018863e-11 9.564297201285575864e-11 1.083169527143657192e-10
1.643170000000000073e+03 7.043977513507026782e-11 8.639737318754982275e-11 9.030918520632660456e-11
1.688359999999999900e+03 7.175623663372452683e-11 7.574702111589480489e-11 7.978218313840896025e-11
1.733549999999999955e+03 7.159649339613085172e-11 6.458413270071941058e-11 7.302968612176777659e-11
1.778740000000000009e+03 6.870599481393420890e-11 6.000067964589870540e-11 6.401443201256827900e-11
1.823930000000000064e+03 6.317965980847375380e-11 5.735276500330887848e-11 5.699050459852518441e-11
1.869130000000000109e+03 5.623546426724788708e-11 5.711018144598380239e-11 5.047481955336267633e-11
1.914319999999999936e+03 4.817431780238048181e-11 5.728270176885614314e-11 4.567853638290381101e-11
1.959509999999999991e+03 4.016755824636686720e-11 4.880535440420894452e-11 5.051541608365525745e-11
2.004700000000000045e+03 3.484525987093391537e-11 4.216323519835901547e-11 5.168361126556250339e-11
2.049889999999999873e+03 2.821903437843452142e-11 5.421357699527855928e-11 3.643588200746641007e-11
2.101840000000000146e+03 2.176535078505900253e-11 4.615454160433639244e-11 4.149860218930810226e-11
2.162110000000000127e+03 1.766022011345605207e-11 4.093355042760115793e-11 4.184716365026623469e-11
2.222369999999999891e+03 1.592692914339140507e-11 3.221351499070273325e-11 4.415708428588410424e-11
2.282630000000000109e+03 1.628283228044106654e-11 3.135178128879508035e-11 3.717881767429863927e-11
2.342900000000000091e+03 1.448425757782440591e-11 3.592866383453202133e-11 2.770916109798112765e-11
2.403159999999999854e+03 1.410863537725329664e-11 2.453791841273608737e-11 3.330114011750624335e-11
2.463429999999999836e+03 1.497547955678669306e-11 2.727936687928513699e-11 2.404940337053063897e-11
2.523690000000000055e+03 1.484777668173076467e-11 2.004801783801919598e-11 2.619432155380542572e-11
2.583960000000000036e+03 1.476151466384298997e-11 2.047372981062354455e-11 2.115091997094469989e-11
2.644219999999999800e+03 1.526384236061843741e-11 1.780877572885444954e-11 1.894213924524428044e-11
2.704480000000000018e+03 1.496156251604741995e-11 1.525376216714307692e-11 1.774841057824703068e-11
2.764750000000000000e+03 1.457510557872511656e-11 1.393293476264228921e-11 1.578960346915290186e-11
2.844420000000000073e+03 1.418853297881039338e-11 1.240176201368344121e-11 1.403627744408818114e-11
2.924780000000000200e+03 1.360682541671571253e-11 1.157469342300955080e-11 1.211295998182945446e-11
3.005150000000000091e+03 1.277264579629640595e-11 1.024335355065616142e-11 1.125488119804090197e-11
3.085510000000000218e+03 1.169381172937937812e-11 9.520123560028944602e-12 1.030715671643597334e-11
3.165869999999999891e+03 1.072505554955868804e-11 9.141256162862265903e-12 9.120924666568869263e-12
3.246239999999999782e+03 9.732440151856944304e-12 8.614537646100680712e-12 8.375472658939644580e-12
3.326599999999999909e+03 8.659971114420852061e-12 8.076476529152631203e-12 7.883521937771196317e-12
3.406960000000000036e+03 7.613126035651928695e-12 7.621977058349072504e-12 7.459575154538313137e-12
3.487329999999999927e+03 6.641982290301953202e-12 7.203908192840644279e-12 7.065692506474283873e-12
3.567690000000000055e+03 5.787933921171531658e-12 6.802481229345925564e-12 6.711807564658994370e-12
3.648050000000000182e+03 5.052140714689489653e-12 6.432520742995122934e-12 6.317903775639688219e-12
3.741360000000000127e+03 4.274261599703432041e-12 6.078965323636200125e-12 6.018530820448205101e-12
3.848519999999999982e+03 3.466751962485163526e-12 5.744392566836806762e-12 5.808538169112385241e-12
3.955690000000000055e+03 2.830524025132478388e-12 5.424319280142599276e-12 5.522148784180227700e-12
4.062860000000000127e+03 2.348934926735420264e-12 5.089358272335295665e-12 5.238734337798109263e-12
4.170020000000000437e+03 1.999228586836376327e-12 4.760891486075680180e-12 4.899184908322417758e-12
4.277189999999999600e+03 1.773304086084674649e-12 4.523455428423242110e-12 4.435324636092081222e-12
4.384359999999999673e+03 1.600033903278410631e-12 4.370272504369165518e-12 3.914721606387812836e-12
4.491520000000000437e+03 1.352569181951394324e-12 4.100577287193029489e-12 3.647157416619438717e-12
4.598689999999999600e+03 1.056391825011697203e-12 3.626260344494067880e-12 3.712786259371163321e-12
4.705859999999999673e+03 9.515106001961678156e-13 3.298455974519869074e-12 3.490176204667632174e-12
4.813020000000000437e+03 9.924705637110003255e-13 3.191530140842036979e-12 2.948038080792709607e-12
4.920189999999999600e+03 8.443596574870432063e-13 2.820302032157006137e-12 2.919075208421052221e-12
5.063100000000000364e+03 7.620873346668382595e-13 2.491750687176720765e-12 2.780428399940653409e-12
5.206010000000000218e+03 7.510576847717455978e-13 2.302980886232650709e-12 2.483121559643026528e-12
5.348920000000000073e+03 7.927266805840906257e-13 2.162071138906323107e-12 2.131649864338621796e-12
5.491819999999999709e+03 7.848660151102396978e-13 1.874902387649023961e-12 2.016966851329504858e-12
5.634729999999999563e+03 7.390658206742057867e-13 1.653535500738860571e-12 1.905314660042096981e-12
5.777640000000000327e+03 7.542145773903529398e-13 1.571168441246710915e-12 1.635905804622220682e-12
5.920550000000000182e+03 7.514418944978821027e-13 1.347325802500689447e-12 1.549848674609541617e-12
6.063460000000000036e+03 7.277808817400316688e-13 1.247397181819631087e-12 1.387262141996214244e-12
6.206369999999999891e+03 7.258249593203722192e-13 1.106118075648995120e-12 1.264715632730778696e-12
6.349279999999999745e+03 7.052058041576070420e-13 1.010461362669050895e-12 1.142263675234336595e-12
6.492189999999999600e+03 6.891900054667554999e-13 8.915879746998196523e-13 1.054724726367929616e-12
6.659750000000000000e+03 6.738965277652061213e-13 8.309399260140560293e-13 9.178084214666535884e-13
6.850319999999999709e+03 6.536823098912727006e-13 6.905535475807256677e-13 8.740348787741531608e-13
7.040890000000000327e+03 6.352514166290058707e-13 6.774613970901129245e-13 7.269975066085868410e-13
7.231470000000000255e+03 6.131556851068988544e-13 5.534376076062411157e-13 7.072030095218976399e-13
7.422039999999999964e+03 5.855034247042334913e-13 5.476015781149094581e-13 5.899190658319762407e-13
7.612609999999999673e+03 5.610929644797433808e-13 4.404621631932771760e-13 5.841487362814212588e-13
7.803180000000000291e+03 5.302272646330474633e-13 4.733482735180924135e-13 4.547913228728365755e-13
7.993750000000000000e+03 5.058444401045899321e-13 3.204110057179098309e-13 5.191378781611815123e-13
8.184329999999999927e+03 4.726038767964151984e-13 4.376866138675100332e-13 3.295022485655611752e-13
8.374899999999999636e+03 4.517113876310935808e-13 2.440481418683511045e-13 4.472265609547703110e-13
8.565469999999999345e+03 4.153990092766576569e-13 3.307956677404025737e-13 3.066265653293380767e-13
8.758229999999999563e+03 3.947593166218995908e-13 3.023703967680728501e-13 2.746512783384659394e-13
9.012370000000000800e+03 3.645089317032995375e-13 1.992856613436176820e-13 3.266728527572321287e-13
9.266500000000000000e+03 3.389503689143498880e-13 2.975685308036121375e-13 1.804351368481835521e-13
9.520629999999999200e+03 3.183144222031215178e-13 1.147809279343970914e-13 3.172449608737722622e-13
9.774760000000000218e+03 2.827858924065063678e-13 2.778226580824467286e-13 1.280146577982229703e-13
1.002889999999999964e+04 2.768286876030413320e-13 1.374558615313153727e-13 2.202818284244804697e-13
1.028300000000000000e+04 2.429282119536718269e-13 1.244808860891232283e-13 2.165965018362234310e-13
1.053720000000000073e+04 2.233666449002096542e-13 2.399715491109356576e-13 7.455097186134685087e-14
1.079129999999999927e+04 2.183455468725576137e-13 8.704116607702385402e-14 1.895952386481481949e-13
1.104539999999999964e+04 1.878348946217232244e-13 8.878614942574040375e-14 1.803807280919852256e-13
1.129960000000000036e+04 1.696399661258630383e-13 2.017044122290013752e-13 4.995647465792741288e-14
1.155370000000000073e+04 1.698126071632273896e-13 1.111660842370413986e-13 1.076237525969201477e-13
1.185460000000000036e+04 1.477811401013224802e-13 3.793719636028457714e-14 1.714338806511474660e-13
1.219350000000000000e+04 1.253541748468157107e-13 1.618883776493773099e-13 3.948443073277588320e-14
1.253239999999999964e+04 1.290946205609831069e-13 9.152722525654189897e-14 7.983115044949722921e-14
1.287129999999999927e+04 1.108900505108220941e-13 2.216616580514597102e-14 1.429189873754837785e-13
1.321010000000000036e+04 9.074848575266648350e-14 1.167876094875422627e-13 4.622064297952583647e-14
1.354900000000000000e+04 9.316903878173068039e-14 1.151640821706445691e-13 2.519507880771733650e-14
1.388789999999999964e+04 8.918561280691423723e-14 2.310799018150700298e-14 1.023668105026183998e-13
1.422679999999999927e+04 7.050314128357489537e-14 3.132448414260514351e-14 9.624278805289330521e-14
1.456570000000000073e+04 6.024770273506849826e-14 9.925913581900893104e-14 2.302367040836415135e-14
1.490460000000000036e+04 6.322340290641568315e-14 9.162624268323893466e-14 1.317794469196032059e-14
1.524350000000000000e+04 6.246219116021127233e-14 2.794217308887895652e-14 6.481635411990957942e-14
1.559020000000000073e+04 5.077430751903819095e-14 7.519865338287646166e-15 8.476944181387066833e-14
1.604210000000000036e+04 3.843175239595066350e-14 6.218687892496294313e-14 3.041258439708706016e-14
1.649400000000000000e+04 4.055832254583450544e-14 7.657469752079847445e-14 3.031221460128148593e-15
1.694590000000000146e+04 4.210463772063104118e-14 2.616605958730058257e-14 4.204998487638998090e-14
1.739779999999999927e+04 3.341598123403081780e-14 3.412151932008349625e-15 6.430277661598764816e-14
1.784979999999999927e+04 2.432506752817022640e-14 3.344147472438567555e-14 3.540869712318865644e-14
1.830170000000000073e+04 2.317372342406394552e-14 5.955379443162508750e-14 2.989576916369306455e-15
1.875359999999999854e+04 2.619651943819830484e-14 4.597482893086392758e-14 6.745078817443116186e-15
1.920550000000000000e+04 2.577740725454858442e-14 1.463356326062093026e-14 3.214462745027608942e-14
1.965740000000000146e+04 2.058870153671341691e-14 1.247921343669887553e-15 4.514073522710585789e-14
2.010929999999999927e+04 1.467726923582581164e-14 1.338049098544399738e-14 3.366892360139815318e-14
2.056129999999999927e+04 1.201771053765872798e-14 3.272250120365259255e-14 1.218257048475194918e-14
2.110150000000000000e+04 1.326204185783621617e-14 3.951620012787345132e-14 -6.792351363528385277e-16
2.170420000000000073e+04 1.533816769281854414e-14 2.284790816775112921e-14 9.659688804430118998e-15
2.230679999999999927e+04 1.378529944290239863e-14 3.955672600002646794e-15 2.611007535167369394e-14
2.290950000000000000e+04 9.703628336186538083e-15 1.996636297616164022e-15 2.853555900878536282e-14
2.351209999999999854e+04 6.516674589596150752e-15 1.355841460456041369e-14 1.688118303639526672e-14
2.411470000000000073e+04 5.924936815530288249e-15 2.416045979074775393e-14 3.800683982904357217e-15
2.471740000000000146e+04 7.105874596174796504e-15 2.479345514248513318e-14 -6.584987429138304956e-16
2.532000000000000000e+04 8.151011908681483234e-15 1.653979954268051737e-14 4.043517084163889100e-15
2.592270000000000073e+04 7.909161568228529840e-15 6.497169079648687887e-15 1.203987286298775311e-14
2.652529999999999927e+04 6.413858454205665917e-15 7.437493761356495039e-16 1.714281637682670704e-14
2.712800000000000000e+04 4.508527131937368665e-15 1.070188753064482801e-15 1.684483436398933392e-14
2.775140000000000146e+04 2.963980455933870512e-15 5.677441118164690658e-15 1.199223298925140401e-14
2.855500000000000000e+04 2.323370222598319367e-15 1.229613876604808581e-14 4.253098939102577457e-15
2.935870000000000073e+04 2.842434018656795875e-15 1.458256072296197303e-14 -1.421468262156349332e-16
3.016229999999999927e+04 3.602855686985270549e-15 1.172171459826191231e-14 4.666640465732253382e-16
3.096590000000000146e+04 3.895987015606484322e-15 6.509465880176762034e-15 4.123401211494676537e-15
3.176959999999999854e+04 3.485964977322835093e-15 2.035147678992045965e-15 7.809728231059604594e-15
3.257320000000000073e+04 2.627086003097220744e-15 1.182725813750482838e-16 9.498480066449268891e-15
3.337680000000000291e+04 1.706660789422120401e-15 7.721561619396883781e-16 8.743355532168992938e-15
3.418050000000000000e+04 1.044769433732127881e-15 2.917815258900303262e-15 6.384608504492810260e-15
3.498409999999999854e+04 7.480272462316356647e-16 5.221728600711065026e-15 3.540445761738268954e-15
3.578780000000000291e+04 7.764038936895129494e-16 6.731083829725096778e-15 1.239517126852094732e-15
3.659140000000000146e+04 9.898583895893187856e-16 7.037634493940089557e-15 -5.887429491886524961e-18
3.756140000000000146e+04 1.312492373738733805e-15 6.140566882643652830e-15 -8.174322062058603722e-17
3.863309999999999854e+04 1.527814588432476813e-15 4.146737835424163808e-15 1.060320191004626202e-15
3.970469999999999709e+04 1.499793288808134769e-15 2.071611557748587690e-15 2.589164714299067887e-15
4.077640000000000146e+04 1.265405929129072050e-15 6.197970356441760005e-16 3.756488330184236821e-15
4.184800000000000000e+04 9.278589006405389375e-16 3.935679095750904865e-17 4.203945861570189729e-15
4.291969999999999709e+04 5.915482692506488322e-16 2.145710555338102295e-16 3.920315506969728676e-15
4.399140000000000146e+04 3.358002604242748909e-16 8.476696189834850748e-16 3.165250000984107834e-15
4.506300000000000000e+04 1.856225928513067287e-16 1.612476173206174894e-15 2.192149630515695730e-15
4.613469999999999709e+04 1.377178587004194890e-16 2.260737778227114135e-15 1.264923176788054879e-15
4.720640000000000146e+04 1.652666839279642365e-16 2.644627360116965811e-15 5.442636871683522450e-16
4.827800000000000000e+04 2.358464547966829087e-16 2.747473830489387764e-15 1.034359907762435856e-16
4.939900000000000000e+04 3.220539982074880265e-16 2.580788001316427649e-15 -7.131599296156397008e-17
5.082809999999999854e+04 4.191022268751937045e-16 2.131522696229241205e-15 3.327275096609099416e-17
5.225719999999999709e+04 4.679176999635687652e-16 1.529388996667391799e-15 3.525860468928746494e-16
5.368630000000000291e+04 4.681999930165958158e-16 9.533698677179590856e-16 7.357772636215564805e-16
5.511540000000000146e+04 4.225745131298933115e-16 4.858262748748020827e-16 1.063258072874867291e-15
5.654450000000000000e+04 3.497284725186960469e-16 1.786947194295769117e-16 1.275352028240871870e-15
5.797350000000000000e+04 2.661901986013594324e-16 3.036908710689695877e-17 1.354874401593981477e-15
5.940259999999999854e+04 1.847323374845392081e-16 1.203561081967917613e-17 1.310457253288404451e-15
6.083169999999999709e+04 1.162743753642244905e-16 8.347804644478349785e-17 1.185574533103341752e-15
6.226080000000000291e+04 6.346074642424210628e-17 2.037946427237459562e-16 1.001240233797392626e-15
6.368990000000000146e+04 2.785201320827157795e-17 3.377275176681075612e-16 7.926567219108882848e-16
6.511900000000000000e+04 8.139151718529998731e-18 4.637188804351887992e-16 5.930218297759847885e-16
6.686039999999999418e+04 1.173060932789301355e-18 5.882265346713725060e-16 3.813496815690968812e-16
6.876610000000000582e+04 8.324868157353175454e-18 6.745842156030438697e-16 2.011294895759961327e-16
7.067180000000000291e+04 2.407116548273815119e-17 7.035333720806403591e-16 7.830989953781115612e-17
7.257750000000000000e+04 4.269816043632374382e-17 6.830660579050676444e-16 9.585362916760351972e-18
7.448319999999999709e+04 5.986420965171081725e-17 6.230647483296249419e-16 -1.466541246769686993e-17
7.638900000000000000e+04 7.390684265868573468e-17 5.456680997466756582e-16 -6.742913838164298460e-18
7.829469999999999709e+04 8.287155784919696539e-17 4.547142805245448406e-16 2.161557583921348605e-17
8.020039999999999418e+04 8.699002293871664075e-17 3.634107199348624151e-16 6.011676521988752690e-17
8.210610000000000582e+04 8.641789793929502183e-17 2.774156837377705533e-16 1.005216456773983023e-16
8.401180000000000291e+04 8.293707157002869860e-17 2.040140647329749900e-16 1.384625682283765404e-16
8.591760000000000582e+04 7.648098528243876152e-17 1.420611027442351659e-16 1.693439134219014017e-16
8.793289999999999418e+04 6.822056939808921739e-17 9.121087474145640695e-17 1.940226533578769761e-16
9.047419999999999709e+04 5.769694021171867025e-17 4.681687816881428086e-17 2.161762121576131773e-16
9.301550000000000000e+04 4.633495553540210963e-17 1.907828522839327188e-17 2.238519845656155336e-16
9.555680000000000291e+04 3.592636272758391285e-17 5.073806603220083463e-18 2.227275754670226313e-16
9.809810000000000582e+04 2.634325677471969890e-17 9.957687957303513898e-19 2.116057133607977562e-16
1.006390000000000000e+05 1.825451509817830777e-17 3.721149396316736267e-18 1.950674310110552659e-16
