1.017789999999999928e+01 1.555155996619469474e-04 1.551096422911543531e-04 1.536441583980044650e-04
1.043200000000000038e+01 1.449870986189885852e-04 1.477179414183630874e-04 1.466154375678282485e-04
1.068609999999999971e+01 1.378573609571279212e-04 1.388431843329491989e-04 1.391060939400750717e-04
1.094030000000000058e+01 1.318026531050391081e-04 1.311680916722701457e-04 1.308281326765709711e-04
1.119439999999999991e+01 1.225211522534485112e-04 1.259597269357269232e-04 1.253901105473542200e-04
1.144849999999999923e+01 1.176066646158507693e-04 1.185581036331569864e-04 1.184353079117509740e-04
1.171439999999999948e+01 1.126899200217686532e-04 1.113533577314223139e-04 1.116930598547244782e-04
1.205320000000000036e+01 1.079068505513960854e-04 1.033647481461351126e-04 1.029083829734422093e-04
1.239209999999999923e+01 1.012988998821496905e-04 9.651842354687601116e-05 9.621679406911294217e-05
1.273099999999999987e+01 9.735328641570879175e-05 8.934663777465523950e-05 8.908040816711101191e-05
1.306990000000000052e+01 8.875549601651807415e-05 8.506930710195594774e-05 8.481573465529115754e-05
1.340879999999999939e+01 7.982481858874625321e-05 8.156134657496452842e-05 8.194833190430333937e-05
1.374770000000000003e+01 7.906342395251420637e-05 7.505574509788687817e-05 7.478427557527236673e-05
1.408660000000000068e+01 7.294831104998654241e-05 7.135804483834934560e-05 7.149170360737941519e-05
1.442549999999999955e+01 6.771905274629301714e-05 6.788023929251975298e-05 6.793675129295073830e-05
1.476440000000000019e+01 6.636815920081576422e-05 6.327266890525224644e-05 6.254774337456055287e-05
1.510330000000000084e+01 5.977207301215809680e-05 6.082531236775084798e-05 6.099767147572690801e-05
1.544209999999999994e+01 5.585884072703590109e-05 5.782480006473346543e-05 5.807523971794601640e-05
1.585510000000000019e+01 5.339037300733724580e-05 5.376696433249272431e-05 5.368892572114414112e-05
1.630699999999999861e+01 4.764720090126828403e-05 5.091798643635499715e-05 5.162627981557026748e-05
1.675890000000000057e+01 4.594293190550122094e-05 4.710166727710085176e-05 4.726413347940795344e-05
1.721079999999999899e+01 4.341518972688547810e-05 4.385965996985463286e-05 4.400412323980270213e-05
1.766280000000000072e+01 3.874252752566164482e-05 4.185427332777134842e-05 4.239225484269338554e-05
1.811469999999999914e+01 3.770095824100082500e-05 3.888612741157209692e-05 3.876010501608884412e-05
1.856660000000000110e+01 3.568095620327716599e-05 3.627365140220331266e-05 3.632803254513813576e-05
1.901849999999999952e+01 3.361112935455042776e-05 3.392516261988036207e-05 3.418202532721641769e-05
1.947040000000000148e+01 3.110711062272425686e-05 3.216701306937573996e-05 3.243193980197298012e-05
1.992229999999999990e+01 2.899015086224492605e-05 3.042953545572732704e-05 3.069437976966634491e-05
2.037430000000000163e+01 2.750545226106814280e-05 2.858258060918292948e-05 2.882921223050665503e-05
2.085219999999999985e+01 2.631004507877048311e-05 2.675354788919523106e-05 2.680708807558988434e-05
2.145479999999999876e+01 2.383238653671646806e-05 2.523043590695547381e-05 2.522153056725253130e-05
2.205750000000000099e+01 2.248086163156738632e-05 2.333415557315961724e-05 2.348343615431791178e-05
2.266009999999999991e+01 2.086490376968899897e-05 2.184326357063595607e-05 2.193849849375265699e-05
2.326269999999999882e+01 2.008202177882290117e-05 2.013650171296669890e-05 2.021093391944894845e-05
2.386540000000000106e+01 1.814528213034426375e-05 1.918713323272438080e-05 1.919641955209333404e-05
2.446799999999999997e+01 1.721633778709701554e-05 1.775061907709093279e-05 1.797833499405979119e-05
2.507069999999999865e+01 1.624934662193696332e-05 1.663058238614838907e-05 1.674273033043647388e-05
2.567330000000000112e+01 1.544950172725773950e-05 1.552029901733824102e-05 1.557502083667855274e-05
2.627590000000000003e+01 1.446914451578271763e-05 1.458379551985455076e-05 1.466630262971198857e-05
2.687859999999999872e+01 1.311123487146482024e-05 1.410649828412988454e-05 1.399426435144770939e-05
2.748120000000000118e+01 1.242997588433972011e-05 1.298201250670229007e-05 1.323015704882613667e-05
2.822250000000000014e+01 1.180766204678361835e-05 1.210797750870026172e-05 1.210195632313846827e-05
2.902609999999999957e+01 1.115459098791789522e-05 1.122287382785226399e-05 1.119200649196148964e-05
2.982979999999999876e+01 9.862132529441520725e-06 1.063578302028610456e-05 1.076782207142389062e-05
3.063340000000000174e+01 9.231436959366688355e-06 9.752538973307557700e-06 1.025435029067570138e-05
3.143700000000000117e+01 8.879161806879478744e-06 9.158644826701730000e-06 9.203166136901958178e-06
3.224069999999999681e+01 8.572256642257193210e-06 8.464188805420569796e-06 8.436695424089170936e-06
3.304429999999999978e+01 7.675592272900798113e-06 8.179906906580168953e-06 7.880127652600382975e-06
3.384790000000000276e+01 7.458692664821684550e-06 7.464856199797497956e-06 7.407368695044325293e-06
3.465160000000000196e+01 6.876686979344656903e-06 7.023201899291205007e-06 7.026956281144776494e-06
3.545519999999999783e+01 6.330221549280283310e-06 6.641063067372993287e-06 6.660441758542376234e-06
3.625880000000000081e+01 6.102913566656735056e-06 6.170616809245232278e-06 6.166187612345794313e-06
3.711789999999999878e+01 5.564321704913687862e-06 5.836989069168371756e-06 5.881376570128195530e-06
3.818959999999999866e+01 5.298781535699980008e-06 5.387237803899383688e-06 5.380561409016747405e-06
3.926129999999999853e+01 4.710678457732717964e-06 5.124737724130435747e-06 5.115509991263217936e-06
4.033290000000000219e+01 4.683565390913931143e-06 4.611310944549334854e-06 4.632844364355977799e-06
4.140460000000000207e+01 4.366979147625220987e-06 4.302941030911813914e-06 4.328770028356815248e-06
4.247630000000000194e+01 3.897276443899639764e-06 4.145884667302551645e-06 4.093232311843552533e-06
4.354789999999999850e+01 3.758427702449805194e-06 3.762788978836562176e-06 3.828641943152860930e-06
4.461959999999999837e+01 3.468196954839800830e-06 3.572743658931516738e-06 3.571097964545729585e-06
4.569129999999999825e+01 3.221129995595543386e-06 3.349153743788992207e-06 3.374051465413874732e-06
4.676290000000000191e+01 3.108185381162091151e-06 3.111757662566714966e-06 3.105220284707522630e-06
4.783460000000000178e+01 2.831984814782768899e-06 2.956265861941997737e-06 2.965006856344382714e-06
4.890630000000000166e+01 2.687269104321452213e-06 2.764157812975505400e-06 2.755435018741649438e-06
5.023669999999999902e+01 2.530860826413702509e-06 2.555941355052410740e-06 2.548011595271151154e-06
5.166579999999999728e+01 2.305017427924849613e-06 2.390909032539399470e-06 2.400280928595445503e-06
5.309490000000000265e+01 2.190672399900587858e-06 2.189683395683655946e-06 2.215911609957020077e-06
5.452400000000000091e+01 1.953405303203930039e-06 2.100520327449471879e-06 2.066690652962030397e-06
5.595309999999999917e+01 1.951478306996666980e-06 1.913643716329877360e-06 1.897986312173180101e-06
5.738219999999999743e+01 1.718114791102170688e-06 1.831665476423626684e-06 1.826051742730253616e-06
5.881130000000000280e+01 1.646181161370397519e-06 1.700159649447336624e-06 1.687010817885062889e-06
6.024040000000000106e+01 1.547349913146280576e-06 1.569724081198747371e-06 1.565572556239357816e-06
6.166949999999999932e+01 1.437925255646281326e-06 1.485039263020468328e-06 1.483014618903922551e-06
6.309859999999999758e+01 1.351572181567380674e-06 1.398480413320772465e-06 1.393787309518326481e-06
6.452760000000000673e+01 1.255448268863107144e-06 1.306473487522140935e-06 1.307754771587477425e-06
6.607179999999999609e+01 1.168419663359373393e-06 1.224616559499806536e-06 1.226658906456725726e-06
6.797750000000000625e+01 1.091030449204121213e-06 1.131664570351987841e-06 1.149533981076960023e-06
6.988320000000000221e+01 1.031910248490612210e-06 1.007720708010410724e-06 1.060039060885392356e-06
7.178889999999999816e+01 9.174748669602718210e-07 9.964502267151145322e-07 9.997644299245542224e-07
7.369469999999999743e+01 8.940506582333079130e-07 8.998787368138485283e-07 9.486454367249710283e-07
7.560039999999999338e+01 8.409555541943581683e-07 8.575136645741477940e-07 8.432408086942307894e-07
7.750610000000000355e+01 7.786109294214543622e-07 7.909064458803874118e-07 7.980487238365306412e-07
7.941179999999999950e+01 6.983827592478307100e-07 7.562605036610156663e-07 7.552097019998581502e-07
8.131749999999999545e+01 6.587364406381317373e-07 7.004421099608586820e-07 7.087174468453116266e-07
8.322329999999999472e+01 6.273456885313094014e-07 6.494691853901667879e-07 6.586797517625829842e-07
8.512900000000000489e+01 6.162193282712827815e-07 6.037807558346691348e-07 6.173623958411934721e-07
8.703470000000000084e+01 5.474167349125255071e-07 5.864455625938892185e-07 5.771132946620542877e-07
8.942260000000000275e+01 5.089423994125498027e-07 5.332729794784412299e-07 5.395547788753163883e-07
9.196389999999999532e+01 4.819243503205875912e-07 5.020722556444447646e-07 4.915289714327382613e-07
9.450520000000000209e+01 4.311150308058267886e-07 4.280623461493716361e-07 4.673744123007864808e-07
9.704659999999999798e+01 4.008948912541893390e-07 4.309734699766142556e-07 4.430626103559656918e-07
9.958790000000000475e+01 3.857953242797511650e-07 4.031413512146338865e-07 4.025847644636487547e-07
1.021290000000000049e+02 3.651291662819434199e-07 3.739881798444557314e-07 3.776460998414354697e-07
1.046710000000000065e+02 3.394294565645607485e-07 3.496037393212660091e-07 3.508492877262630982e-07
1.072120000000000033e+02 3.164692120280565646e-07 3.230844676733222754e-07 3.311836467826668300e-07
1.097530000000000001e+02 2.981257182724668500e-07 3.012379788179873274e-07 3.102792561646985131e-07
1.122939999999999969e+02 2.767576646261877355e-07 2.804229353276386156e-07 3.110536758223234737e-07
1.148359999999999985e+02 2.590809698390284155e-07 2.599233674365469096e-07 2.751933016067830909e-07
1.176110000000000042e+02 2.413515797223315236e-07 2.464106830596429616e-07 2.587930900672250235e-07
1.210000000000000000e+02 2.286694130844030053e-07 2.127885397981289002e-07 2.466850616174240979e-07
1.243889999999999958e+02 2.134360265665541015e-07 2.131216537056349376e-07 2.139635613278110597e-07
1.277780000000000058e+02 1.948047537088285175e-07 2.055033325704437588e-07 1.950641015514952388e-07
1.311670000000000016e+02 1.825087010380709916e-07 1.966490734807712187e-07 1.748516162011578243e-07
1.345550000000000068e+02 1.641042259125104938e-07 1.801573332158196606e-07 1.715335896716699665e-07
1.379439999999999884e+02 1.503664036842201824e-07 1.630571980322483765e-07 1.678986920119607219e-07
1.413329999999999984e+02 1.399034434106605759e-07 1.510249371128891106e-07 1.579751827564503524e-07
1.447220000000000084e+02 1.337976058123320336e-07 1.426598579879242708e-07 1.392960476761997861e-07
1.481109999999999900e+02 1.262892307186757324e-07 1.329671380067999273e-07 1.322804966184828281e-07
1.515000000000000000e+02 1.132408521129864863e-07 1.249864574821119581e-07 1.280328082449016144e-07
1.548890000000000100e+02 1.096584808023407716e-07 1.176546491158351446e-07 1.153425158418241481e-07
1.591740000000000066e+02 1.043738554058167761e-07 1.067515992659488139e-07 1.068131307682344781e-07
1.636930000000000121e+02 9.394221677127291533e-08 1.015559208670865058e-07 9.920518556164060441e-08
1.682129999999999939e+02 8.499171723830333958e-08 9.218555259858586732e-08 9.613972800311083961e-08
1.727319999999999993e+02 7.846361391034858669e-08 8.627605368925764694e-08 8.933782640039381729e-08
1.772510000000000048e+02 7.564894530015197829e-08 7.984883811321541353e-08 8.075298570663263752e-08
1.817700000000000102e+02 6.841399669109283675e-08 7.777867073112139050e-08 7.370289145778582189e-08
1.862889999999999873e+02 6.516778865622377103e-08 6.794991566721321833e-08 7.173329183656304559e-08
1.908079999999999927e+02 6.082949704544866242e-08 6.492297252346586782e-08 6.512516323108549531e-08
1.953280000000000030e+02 5.649401054854108374e-08 6.147483297046143585e-08 6.018237432099749119e-08
1.998470000000000084e+02 5.319372218918796905e-08 5.459660760833716971e-08 5.850543521921131592e-08
2.043660000000000139e+02 4.899743839916118532e-08 5.369982210861308990e-08 5.254648256114191138e-08
2.093530000000000086e+02 4.647798760818328824e-08 4.834181910174292640e-08 4.982983729807381360e-08
2.153789999999999907e+02 4.266705218578865419e-08 4.663039790691509172e-08 4.451527870729627538e-08
2.214060000000000059e+02 3.888749980543524490e-08 4.220296279312727277e-08 4.285197228143750617e-08
2.274319999999999879e+02 3.576842072840161013e-08 4.036716873606805844e-08 3.882008950523506722e-08
2.334590000000000032e+02 3.328901992296469032e-08 3.579662671975162180e-08 3.760829321334824249e-08
2.394850000000000136e+02 3.021099492099617828e-08 3.277124348603411345e-08 3.608643639296971569e-08
2.455109999999999957e+02 2.867766451013270545e-08 3.037137325938434930e-08 3.313369107048295641e-08
2.515380000000000109e+02 2.682396408744710670e-08 2.891824234019114830e-08 2.992715155389577426e-08
2.575640000000000214e+02 2.453270693248426898e-08 2.784550827381070123e-08 2.750139607370503816e-08
2.635910000000000082e+02 2.424454355520896705e-08 2.509622880101639520e-08 2.497365946271921610e-08
2.696170000000000186e+02 2.087815793563741484e-08 2.385090258120811251e-08 2.465276948315448017e-08
2.756440000000000055e+02 1.992607153882017561e-08 2.197582254706235728e-08 2.280983719411748339e-08
2.833330000000000268e+02 1.911624657501780194e-08 2.014779000961568218e-08 2.059829019936652200e-08
2.913700000000000045e+02 1.690435042929394252e-08 1.879283804762798391e-08 1.964615808307807683e-08
2.994060000000000059e+02 1.672137762798549467e-08 1.718809085155474366e-08 1.726647492845977241e-08
3.074420000000000073e+02 1.397188680654323319e-08 1.583337532230439823e-08 1.763827916715237516e-08
3.154789999999999850e+02 1.423850705985901204e-08 1.513601451575355583e-08 1.481239918207786851e-08
3.235149999999999864e+02 1.294378599939226337e-08 1.392467792063985913e-08 1.395139525640855342e-08
3.315509999999999877e+02 1.132632811383508908e-08 1.315266403737661339e-08 1.343749284231045517e-08
3.395880000000000223e+02 1.158197327832454650e-08 1.171795219155924299e-08 1.194016955411621947e-08
3.476240000000000236e+02 1.010626125691729890e-08 1.138119582849458276e-08 1.094199924150767106e-08
3.556610000000000014e+02 8.787250482701115583e-09 1.074741910292253148e-08 1.095424577437635564e-08
3.636970000000000027e+02 9.127508188159168743e-09 9.547466275923155449e-09 9.686683351917679414e-09
3.726580000000000155e+02 8.393722263220374990e-09 8.811262571712637860e-09 9.134098149066988198e-09
3.833740000000000236e+02 6.809551983931572136e-09 8.504634894853078883e-09 8.991962929215352663e-09
3.940910000000000082e+02 7.100170820429232530e-09 7.593658242786015063e-09 7.762252760784754976e-09
4.048079999999999927e+02 6.788952575026114718e-09 6.982005852025553857e-09 6.997722964948335105e-09
4.155240000000000009e+02 5.391119606786707734e-09 6.870976273632333204e-09 6.946171613180962490e-09
4.262409999999999854e+02 5.247071068030298259e-09 6.120876456000561897e-09 6.441771979969142345e-09
4.369569999999999936e+02 5.557436250341867787e-09 5.413693279054368652e-09 5.535945318603764138e-09
4.476739999999999782e+02 4.804630307220273736e-09 5.300291690113876286e-09 5.205761698665852535e-09
4.583910000000000196e+02 3.914697671240683132e-09 5.142430468860445609e-09 5.142167259898872241e-09
4.691070000000000277e+02 3.874889546601413793e-09 4.572604505550169631e-09 4.745953235848418653e-09
4.798240000000000123e+02 4.117801163918627723e-09 3.980924065087874451e-09 4.153609626993499047e-09
4.905409999999999968e+02 3.783090664466132233e-09 3.938079614960170171e-09 3.663357432573699251e-09
5.043389999999999986e+02 2.975353926236980031e-09 3.805035304446005294e-09 3.718187833317016187e-09
5.186299999999999955e+02 2.666890474270587407e-09 3.461314967705474936e-09 3.541713670023939202e-09
5.329199999999999591e+02 2.920005292254826975e-09 2.938458531744875537e-09 3.074870141600299135e-09
5.472110000000000127e+02 2.828462765842266509e-09 2.706132997546517128e-09 2.716779731011217584e-09
5.615019999999999527e+02 2.308513447259296052e-09 2.793917402039853243e-09 2.525896929900851141e-09
5.757930000000000064e+02 1.878985307579523050e-09 2.397107330865420039e-09 2.741047698455950187e-09
5.900839999999999463e+02 1.804218336127819744e-09 2.280552185042413750e-09 2.444157600615053479e-09
6.043750000000000000e+02 1.974015762884037900e-09 1.862593537523281171e-09 2.215575333992682111e-09
6.186660000000000537e+02 2.002502376839955320e-09 1.787441392808203083e-09 1.818249576751843087e-09
6.329569999999999936e+02 1.661602617548563833e-09 1.766816041678134855e-09 1.766886842373302434e-09
6.472480000000000473e+02 1.328674517118033260e-09 1.784932670701488513e-09 1.707775688980478907e-09
6.633460000000000036e+02 1.144005346279040541e-09 1.641380824510113063e-09 1.671701735610847138e-09
6.824039999999999964e+02 1.222242044525250462e-09 1.405614600444577822e-09 1.475014039830172440e-09
7.014610000000000127e+02 1.299128786299802566e-09 1.217863014193875332e-09 1.263315062292702350e-09
7.205180000000000291e+02 1.181457317259875533e-09 1.154064200305541430e-09 1.152220644834583582e-09
7.395750000000000455e+02 9.406755797828653577e-10 1.147905427801721128e-09 1.127901747535413651e-09
7.586319999999999482e+02 7.544460631494303571e-10 1.102831284722838290e-09 1.116672168927731956e-09
7.776900000000000546e+02 7.016554565401335314e-10 1.019741997793933970e-09 1.027214010545933092e-09
7.967469999999999573e+02 7.292451270825888403e-10 8.774435788812231723e-10 9.351475024361884047e-10
8.158039999999999736e+02 7.851539975658717993e-10 7.712827956892892837e-10 8.008976950689841381e-10
8.348609999999999900e+02 7.666590745762912403e-10 6.933970076028274027e-10 7.162056705408818180e-10
8.539180000000000064e+02 6.895989926774185433e-10 6.633885987849455989e-10 6.612871983776362254e-10
8.729759999999999991e+02 5.759258677257798183e-10 6.541841672796662929e-10 6.350329093145540612e-10
8.977309999999999945e+02 4.459589806690543721e-10 6.424313321158710901e-10 6.250223510550745614e-10
9.231449999999999818e+02 3.703417731251507142e-10 6.083118041483820091e-10 5.997380136864675728e-10
9.485579999999999927e+02 3.676735613225528914e-10 5.348737214782287903e-10 5.495524153970939820e-10
9.739710000000000036e+02 3.970941883751568935e-10 4.572638428186120692e-10 4.849647124142312979e-10
9.993840000000000146e+02 4.206553405045736042e-10 3.927999531995525620e-10 4.217582510478741163e-10
1.024799999999999955e+03 4.115964504262154718e-10 3.576146701174516217e-10 3.695725454243331711e-10
1.050210000000000036e+03 3.701901326655192144e-10 3.394528018311474180e-10 3.428252925993335480e-10
1.075619999999999891e+03 3.081486459296249959e-10 3.365209905074786221e-10 3.272197587388966707e-10
1.101039999999999964e+03 2.445453307348217907e-10 3.381669369310707452e-10 3.151269605581076818e-10
1.126450000000000045e+03 1.951986590234454942e-10 3.261901081311167328e-10 3.075655246694379210e-10
1.151859999999999900e+03 1.676832870772537323e-10 2.978700475335837715e-10 3.010951228931626268e-10
1.180779999999999973e+03 1.602883477509010978e-10 2.703286793732607587e-10 2.758068994958382206e-10
1.214670000000000073e+03 1.746980867439284206e-10 2.300129840292808296e-10 2.442010063603908248e-10
1.248559999999999945e+03 1.882978863018638413e-10 1.948070176971902657e-10 2.135760739945460067e-10
1.282450000000000045e+03 1.915952640979910941e-10 1.715864129545892217e-10 1.852756631082197967e-10
1.316339999999999918e+03 1.811970405507205691e-10 1.596005435939710558e-10 1.648538449041084618e-10
1.350230000000000018e+03 1.587922963722704204e-10 1.514231820394065166e-10 1.556018823219231574e-10
1.384119999999999891e+03 1.337511120089014965e-10 1.514665015173898000e-10 1.441798168679664429e-10
1.418009999999999991e+03 1.041675739203684688e-10 1.488362917360845925e-10 1.426003886191807436e-10
1.451900000000000091e+03 8.727390163917996836e-11 1.459145252548946312e-10 1.321584488844854832e-10
1.485789999999999964e+03 6.852437625104967032e-11 1.275878611855530986e-10 1.408918740577172771e-10
1.519670000000000073e+03 5.989323065581536568e-11 1.199668196722889549e-10 1.310908696254956914e-10
1.553559999999999945e+03 5.861839174198418446e-11 1.108172902428755931e-10 1.171154414844202605e-10
1.597980000000000018e+03 6.144182984531111826e-11 9.485584651437803963e-11 1.070317936830309091e-10
1.643170000000000073e+03 6.730250878586541261e-11 8.507117903913781687e-11 8.936302049435680353e-11
1.688359999999999900e+03 6.939380693257106639e-11 7.412807697209207805e-11 7.860114339666487198e-11
1.733549999999999955e+03 6.974254850884202182e-11 6.298830585638867438e-11 7.154302984160133339e-11
1.778740000000000009e+03 6.716445760226415346e-11 5.832688467513764745e-11 6.249654098007823782e-11
1.823930000000000064e+03 6.178098619849137715e-11 5.563933131732633161e-11 5.546676999072632300e-11
1.869130000000000109e+03 5.492791661894063034e-11 5.542334884416302611e-11 4.905829845451238152e-11
1.914319999999999936e+03 4.689126107715992133e-11 5.564880420116005389e-11 4.431548255204803454e-11
1.959509999999999991e+03 3.890803056856374894e-11 4.739170118646890561e-11 4.903018725985557987e-11
2.004700000000000045e+03 3.359625829470428702e-11 4.081009332621962666e-11 5.018894036650649959e-11
2.049889999999999873e+03 2.708110806922788765e-11 5.269776676775938163e-11 3.512865600257275021e-11
2.101840000000000146e+03 2.077621113223838070e-11 4.468670488077356700e-11 4.014956097705926713e-11
2.162110000000000127e+03 1.682995179419031597e-11 3.948563678875321854e-11 4.053886953474928220e-11
2.222369999999999891e+03 1.526059362123654488e-11 3.073090385117606024e-11 4.291580246498019965e-11
2.282630000000000109e+03 1.575776868408574645e-11 2.995735487007107445e-11 3.583578219465591308e-11
2.342900000000000091e+03 1.400427647455501335e-11 3.476363429855357032e-11 2.628295852861382252e-11
2.403159999999999854e+03 1.369812677027691227e-11 2.313961560907623098e-11 3.217283575007406582e-11
2.463429999999999836e+03 1.456379160115001753e-11 2.625237711917067851e-11 2.267438576530091338e-11
2.523690000000000055e+03 1.441975163460904855e-11 1.883679544158476818e-11 2.510696426447126785e-11
2.583960000000000036e+03 1.424281369218299103e-11 1.952162820460283406e-11 2.002003089260601424e-11
2.644219999999999800e+03 1.471488841261630209e-11 1.695562488198310153e-11 1.783109701748662532e-11
2.704480000000000018e+03 1.433518337558423331e-11 1.439949627031754791e-11 1.678267364792232557e-11
2.764750000000000000e+03 1.387211919540229267e-11 1.317255247476630114e-11 1.490378499273251937e-11
2.844420000000000073e+03 1.342210389227528192e-11 1.173291251029565593e-11 1.326276241017393187e-11
2.924780000000000200e+03 1.280529531100326363e-11 1.103835330730529486e-11 1.137073934759574836e-11
3.005150000000000091e+03 1.198361036629741158e-11 9.687245231548942002e-12 1.063667105825122592e-11
3.085510000000000218e+03 1.088073650641892230e-11 8.947141961218640386e-12 9.836277484264357353e-12
3.165869999999999891e+03 9.927023540574988457e-12 8.685125070616647710e-12 8.600906170307651737e-12
3.246239999999999782e+03 9.014935595759003641e-12 8.239993994650241900e-12 7.793339451155154571e-12
3.326599999999999909e+03 8.027696099819290101e-12 7.703558316201368465e-12 7.291089032353083951e-12
3.406960000000000036e+03 7.059146916833348915e-12 7.229893105462867348e-12 6.879051230853476312e-12
3.487329999999999927e+03 6.155693899549603616e-12 6.799015256733754580e-12 6.488085070186272163e-12
3.567690000000000055e+03 5.363170216879840340e-12 6.396749703449567327e-12 6.141090352754883265e-12
3.648050000000000182e+03 4.670329273091629237e-12 6.005085765762079833e-12 5.780127733130764792e-12
3.741360000000000127e+03 3.970175814284341226e-12 5.640764175467648130e-12 5.483844645730322733e-12
3.848519999999999982e+03 3.263479947767484880e-12 5.304761927710713283e-12 5.257013393635767259e-12
3.955690000000000055e+03 2.695086332211180320e-12 4.975951891791539736e-12 4.978474677929869855e-12
4.062860000000000127e+03 2.262431786456828621e-12 4.648518983621877485e-12 4.711993961366493832e-12
4.170020000000000437e+03 1.940301685927151898e-12 4.324266395383926723e-12 4.400313024524083964e-12
4.277189999999999600e+03 1.723855105984109789e-12 4.074072762412075917e-12 3.994547357050136559e-12
4.384359999999999673e+03 1.555859839772783851e-12 3.897735659401055309e-12 3.542059217683727545e-12
4.491520000000000437e+03 1.332562728743698371e-12 3.638497606669882137e-12 3.282037117927564135e-12
4.598689999999999600e+03 1.074384971657351590e-12 3.226764479652556149e-12 3.291916399422041792e-12
4.705859999999999673e+03 9.707466311743569509e-13 2.926376692832011078e-12 3.078699217410445976e-12
4.813020000000000437e+03 9.859764927005646818e-13 2.802889857515855436e-12 2.611956092951386680e-12
4.920189999999999600e+03 8.509655075558227255e-13 2.477784571333324617e-12 2.558937092719851296e-12
5.063100000000000364e+03 7.698867028178734318e-13 2.190625340779637501e-12 2.425006505126472428e-12
5.206010000000000218e+03 7.476027956662947135e-13 2.018226018498672296e-12 2.165347921709993189e-12
5.348920000000000073e+03 7.692609641530671863e-13 1.887334091404322110e-12 1.862726050343665900e-12
5.491819999999999709e+03 7.513153978198259934e-13 1.639113797075299019e-12 1.754508148418789234e-12
5.634729999999999563e+03 7.024786604843111846e-13 1.444465746119978650e-12 1.649401687197768666e-12
5.777640000000000327e+03 7.050338893922967176e-13 1.367335258455735260e-12 1.418140269037050057e-12
5.920550000000000182e+03 6.929637881651555731e-13 1.174069193168463154e-12 1.337331263098719062e-12
6.063460000000000036e+03 6.645042185213961954e-13 1.083186803102721280e-12 1.194920632537058583e-12
6.206369999999999891e+03 6.537785158671519933e-13 9.591561205988188517e-13 1.085332537185796809e-12
6.349279999999999745e+03 6.291570581627053552e-13 8.738467600949959026e-13 9.780746684327961883e-13
6.492189999999999600e+03 6.083187801544067308e-13 7.700109535674884270e-13 8.993437893367549017e-13
6.659750000000000000e+03 5.891346617691138337e-13 7.152568431285124267e-13 7.822738183737972487e-13
6.850319999999999709e+03 5.664304182066688381e-13 5.962810807248457058e-13 7.419565372412936306e-13
7.040890000000000327e+03 5.468529306852813251e-13 5.821103623682190190e-13 6.193073715110240829e-13
7.231470000000000255e+03 5.239859293015341080e-13 4.780404181589282484e-13 5.993594030459396699e-13
7.422039999999999964e+03 4.974295325212430772e-13 4.692477379606049535e-13 5.013269934411890282e-13
7.612609999999999673e+03 4.735291545159417812e-13 3.800366316534917137e-13 4.930305574984790753e-13
7.803180000000000291e+03 4.449387075042015782e-13 4.025308439481638635e-13 3.858556535862908684e-13
7.993750000000000000e+03 4.219789140025970729e-13 2.772991161947062421e-13 4.348736623503489087e-13
8.184329999999999927e+03 3.923662136344179365e-13 3.685756126194705706e-13 2.797768024904557548e-13
8.374899999999999636e+03 3.725407143406035383e-13 2.104644706504641420e-13 3.721467486418737168e-13
8.565469999999999345e+03 3.406032106471956208e-13 2.781800111101005834e-13 2.563141955820245583e-13
8.758229999999999563e+03 3.220322242808623971e-13 2.520222830260180409e-13 2.299724577364556603e-13
9.012370000000000800e+03 2.961081394490215715e-13 1.698747822452943138e-13 2.687709213775555737e-13
9.266500000000000000e+03 2.747811558717821940e-13 2.449955406088765583e-13 1.523753404138076874e-13
9.520629999999999200e+03 2.568023420085377431e-13 9.984691388183937641e-14 2.587999427251841446e-13
9.774760000000000218e+03 2.276701624941085304e-13 2.268452820053108554e-13 1.080035379263464942e-13
1.002889999999999964e+04 2.219403703946233971e-13 1.145192170481711125e-13 1.804254816979943719e-13
1.028300000000000000e+04 1.940797761586273890e-13 1.045131065878232852e-13 1.751950721564358677e-13
1.053720000000000073e+04 1.780961177089782040e-13 1.926405262844169395e-13 6.379675712318593176e-14
1.079129999999999927e+04 1.728805582143204363e-13 7.222617474678551911e-14 1.527102470850284011e-13
1.104539999999999964e+04 1.482969627577653597e-13 7.383826790319284534e-14 1.436189563067473731e-13
1.129960000000000036e+04 1.336235576054025545e-13 1.592973452266717519e-13 4.245834001387041387e-14
1.155370000000000073e+04 1.328012809381663710e-13 8.816557415305006583e-14 8.665576644953811586e-14
1.185460000000000036e+04 1.151226573683114202e-13 3.251289855567503587e-14 1.339058151496884488e-13
1.219350000000000000e+04 9.775178057538364091e-14 1.259742871604564632e-13 3.277080156214190533e-14
1.253239999999999964e+04 1.002031966539079305e-13 7.138430120465184623e-14 6.367716232905075212e-14
1.287129999999999927e+04 8.580690999718393403e-14 1.920891274449174981e-14 1.102743107443703999e-13
1.321010000000000036e+04 7.039886080843375464e-14 9.015802491831044921e-14 3.662569617468205457e-14
1.354900000000000000e+04 7.190857266797770103e-14 8.769860997418085294e-14 2.110430100855763095e-14
1.388789999999999964e+04 6.831006864220242543e-14 1.857194688199919101e-14 7.836302992824019219e-14
1.422679999999999927e+04 5.404621947710331512e-14 2.495707242845132428e-14 7.283397855803372370e-14
1.456570000000000073e+04 4.624816909365938536e-14 7.473955995463102764e-14 1.820435901336012781e-14
1.490460000000000036e+04 4.810243921624703297e-14 6.810913097899525768e-14 1.112784705925051124e-14
1.524350000000000000e+04 4.711350290327465425e-14 2.112381646505563600e-14 4.877635890464870430e-14
1.559020000000000073e+04 3.819623596882982103e-14 6.421294116281003525e-15 6.255707332395470849e-14
1.604210000000000036e+04 2.916081305493526141e-14 4.597584389946704925e-14 2.269985280727117250e-14
1.649400000000000000e+04 3.058978840944426713e-14 5.576011858809743750e-14 3.060114380814600590e-15
1.694590000000000146e+04 3.144740869883991120e-14 1.916577848133363393e-14 3.116954925799699099e-14
1.739779999999999927e+04 2.495355877007795698e-14 2.992697696121046601e-15 4.665601568274104983e-14
1.784979999999999927e+04 1.837129175131828524e-14 2.447131232481454987e-14 2.564874261227840134e-14
1.830170000000000073e+04 1.747356911671902161e-14 4.268957295834984838e-14 2.551247542990357753e-15
1.875359999999999854e+04 1.946282788528157084e-14 3.266800586223862677e-14 5.323821762124057959e-15
1.920550000000000000e+04 1.894602886711263117e-14 1.043806658743670402e-14 2.312431570731507504e-14
1.965740000000000146e+04 1.514487939096299662e-14 1.144721029279918697e-15 3.194200688395556858e-14
2.010929999999999927e+04 1.091305192583864252e-14 9.642984131252598707e-15 2.362423744443044355e-14
2.056129999999999927e+04 8.999504794021359203e-15 2.289129435997191781e-14 8.592843432278568311e-15
2.110150000000000000e+04 9.779088320235631589e-15 2.727853311523173082e-14 -2.227772175943634440e-16
2.170420000000000073e+04 1.111618995136392206e-14 1.569552276264068367e-14 6.928806499210135379e-15
2.230679999999999927e+04 9.940117766848070652e-15 2.777059317627415957e-15 1.808332861145567772e-14
2.290950000000000000e+04 7.080758474236987488e-15 1.512113529911086094e-15 1.955111018873316813e-14
2.351209999999999854e+04 4.878104788038522653e-15 9.351470235372020922e-15 1.150818772583405333e-14
2.411470000000000073e+04 4.442314313807270917e-15 1.638639131420443750e-14 2.641255173717009571e-15
2.471740000000000146e+04 5.193869017289036413e-15 1.667317240890182503e-14 -3.173937151271764947e-16
2.532000000000000000e+04 5.824778706468290428e-15 1.103652681656046239e-14 2.851693528962256392e-15
2.592270000000000073e+04 5.589494852349663965e-15 4.316583904206179241e-15 8.133895090894965846e-15
2.652529999999999927e+04 4.531403386464340030e-15 5.273445892538294543e-16 1.140557784796529564e-14
2.712800000000000000e+04 3.234313903951489845e-15 7.685758678401024026e-16 1.110199022452937222e-14
2.775140000000000146e+04 2.193590431400409678e-15 3.774569628959965966e-15 7.839151328930201417e-15
2.855500000000000000e+04 1.761830422991817301e-15 8.037074613483986259e-15 2.782346251253930129e-15
2.935870000000000073e+04 2.077894833040263071e-15 9.448643114897933103e-15 -5.071560952285983854e-17
3.016229999999999927e+04 2.535655636860792975e-15 7.533136121431150549e-15 3.611005169893122522e-16
3.096590000000000146e+04 2.692196986325114738e-15 4.160684121056838180e-15 2.709379590537317947e-15
3.176959999999999854e+04 2.396050151738919548e-15 1.297333437884212232e-15 5.036723256076180350e-15
3.257320000000000073e+04 1.822442391574932843e-15 9.075112535187774482e-17 6.063836979941026427e-15
3.337680000000000291e+04 1.219017795044921920e-15 5.147418142902536857e-16 5.531541907634406122e-15
3.418050000000000000e+04 7.903233588045838284e-16 1.862581928825956885e-15 4.013259068280419135e-15
3.498409999999999854e+04 5.937052615583215544e-16 3.283094154494588167e-15 2.210969411090583458e-15
3.578780000000000291e+04 6.005719647369222402e-16 4.187459909518781067e-15 7.740380970474188616e-16
3.659140000000000146e+04 7.188115317122257106e-16 4.332495362475166403e-15 8.471377392435719113e-18
3.756140000000000146e+04 9.044846748933893961e-16 3.756002911665533628e-15 -3.064493286586305949e-17
3.863309999999999854e+04 1.021551748152216672e-15 2.520101837148209188e-15 6.699062415678945361e-16
3.970469999999999709e+04 9.900818950924187640e-16 1.251107303174634264e-15 1.593672627048204411e-15
4.077640000000000146e+04 8.354711513629807923e-16 3.733202525403560273e-16 2.286466632277097561e-15
4.184800000000000000e+04 6.218874720181144508e-16 2.811602902559845026e-17 2.537865020361593790e-15
4.291969999999999709e+04 4.119437767658323543e-16 1.366197741215508542e-16 2.346810403622895667e-15
4.399140000000000146e+04 2.542318698741736781e-16 5.141191987160138077e-16 1.882803783241398552e-15
4.506300000000000000e+04 1.606937352305700620e-16 9.625180994663027180e-16 1.294566506363928957e-15
4.613469999999999709e+04 1.285117333255977882e-16 1.335104812770165003e-15 7.418910149665546900e-16
4.720640000000000146e+04 1.404086314521383570e-16 1.545972620040926967e-15 3.174833496732466857e-16
4.827800000000000000e+04 1.772460821025297568e-16 1.592586086407860952e-15 6.190705611586829575e-17
4.939900000000000000e+04 2.222199064540146226e-16 1.482904027714254978e-15 -3.718799355473431785e-17
5.082809999999999854e+04 2.733618099774655849e-16 1.217373018848018677e-15 2.459941313416675110e-17
5.225719999999999709e+04 2.960528610329616124e-16 8.670369951633335838e-16 2.069100401283314348e-16
5.368630000000000291e+04 2.921068447808782579e-16 5.376457706564012414e-16 4.232192541214632490e-16
5.511540000000000146e+04 2.620113338517431362e-16 2.721254028511683698e-16 6.046432512748036664e-16
5.654450000000000000e+04 2.173409995622483780e-16 9.965068408565817270e-17 7.188526729039910009e-16
5.797350000000000000e+04 1.675459790504264742e-16 1.756450378646860682e-17 7.575670922968337379e-16
5.940259999999999854e+04 1.195915428305970657e-16 8.186414745020062799e-18 7.263241472049711289e-16
6.083169999999999709e+04 7.992783884246266404e-17 4.799659640018697524e-17 6.524403773237498749e-16
6.226080000000000291e+04 4.932357092082835290e-17 1.135624690084793126e-16 5.463818430212093529e-16
6.368990000000000146e+04 2.853964546671634719e-17 1.850415871007864425e-16 4.284665753577614012e-16
6.511900000000000000e+04 1.682597400036529503e-17 2.511544311580083065e-16 3.179448524287400342e-16
6.686039999999999418e+04 1.211244088172944675e-17 3.156360567451958049e-16 2.030030886139643943e-16
6.876610000000000582e+04 1.501155716310623249e-17 3.593842512655159651e-16 1.064952655734149008e-16
7.067180000000000291e+04 2.243733825845614692e-17 3.722691200767680416e-16 4.137306358718668749e-17
7.257750000000000000e+04 3.130981652482569152e-17 3.590220012443146783e-16 5.370544370446487382e-18
7.448319999999999709e+04 3.925293371680791186e-17 3.248947318296561527e-16 -7.035203209141989114e-18
7.638900000000000000e+04 4.564430929493064403e-17 2.827976167093982910e-16 -2.668648603348572447e-18
7.829469999999999709e+04 4.926643424036067042e-17 2.338462248840836277e-16 1.210102282717398333e-17
8.020039999999999418e+04 5.038913733820854685e-17 1.853970744279065337e-16 3.177443905859669630e-17
8.210610000000000582e+04 4.907682165134891058e-17 1.402113787019197539e-16 5.199433708158138134e-17
8.401180000000000291e+04 4.645854972521216429e-17 1.022685569704033186e-16 7.066219776564230033e-17
8.591760000000000582e+04 4.234787280351205906e-17 7.051895864863733964e-17 8.534250724112507768e-17
8.793289999999999418e+04 3.747178193826034123e-17 4.485468748248777918e-17 9.668694954732526583e-17
9.047419999999999709e+04 3.170968505904807809e-17 2.290270293842860279e-17 1.069219588892710753e-16
9.301550000000000000e+04 2.558576862570532635e-17 9.310231602619184242e-18 1.097630314366335736e-16
9.555680000000000291e+04 2.011919960137314325e-17 2.556120947530982616e-18 1.084967468539260808e-16
9.809810000000000582e+04 1.509950428013610926e-17 6.458044621322889569e-19 1.022333996246858568e-16
1.006390000000000000e+05 1.090240181848026500e-17 1.997174350005801609e-18 9.348037930691558283e-17
