1.017789999999999928e+01 1.669769973108783262e-04 1.646553709634779685e-04 1.641343106025690258e-04
1.043200000000000038e+01 1.564049532660488227e-04 1.556514644929617305e-04 1.567121299521407501e-04
1.068609999999999971e+01 1.504951036723298371e-04 1.470404873210336800e-04 1.467994667762591396e-04
1.094030000000000058e+01 1.375343589474288834e-04 1.415724614685116432e-04 1.408581007904060765e-04
1.119439999999999991e+01 1.340482056854465137e-04 1.327543563932952566e-04 1.318719626500532160e-04
1.144849999999999923e+01 1.307145213653166781e-04 1.242725807238877927e-04 1.233407702667443982e-04
1.171439999999999948e+01 1.213950655276262793e-04 1.181663860430939015e-04 1.185699602590049710e-04
1.205320000000000036e+01 1.133838901792267538e-04 1.108865380261622865e-04 1.103898281288858221e-04
1.239209999999999923e+01 1.061902710211019211e-04 1.037050605829303526e-04 1.035965345982882608e-04
1.273099999999999987e+01 9.751778351699884827e-05 9.842453751481296492e-05 9.803296356718510659e-05
1.306990000000000052e+01 9.290479400576368875e-05 9.130939775131360491e-05 9.177433208481235942e-05
1.340879999999999939e+01 8.561091950093894674e-05 8.669409984491164255e-05 8.697613796252896281e-05
1.374770000000000003e+01 8.271172542740446798e-05 8.071801139660903424e-05 8.058154796422703275e-05
1.408660000000000068e+01 7.983197049980113021e-05 7.516243620260513341e-05 7.506544550390863938e-05
1.442549999999999955e+01 7.329083171651460044e-05 7.193822366864228394e-05 7.152964042488883279e-05
1.476440000000000019e+01 6.734771297942283332e-05 6.844375528898335591e-05 6.882765273296113007e-05
1.510330000000000084e+01 6.797840517718510295e-05 6.314756915395108438e-05 6.220124718906489458e-05
1.544209999999999994e+01 6.242878007533752909e-05 6.036675147638860772e-05 6.006119158378549753e-05
1.585510000000000019e+01 5.644558682213430753e-05 5.734048574379975980e-05 5.760430522187904087e-05
1.630699999999999861e+01 5.417169521056643578e-05 5.316338713254807038e-05 5.249282971247279107e-05
1.675890000000000057e+01 4.891436242682609885e-05 5.013993888887390975e-05 5.031910799707827771e-05
1.721079999999999899e+01 4.752112315219443714e-05 4.632722122568424790e-05 4.589953861655431382e-05
1.766280000000000072e+01 4.446448329960357086e-05 4.336588792279558093e-05 4.313494214581856589e-05
1.811469999999999914e+01 4.048055670470515372e-05 4.099828293484990212e-05 4.127638806083313775e-05
1.856660000000000110e+01 3.795859023352551859e-05 3.852488604527374444e-05 3.876350188352500892e-05
1.901849999999999952e+01 3.611278557397933710e-05 3.614934739434641216e-05 3.604602165090020936e-05
1.947040000000000148e+01 3.503109156147218709e-05 3.353949167568116531e-05 3.329859294490428200e-05
1.992229999999999990e+01 3.124487023824593378e-05 3.226463562554648804e-05 3.237479072064887534e-05
2.037430000000000163e+01 2.970246194429571342e-05 3.036739519353737869e-05 3.031202919066663511e-05
2.085219999999999985e+01 2.808593653537354404e-05 2.845326608665848508e-05 2.848025918395742309e-05
2.145479999999999876e+01 2.639457405360199848e-05 2.636603419844265966e-05 2.638133214475605554e-05
2.205750000000000099e+01 2.390664115891381425e-05 2.486544717114619460e-05 2.501434086809015391e-05
2.266009999999999991e+01 2.295266677059037351e-05 2.282791023372575452e-05 2.309848706943799947e-05
2.326269999999999882e+01 2.107334859347046824e-05 2.166460615089565913e-05 2.163525593291643290e-05
2.386540000000000106e+01 1.921674887394980081e-05 2.045342339854962113e-05 2.055519398510439663e-05
2.446799999999999997e+01 1.831848753665766150e-05 1.910066422522286884e-05 1.899570896837042403e-05
2.507069999999999865e+01 1.780860819002139214e-05 1.763094175661375192e-05 1.745536632485976386e-05
2.567330000000000112e+01 1.663064082433477741e-05 1.650950281582223671e-05 1.648381778043628567e-05
2.627590000000000003e+01 1.554590737956632483e-05 1.568115117619654872e-05 1.539818228832744550e-05
2.687859999999999872e+01 1.408257005191480274e-05 1.484470403894315591e-05 1.486908893408843062e-05
2.748120000000000118e+01 1.404212843867781167e-05 1.364882763876084668e-05 1.353362036328373208e-05
2.822250000000000014e+01 1.262828732492912827e-05 1.279125872935990212e-05 1.298491763916218320e-05
2.902609999999999957e+01 1.197915396235738785e-05 1.192539185005579075e-05 1.193519564107267146e-05
2.982979999999999876e+01 1.101000271236393631e-05 1.117417886530211503e-05 1.119358817229240651e-05
3.063340000000000174e+01 1.053600244190574617e-05 1.030139866510869030e-05 1.071230348135246665e-05
3.143700000000000117e+01 9.714027466965221127e-06 9.696868884054041189e-06 9.685246059041873430e-06
3.224069999999999681e+01 8.894739401366824383e-06 9.166288949316223926e-06 9.171664913955750355e-06
3.304429999999999978e+01 8.386472991855857388e-06 8.595089581747462836e-06 8.429728453994738267e-06
3.384790000000000276e+01 8.207412518144485464e-06 7.888449624120980185e-06 7.777298991490547590e-06
3.465160000000000196e+01 7.131536648212056594e-06 7.665879786012971353e-06 7.611719744920982258e-06
3.545519999999999783e+01 7.029349130403982944e-06 7.021474507738007510e-06 6.956414383230181399e-06
3.625880000000000081e+01 6.681598126335653627e-06 6.532514364013874972e-06 6.528149087232082042e-06
3.711789999999999878e+01 6.189153322079522679e-06 6.162586748243449846e-06 6.154068923475083952e-06
3.818959999999999866e+01 5.582235083491859321e-06 5.768747278109531640e-06 5.845450882242936354e-06
3.926129999999999853e+01 5.362314755804837732e-06 5.323989592897472614e-06 5.322517323073146928e-06
4.033290000000000219e+01 5.106630750523352332e-06 4.913849233403111075e-06 4.896333246681773147e-06
4.140460000000000207e+01 4.451438683507481251e-06 4.737177001242702089e-06 4.720680491639255796e-06
4.247630000000000194e+01 4.397601904110176291e-06 4.271457583315085743e-06 4.348917229602140173e-06
4.354789999999999850e+01 3.954661272718765615e-06 4.075850762667334189e-06 4.141272370564648249e-06
4.461959999999999837e+01 3.708416409183791810e-06 3.852620972918910068e-06 3.812300361452819417e-06
4.569129999999999825e+01 3.538710103561028895e-06 3.551756584341658447e-06 3.566936030372956800e-06
4.676290000000000191e+01 3.279989726627703655e-06 3.347581044495330671e-06 3.351890968848375386e-06
4.783460000000000178e+01 3.066244287505502274e-06 3.146006140122047567e-06 3.150911653286098934e-06
4.890630000000000166e+01 2.949853927410464297e-06 2.919978162035473080e-06 2.910561841942630454e-06
5.023669999999999902e+01 2.738006358641600208e-06 2.717403579851688220e-06 2.727523237771852894e-06
5.166579999999999728e+01 2.498251429045311355e-06 2.555653815100250809e-06 2.555693880187934777e-06
5.309490000000000265e+01 2.371520294467449747e-06 2.360566768875241735e-06 2.349792885952912340e-06
5.452400000000000091e+01 2.185321804024712996e-06 2.216298020301130673e-06 2.210616479428563749e-06
5.595309999999999917e+01 2.036228599901493529e-06 2.062629089631599347e-06 2.054710428304399207e-06
5.738219999999999743e+01 1.882665032533856691e-06 1.918929927234722350e-06 1.931306405421624502e-06
5.881130000000000280e+01 1.767608321090253512e-06 1.824764476182870787e-06 1.790773223474161241e-06
6.024040000000000106e+01 1.687949074629026254e-06 1.658556080094871943e-06 1.684360872833260896e-06
6.166949999999999932e+01 1.516075356393955602e-06 1.598401907660725776e-06 1.585332090668711793e-06
6.309859999999999758e+01 1.459251467203908539e-06 1.468265634256315819e-06 1.478730928184505043e-06
6.452760000000000673e+01 1.389764818014827609e-06 1.376173948450833917e-06 1.362496826904082316e-06
6.607179999999999609e+01 1.288639425165769651e-06 1.292334076361914144e-06 1.286950149945536133e-06
6.797750000000000625e+01 1.187621020888762115e-06 1.203558332065079920e-06 1.193688652905353731e-06
6.988320000000000221e+01 1.104641667285816480e-06 1.116715604418763029e-06 1.118447446010192042e-06
7.178889999999999816e+01 1.004143466051669609e-06 1.050608244186687324e-06 1.050762286109329032e-06
7.369469999999999743e+01 9.712331022357929274e-07 9.556277050896290307e-07 9.670198780677833024e-07
7.560039999999999338e+01 9.053376911273836646e-07 9.166146080397109030e-07 9.035857839438586689e-07
7.750610000000000355e+01 8.394776826402572818e-07 8.334020081600883962e-07 8.469837593127932352e-07
7.941179999999999950e+01 7.780279646183015587e-07 7.888713269169571466e-07 7.890329578682966488e-07
8.131749999999999545e+01 7.225668719543850257e-07 7.478538293368308929e-07 7.309366285630188325e-07
8.322329999999999472e+01 6.795060010317611683e-07 6.962166326376720073e-07 6.876618955723430708e-07
8.512900000000000489e+01 6.724770012382125819e-07 6.359626043090027093e-07 6.500970586837225067e-07
8.703470000000000084e+01 6.034234091767527119e-07 5.938475299625541298e-07 6.197381682059981359e-07
8.942260000000000275e+01 5.428979570578734448e-07 5.699918250501657778e-07 5.728426451748394049e-07
9.196389999999999532e+01 5.103427262872549100e-07 5.333396012107843790e-07 5.183910556466298626e-07
9.450520000000000209e+01 4.847796391178790785e-07 5.064855453883140130e-07 4.852292444923809092e-07
9.704659999999999798e+01 4.514174998938113825e-07 4.550941814878244393e-07 4.521453391475681895e-07
9.958790000000000475e+01 4.173941457979550196e-07 4.241268662767880667e-07 4.204206698414081126e-07
1.021290000000000049e+02 3.891507897655108078e-07 3.955007207031136643e-07 3.983257475553135014e-07
1.046710000000000065e+02 3.650277838182369356e-07 3.696722850885003098e-07 3.669942095320500355e-07
1.072120000000000033e+02 3.436144487222691031e-07 3.496116988826910595e-07 3.388311381275821368e-07
1.097530000000000001e+02 3.211628014963625195e-07 3.261264719726552185e-07 3.159490081416389651e-07
1.122939999999999969e+02 2.993414279138085984e-07 2.971369522996744139e-07 3.150363596670089269e-07
1.148359999999999985e+02 2.832547063694469955e-07 2.812043145641656945e-07 2.773961184672234092e-07
1.176110000000000042e+02 2.633460231037740945e-07 2.669822401693224140e-07 2.613870214332173633e-07
1.210000000000000000e+02 2.442201481375840976e-07 2.293763790403571234e-07 2.552910180524624599e-07
1.243889999999999958e+02 2.276093333561652580e-07 2.257054177298435557e-07 2.246275976903665658e-07
1.277780000000000058e+02 2.089274585569552341e-07 2.085063764976165985e-07 2.124682855440564836e-07
1.311670000000000016e+02 1.958933119514349287e-07 2.028916360028936409e-07 1.871109503656715789e-07
1.345550000000000068e+02 1.795617824193950827e-07 1.896121391042256493e-07 1.761973824763793056e-07
1.379439999999999884e+02 1.643165314568016864e-07 1.783746049363984175e-07 1.657665172068000231e-07
1.413329999999999984e+02 1.544423076717828655e-07 1.597379220839173862e-07 1.525335750197687181e-07
1.447220000000000084e+02 1.474429943876676142e-07 1.490307438430335757e-07 1.451604069844899316e-07
1.481109999999999900e+02 1.372192263842639927e-07 1.323317373572698901e-07 1.438358798297278817e-07
1.515000000000000000e+02 1.284459908481520905e-07 1.306108752983141520e-07 1.276479821735338569e-07
1.548890000000000100e+02 1.210074786048054064e-07 1.177779513539041480e-07 1.229609058012905322e-07
1.591740000000000066e+02 1.113407589452971070e-07 1.122964595043006388e-07 1.118795929104023099e-07
1.636930000000000121e+02 1.017200357962047582e-07 1.043956582216213340e-07 1.047489345421739767e-07
1.682129999999999939e+02 9.318969388046948095e-08 9.819944202751613661e-08 9.688025881201442227e-08
1.727319999999999993e+02 8.619808046769157218e-08 8.876492636425737100e-08 9.285477980805111361e-08
1.772510000000000048e+02 8.220842736638255729e-08 8.319919840350952199e-08 8.355185519010796493e-08
1.817700000000000102e+02 7.593317390511434183e-08 7.891688397025820551e-08 7.681589132462748743e-08
1.862889999999999873e+02 7.144215674013285853e-08 7.130686874827281202e-08 7.301963675159436141e-08
1.908079999999999927e+02 6.668121021692227321e-08 6.741871806918509444e-08 6.696175699228634190e-08
1.953280000000000030e+02 6.229726305369121463e-08 6.303346819732074186e-08 6.226948986898805479e-08
1.998470000000000084e+02 5.835190024163803860e-08 5.728212845696521985e-08 5.946843578139677104e-08
2.043660000000000139e+02 5.400043451288969245e-08 5.532288277738232193e-08 5.416767054972801549e-08
2.093530000000000086e+02 5.112072594537750244e-08 4.990075081411267196e-08 5.127492880850986013e-08
2.153789999999999907e+02 4.670166999121582920e-08 4.907813081465379553e-08 4.507511926613040651e-08
2.214060000000000059e+02 4.307588447726134028e-08 4.280134377649410877e-08 4.456234606624459066e-08
2.274319999999999879e+02 3.973328087593449137e-08 4.051095090864136774e-08 4.069403225304960133e-08
2.334590000000000032e+02 3.670250398788192501e-08 3.746754445610379844e-08 3.807743533201429074e-08
2.394850000000000136e+02 3.359766015451363097e-08 3.437180097664489729e-08 3.627636007684149456e-08
2.455109999999999957e+02 3.150150789104780812e-08 3.166344365737374971e-08 3.380254355557846395e-08
2.515380000000000109e+02 2.881693887507221205e-08 2.999323566083742506e-08 3.142416712809037466e-08
2.575640000000000214e+02 2.703273285908534783e-08 2.931854702103978279e-08 2.768195395987488582e-08
2.635910000000000082e+02 2.509312213098447114e-08 2.735751795345448182e-08 2.583445485956105825e-08
2.696170000000000186e+02 2.426819021383204843e-08 2.445053635254481981e-08 2.429382935362314047e-08
2.756440000000000055e+02 2.286459014448142895e-08 2.265782070004265693e-08 2.259356542747592979e-08
2.833330000000000268e+02 2.048923556376930854e-08 2.145261271105455508e-08 2.106936726917614801e-08
2.913700000000000045e+02 1.894606007183228067e-08 1.962671378027232381e-08 1.968315605989540872e-08
2.994060000000000059e+02 1.785914696200947235e-08 1.801555380721714823e-08 1.802224647077338790e-08
3.074420000000000073e+02 1.588272316689053935e-08 1.638252674071954212e-08 1.769283763398992623e-08
3.154789999999999850e+02 1.523131330652476244e-08 1.574979676270353145e-08 1.541516527136516529e-08
3.235149999999999864e+02 1.416879667339977805e-08 1.436400586317543354e-08 1.447749858662479686e-08
3.315509999999999877e+02 1.271740025065234940e-08 1.344293165069889041e-08 1.378495244024876439e-08
3.395880000000000223e+02 1.235319703330132012e-08 1.246085336021113632e-08 1.233895559928755058e-08
3.476240000000000236e+02 1.135303815663647889e-08 1.164244786870259396e-08 1.140609888655959862e-08
3.556610000000000014e+02 1.024179642276418709e-08 1.096528991958166865e-08 1.096728122885414940e-08
3.636970000000000027e+02 9.856049737499356264e-09 9.998187399879853447e-09 1.010063383721564454e-08
3.726580000000000155e+02 9.233332474997659456e-09 9.298021325580828567e-09 9.289915213821516603e-09
3.833740000000000236e+02 8.157071579571680756e-09 8.761851945619093581e-09 8.761534594009226982e-09
3.940910000000000082e+02 7.778868868958187291e-09 7.952908548710743006e-09 8.000989710251072318e-09
4.048079999999999927e+02 7.301699455157070717e-09 7.337205009830163732e-09 7.317940661412769588e-09
4.155240000000000009e+02 6.372714586112517871e-09 6.979215811977744141e-09 6.971592821029740666e-09
4.262409999999999854e+02 5.973961162126849390e-09 6.344525289527030655e-09 6.526795971626124050e-09
4.369569999999999936e+02 5.850168869999435040e-09 5.791035617549947089e-09 5.837150982210620410e-09
4.476739999999999782e+02 5.214618061384752016e-09 5.519230940337522597e-09 5.488893073157728779e-09
4.583910000000000196e+02 4.522243151178282035e-09 5.366748508027129656e-09 5.270347915172142097e-09
4.691070000000000277e+02 4.347859320305351849e-09 4.774849420911501966e-09 4.878872744463147636e-09
4.798240000000000123e+02 4.366908687630363627e-09 4.272541081378114401e-09 4.376348775311523365e-09
4.905409999999999968e+02 4.030859480894462693e-09 4.125299724136047619e-09 3.950266669081492135e-09
5.043389999999999986e+02 3.348311435761694246e-09 3.920996328215183286e-09 3.901086476839124765e-09
5.186299999999999955e+02 3.008499089525981650e-09 3.607873678410774002e-09 3.683644619231246270e-09
5.329199999999999591e+02 3.126173495051379215e-09 3.150057675852159255e-09 3.241484847240463597e-09
5.472110000000000127e+02 3.007481191302977141e-09 2.875609843304011522e-09 2.915311900353012688e-09
5.615019999999999527e+02 2.577537842126071379e-09 2.917313323763592412e-09 2.646095578502337337e-09
5.757930000000000064e+02 2.190347288634800556e-09 2.522061531998957913e-09 2.826677510958242289e-09
5.900839999999999463e+02 2.058640951497667708e-09 2.408645229068706300e-09 2.516411915035742008e-09
6.043750000000000000e+02 2.121194318205749303e-09 2.040298012747054099e-09 2.316961568871198311e-09
6.186660000000000537e+02 2.099800534937034735e-09 1.941794897677974652e-09 1.968912580792991886e-09
6.329569999999999936e+02 1.819746735090028767e-09 1.876749986442357721e-09 1.880437021266014127e-09
6.472480000000000473e+02 1.556838557520798637e-09 1.837064121886309300e-09 1.786845095305693338e-09
6.633460000000000036e+02 1.390016293005550147e-09 1.693350005816887251e-09 1.711791969147163168e-09
6.824039999999999964e+02 1.385783856545950990e-09 1.494470849898742724e-09 1.537272729944907050e-09
7.014610000000000127e+02 1.381910059198683357e-09 1.333248921889864580e-09 1.356945423311614295e-09
7.205180000000000291e+02 1.264116522158935589e-09 1.249327641756811575e-09 1.264401645806711702e-09
7.395750000000000455e+02 1.076888799743340766e-09 1.204894292231608022e-09 1.192525545072973173e-09
7.586319999999999482e+02 9.228744200084599706e-10 1.143184411233756816e-09 1.148369013318263948e-09
7.776900000000000546e+02 8.510332297540572035e-10 1.055133127947525163e-09 1.068416950324234304e-09
7.967469999999999573e+02 8.370833415975524852e-10 9.466226665285945818e-10 9.707338677499331694e-10
8.158039999999999736e+02 8.514059141145233789e-10 8.345689050185496557e-10 8.717672903312007433e-10
8.348609999999999900e+02 8.195875190312700440e-10 7.590343231259838040e-10 7.867522946157066577e-10
8.539180000000000064e+02 7.531966187690291887e-10 7.198185189377896914e-10 7.200475743279815779e-10
8.729759999999999991e+02 6.543361142506883080e-10 6.960019224630227604e-10 6.839978295699693411e-10
8.977309999999999945e+02 5.362990062790036329e-10 6.706059170196839130e-10 6.647958840327688083e-10
9.231449999999999818e+02 4.523240148188545215e-10 6.457808718275658820e-10 6.268880128869397676e-10
9.485579999999999927e+02 4.335159817303100009e-10 5.775310641376202246e-10 5.784236463329747337e-10
9.739710000000000036e+02 4.449650416369459669e-10 5.026473774918256645e-10 5.196840543579086787e-10
9.993840000000000146e+02 4.586259893682695734e-10 4.361987225178702542e-10 4.602120729659004689e-10
1.024799999999999955e+03 4.466380976390351786e-10 3.968550147538623127e-10 4.081189933184954667e-10
1.050210000000000036e+03 4.053151724102121336e-10 3.739220217031110007e-10 3.788354315922539382e-10
1.075619999999999891e+03 3.442135435700582686e-10 3.678164528834388945e-10 3.593182576464686113e-10
1.101039999999999964e+03 2.795399436786651652e-10 3.662030061079184575e-10 3.447094931345693893e-10
1.126450000000000045e+03 2.302699427606189676e-10 3.515661235036714367e-10 3.359184094990873011e-10
1.151859999999999900e+03 2.008263073705699741e-10 3.225376496448235655e-10 3.270011318504338182e-10
1.180779999999999973e+03 1.908052744870932495e-10 2.916670529548334677e-10 3.025711434239833808e-10
1.214670000000000073e+03 2.013351877778829163e-10 2.557111621585344121e-10 2.649512852285277586e-10
1.248559999999999945e+03 2.131659823025446367e-10 2.175711242837451619e-10 2.340090137953752793e-10
1.282450000000000045e+03 2.133986776973170949e-10 1.924408207494717163e-10 2.063736992966055418e-10
1.316339999999999918e+03 1.998561160804602481e-10 1.801230929237288190e-10 1.850542920517606905e-10
1.350230000000000018e+03 1.748488478529535014e-10 1.700167053155339666e-10 1.766010673282815072e-10
1.384119999999999891e+03 1.488145804970713982e-10 1.707893620500007859e-10 1.620117404909040744e-10
1.418009999999999991e+03 1.162969728579876217e-10 1.672908116250315854e-10 1.612216329627220386e-10
1.451900000000000091e+03 9.999567949314593701e-11 1.639919729235716543e-10 1.475198217132922580e-10
1.485789999999999964e+03 7.911778338559474061e-11 1.415263755807964492e-10 1.598912080224375610e-10
1.519670000000000073e+03 6.979697452605876352e-11 1.339403809530478441e-10 1.482956650396748839e-10
1.553559999999999945e+03 6.880568544501618028e-11 1.245830845007350191e-10 1.321206976192049823e-10
1.597980000000000018e+03 7.175970642092121172e-11 1.066725813453752952e-10 1.209355252723964885e-10
1.643170000000000073e+03 7.805742269481215742e-11 9.635338628330696729e-11 1.008292831737966264e-10
1.688359999999999900e+03 7.980358572222615927e-11 8.444092119595885750e-11 8.907692888149755818e-11
1.733549999999999955e+03 7.985150188303820137e-11 7.197180991175444250e-11 8.154615291447251143e-11
1.778740000000000009e+03 7.678371889032226156e-11 6.689976557828024376e-11 7.147996048764174856e-11
1.823930000000000064e+03 7.070797920905767024e-11 6.401110993669732969e-11 6.365875438515029335e-11
1.869130000000000109e+03 6.299285143096035425e-11 6.383411037176638249e-11 5.641572684604531833e-11
1.914319999999999936e+03 5.398606061083180070e-11 6.413934701804450766e-11 5.110183941824795847e-11
1.959509999999999991e+03 4.501215612350127607e-11 5.473161815471126527e-11 5.661135636209072608e-11
2.004700000000000045e+03 3.904544616269474732e-11 4.734352454581621942e-11 5.803062341069877678e-11
2.049889999999999873e+03 3.161219425061976472e-11 6.098760990141625682e-11 4.095841967533410957e-11
2.101840000000000146e+03 2.434716918307465630e-11 5.200479166139145957e-11 4.670979204358079471e-11
2.162110000000000127e+03 1.971678521039256766e-11 4.617015954732402930e-11 4.715059866325540925e-11
2.222369999999999891e+03 1.776887886711742140e-11 3.637445464946397144e-11 4.980006880117637965e-11
2.282630000000000109e+03 1.819195555621643378e-11 3.540651208785023864e-11 4.198454334488189171e-11
2.342900000000000091e+03 1.619919720891981316e-11 4.058381348139432798e-11 3.132480441111981087e-11
2.403159999999999854e+03 1.580613247914496250e-11 2.775697850237898465e-11 3.764487667175801133e-11
2.463429999999999836e+03 1.682729040249688801e-11 3.084626018771244686e-11 2.722674488391651743e-11
2.523690000000000055e+03 1.671891358957798750e-11 2.269686592087958322e-11 2.965497302246533739e-11
2.583960000000000036e+03 1.666151358664737450e-11 2.318265532623011271e-11 2.396707823710862027e-11
2.644219999999999800e+03 1.726269781139069091e-11 2.017615467011260909e-11 2.148312309294558363e-11
2.704480000000000018e+03 1.695099309765358751e-11 1.729840158867346999e-11 2.014035800248065415e-11
2.764750000000000000e+03 1.654105326849112251e-11 1.581438702378580865e-11 1.793264158521723508e-11
2.844420000000000073e+03 1.611930068709078529e-11 1.408150135384643559e-11 1.594648252866399487e-11
2.924780000000000200e+03 1.547211686272391666e-11 1.314614147390244200e-11 1.376888025307079123e-11
3.005150000000000091e+03 1.453385604278615320e-11 1.164295895334961145e-11 1.279771406592691429e-11
3.085510000000000218e+03 1.331706300482378121e-11 1.083036124026502267e-11 1.172299418985404082e-11
3.165869999999999891e+03 1.222237445889598165e-11 1.040386687724244099e-11 1.038308620901568885e-11
3.246239999999999782e+03 1.109717193029007443e-11 9.810101947781251471e-12 9.544587202073278349e-12
3.326599999999999909e+03 9.879594468441021653e-12 9.205322819430530143e-12 8.992161425825210344e-12
3.406960000000000036e+03 8.690444503155530103e-12 8.695680738213688426e-12 8.515910442842475294e-12
3.487329999999999927e+03 7.586931077552911691e-12 8.226523786343556806e-12 8.073575678462905547e-12
3.567690000000000055e+03 6.616498463074084196e-12 7.775436525625659796e-12 7.676384618291645099e-12
3.648050000000000182e+03 5.780770459056107109e-12 7.360114152980178873e-12 7.232122983352238723e-12
3.741360000000000127e+03 4.893644802340978569e-12 6.961184647724868693e-12 6.894736411466547797e-12
3.848519999999999982e+03 3.969674740044958778e-12 6.581717226180145974e-12 6.658144370858133242e-12
3.955690000000000055e+03 3.241944322406722833e-12 6.218680315599982223e-12 6.333220386578217643e-12
4.062860000000000127e+03 2.691307217443998519e-12 5.837992984126788517e-12 6.011349344034913691e-12
4.170020000000000437e+03 2.291819872427854977e-12 5.464490184831760893e-12 5.624606913082781494e-12
4.277189999999999600e+03 2.034319153562963029e-12 5.195483969027890338e-12 5.094310432518345332e-12
4.384359999999999673e+03 1.837071808757545520e-12 5.023193483853727800e-12 4.498262477950516970e-12
4.491520000000000437e+03 1.554018178731430154e-12 4.716223226720222367e-12 4.193538642391700515e-12
4.598689999999999600e+03 1.214440456812910022e-12 4.172833770928392721e-12 4.272777168858611154e-12
4.705859999999999673e+03 1.095084043982142430e-12 3.798162388948021879e-12 4.019402352492962587e-12
4.813020000000000437e+03 1.143832784517742653e-12 3.678235345129561793e-12 3.396834232536941567e-12
4.920189999999999600e+03 9.742852739096567832e-13 3.252594946746788323e-12 3.366500936738025271e-12
5.063100000000000364e+03 8.796545613115674413e-13 2.874618674868801164e-12 3.208005631303416846e-12
5.206010000000000218e+03 8.672710077501886474e-13 2.657996962734657212e-12 2.865964426574003302e-12
5.348920000000000073e+03 9.157721190703221135e-13 2.496599846434497341e-12 2.461061378845844590e-12
5.491819999999999709e+03 9.070642009114226525e-13 2.165846000571544865e-12 2.329758551764740089e-12
5.634729999999999563e+03 8.545068159059908313e-13 1.910909458977692968e-12 2.201905666762590313e-12
5.777640000000000327e+03 8.724210889993963834e-13 1.816718125936457397e-12 1.891304187827026161e-12
5.920550000000000182e+03 8.696284177942011803e-13 1.558628283352264796e-12 1.792770153871661599e-12
6.063460000000000036e+03 8.426760863336377367e-13 1.443812987506968019e-12 1.605529156746030732e-12
6.206369999999999891e+03 8.408560517170535340e-13 1.281035081207948438e-12 1.464507319164474289e-12
6.349279999999999745e+03 8.174320448672488315e-13 1.170959053577438360e-12 1.323491943713030276e-12
6.492189999999999600e+03 7.993408340823077967e-13 1.033874193316677027e-12 1.222838061106080872e-12
6.659750000000000000e+03 7.819132095067999843e-13 9.640341000868755999e-13 1.064583547607534895e-12
6.850319999999999709e+03 7.586191174822686163e-13 8.014083694037497395e-13 1.014161153832968207e-12
7.040890000000000327e+03 7.374107900965476455e-13 7.864700042777746152e-13 8.438084534391477192e-13
7.231470000000000255e+03 7.119456800809913832e-13 6.427249722601493631e-13 8.211147835692349614e-13
7.422039999999999964e+03 6.800478964366904158e-13 6.361406065924903361e-13 6.851928379778572050e-13
7.612609999999999673e+03 6.518939237954820547e-13 5.118998357480778874e-13 6.787245624021117454e-13
7.803180000000000291e+03 6.162557649162577982e-13 5.502855740130955176e-13 5.286405015173145461e-13
7.993750000000000000e+03 5.881200519856847751e-13 3.726721922186022431e-13 6.036687866424262538e-13
8.184329999999999927e+03 5.496981652139726426e-13 5.092449852065232185e-13 3.833121339439997528e-13
8.374899999999999636e+03 5.256121136377144600e-13 2.840840037579502600e-13 5.205151271587718635e-13
8.565469999999999345e+03 4.835732554748290651e-13 3.852524227733521572e-13 3.570132388197326000e-13
8.758229999999999563e+03 4.597659521911248572e-13 3.522675857896461531e-13 3.199766188623756797e-13
9.012370000000000800e+03 4.246003963002491772e-13 2.322631856916085806e-13 3.806091592180837775e-13
9.266500000000000000e+03 3.949183067613025097e-13 3.467896386252395986e-13 2.102940472859839797e-13
9.520629999999999200e+03 3.709417107038629883e-13 1.338238819541224999e-13 3.697793683070721002e-13
9.774760000000000218e+03 3.296169099988860289e-13 3.239155547394093253e-13 1.492431279301440273e-13
1.002889999999999964e+04 3.227459624884974283e-13 1.602815798912712564e-13 2.568829834320550146e-13
1.028300000000000000e+04 2.832835411480789541e-13 1.452095019567723869e-13 2.526128156288240752e-13
1.053720000000000073e+04 2.605440488410089749e-13 2.799499592528007357e-13 8.697246032105613284e-14
1.079129999999999927e+04 2.547527900417126069e-13 1.015571584091467274e-13 2.212462008318131258e-13
1.104539999999999964e+04 2.192108559593551390e-13 1.036366261297153544e-13 2.105296819857897568e-13
1.129960000000000036e+04 1.980373419103806238e-13 2.354908852194421461e-13 5.831427519037794789e-14
1.155370000000000073e+04 1.983003574605963221e-13 1.298095429752692656e-13 1.256897752401766305e-13
1.185460000000000036e+04 1.725994165253613910e-13 4.430167999242886493e-14 2.002382647353286502e-13
1.219350000000000000e+04 1.464165992102411084e-13 1.891013119391869911e-13 4.610473400398172190e-14
1.253239999999999964e+04 1.507972995915442114e-13 1.069043783275905440e-13 9.324921389493582831e-14
1.287129999999999927e+04 1.295378146200073854e-13 2.587559714294097439e-14 1.669619155868172365e-13
1.321010000000000036e+04 1.060136360036840903e-13 1.364407533815753335e-13 5.398222083991458691e-14
1.354900000000000000e+04 1.088506426111736428e-13 1.345531844031658812e-13 2.941670477442794022e-14
1.388789999999999964e+04 1.042041343574349468e-13 2.697953616832634845e-14 1.196087568707509569e-13
1.422679999999999927e+04 8.237649631419081374e-14 3.658378309795314977e-14 1.124627431888753000e-13
1.456570000000000073e+04 7.039461521656097280e-14 1.159987155154868468e-13 2.688573781707476189e-14
1.490460000000000036e+04 7.387881476203564162e-14 1.070916279174025002e-13 1.537475257450973748e-14
1.524350000000000000e+04 7.299640711375461479e-14 3.264558149208599158e-14 7.574959943577308310e-14
1.559020000000000073e+04 5.933672617020043733e-14 8.764357899075811460e-15 9.909296692066366510e-14
1.604210000000000036e+04 4.489966436008618816e-14 7.268245908345448333e-14 3.553530341566303441e-14
1.649400000000000000e+04 4.738133059792251530e-14 8.950844230821153225e-14 3.514707127393370457e-15
1.694590000000000146e+04 4.918706223583749830e-14 3.057276905021549883e-14 4.912888696844030645e-14
1.739779999999999927e+04 3.902754043936573674e-14 3.965155781904086875e-15 7.514617339349282036e-14
1.784979999999999927e+04 2.839594235130372918e-14 3.906477559803144940e-14 4.137119276263149912e-14
1.830170000000000073e+04 2.704538648471033866e-14 6.958966969164518309e-14 3.472627322956181573e-15
1.875359999999999854e+04 3.057560844078509582e-14 5.372077166877084619e-14 7.855954101452260029e-15
1.920550000000000000e+04 3.008488271588619863e-14 1.708932263447194844e-14 3.753829505242068547e-14
1.965740000000000146e+04 2.401971086005812940e-14 1.440288177485522739e-15 5.272742180849022284e-14
2.010929999999999927e+04 1.710899571751146266e-14 1.561224777316705568e-14 3.932448763061881856e-14
2.056129999999999927e+04 1.399758126696641204e-14 3.821043113458349499e-14 1.421889032553277312e-14
2.110150000000000000e+04 1.544782625379165510e-14 4.614785885041943087e-14 -8.122170276044466187e-16
2.170420000000000073e+04 1.787096874178622366e-14 2.667696677872268892e-14 1.125781538350795995e-14
2.230679999999999927e+04 1.605669613267092829e-14 4.609750828621081651e-15 3.046505475533931100e-14
2.290950000000000000e+04 1.128954855641168402e-14 2.316266800977298330e-15 3.329575538138179848e-14
2.351209999999999854e+04 7.566823420445365955e-15 1.580652857578075650e-14 1.969114742997148048e-14
2.411470000000000073e+04 6.873502012163445313e-15 2.817511132779647894e-14 4.424607738884162106e-15
2.471740000000000146e+04 8.248880886741751120e-15 2.891099258029297148e-14 -7.813843867581696874e-16
2.532000000000000000e+04 9.466485778671269210e-15 1.928218961739361099e-14 4.698144969992246432e-15
2.592270000000000073e+04 9.183629877461596791e-15 7.569992608055696986e-15 1.401713087295729802e-14
2.652529999999999927e+04 7.439933835882239438e-15 8.604990902535820459e-16 1.996126158258109073e-14
2.712800000000000000e+04 5.218614309976458639e-15 1.237008016494881477e-15 1.961102377000345346e-14
2.775140000000000146e+04 3.418168819395875233e-15 6.599076634291777789e-15 1.395678919598751135e-14
2.855500000000000000e+04 2.671174878164846730e-15 1.430073166146559673e-14 4.944941805641899188e-15
2.935870000000000073e+04 3.274317156765303117e-15 1.695798921141406021e-14 -1.722956387916654199e-16
3.016229999999999927e+04 4.158510908893912521e-15 1.362709342698041292e-14 5.329158779241641412e-16
3.096590000000000146e+04 4.499061016403713292e-15 7.564200922593336800e-15 4.780874158842554843e-15
3.176959999999999854e+04 4.022519228199477714e-15 2.362253928957688104e-15 9.060800128819238526e-15
3.257320000000000073e+04 3.024813726772232880e-15 1.335797865790664066e-16 1.101836480072135271e-14
3.337680000000000291e+04 1.956200828301365894e-15 8.901064091799321887e-16 1.013843591608434283e-14
3.418050000000000000e+04 1.187922648503835856e-15 3.376215656153449398e-15 7.399285469173693055e-15
3.498409999999999854e+04 8.435369467943063865e-16 6.043557340940458298e-15 4.099899207271901625e-15
3.578780000000000291e+04 8.760350114589035249e-16 7.787967878074195486e-15 1.432767305411693786e-15
3.659140000000000146e+04 1.122831739055403582e-15 8.138356324424028046e-15 -1.008938709535853372e-17
3.756140000000000146e+04 1.495961422708540997e-15 7.097271444213910352e-15 -9.925231532410632589e-17
3.863309999999999854e+04 1.745193753145636482e-15 4.790169292033381698e-15 1.218970294785613354e-15
3.970469999999999709e+04 1.713136350246404582e-15 2.391331808670653232e-15 2.982582980965044210e-15
4.077640000000000146e+04 1.442847183608911715e-15 7.142153005630666837e-16 4.327193483802244263e-15
4.184800000000000000e+04 1.053764965451104076e-15 4.365329126045144889e-17 4.840347330878972033e-15
4.291969999999999709e+04 6.664881858961853726e-16 2.443684766038194427e-16 4.510759562880151711e-15
4.399140000000000146e+04 3.722175018749949393e-16 9.717092671037032015e-16 3.639062813202851694e-15
4.506300000000000000e+04 1.997126474780011953e-16 1.849350640239922428e-15 2.517929565046367226e-15
4.613469999999999709e+04 1.448833717197508020e-16 2.591665356476081238e-15 1.451219699947114565e-15
4.720640000000000146e+04 1.767202694587458592e-16 3.029324929708399921e-15 6.232510678472713868e-16
4.827800000000000000e+04 2.577094538718265018e-16 3.144006184346190780e-15 1.173810187243660736e-16
4.939900000000000000e+04 3.564802900549931438e-16 2.950082468532421271e-15 -8.308514564382670445e-17
5.082809999999999854e+04 4.677880098228259999e-16 2.434578829713083030e-15 3.589279270577499458e-17
5.225719999999999709e+04 5.238741970283661015e-16 1.745280707838847415e-15 3.998449558707041889e-16
5.368630000000000291e+04 5.243595905166852360e-16 1.086858840891526306e-15 8.360013964666346363e-16
5.511540000000000146e+04 4.725322114724812627e-16 5.531626124345010984e-16 1.207903121862622669e-15
5.654450000000000000e+04 3.897527884712285502e-16 2.029917162004003782e-16 1.447770960174344256e-15
5.797350000000000000e+04 2.949188711144414262e-16 3.398166760738223749e-17 1.536460399698727364e-15
5.940259999999999854e+04 2.026188553108863218e-16 1.283621001363305184e-17 1.484284579892778119e-15
6.083169999999999709e+04 1.251609635709130887e-16 9.342580105961102203e-17 1.340991208324013635e-15
6.226080000000000291e+04 6.558544911588586867e-17 2.290593718328114558e-16 1.130778141526689359e-15
6.368990000000000146e+04 2.558870292857854598e-17 3.796464098326670434e-16 8.937248137487472657e-16
6.511900000000000000e+04 3.555821256461937167e-18 5.207450258694516647e-16 6.674104178824656572e-16
6.686039999999999418e+04 -4.003272436413020532e-18 6.599698430336728652e-16 4.285386544212534328e-16
6.876610000000000582e+04 4.320553459520539732e-18 7.561646330518976391e-16 2.256567257477372910e-16
7.067180000000000291e+04 2.224611199328410754e-17 7.877107274208372182e-16 8.759510271224302926e-17
7.257750000000000000e+04 4.333576622991871065e-17 7.637926387456952359e-16 1.044008401401497576e-17
7.448319999999999709e+04 6.273908628026503243e-17 6.956902207604019888e-16 -1.679083965927014473e-17
7.638900000000000000e+04 7.853900945639256896e-17 6.082994338040381035e-16 -8.041497104311727543e-18
7.829469999999999709e+04 8.863351382798494608e-17 5.060296998943985586e-16 2.344713568000629290e-17
8.020039999999999418e+04 9.327813082684285739e-17 4.036633545459917872e-16 6.610192364444915660e-17
8.210610000000000582e+04 9.268713889812007919e-17 3.075154964977895307e-16 1.107073990053514926e-16
8.401180000000000291e+04 8.882262064413632654e-17 2.256428347214095673e-16 1.523840169267494131e-16
8.591760000000000582e+04 8.167635491212204739e-17 1.567356456314683428e-16 1.860669275982544946e-16
8.793289999999999418e+04 7.257001710689594124e-17 1.003733705439007001e-16 2.127690711080546108e-16
9.047419999999999709e+04 6.110354573777205393e-17 5.140463940888411250e-17 2.367881822291133790e-16
9.301550000000000000e+04 4.874049746790641517e-17 2.085425912620332812e-17 2.448430376314796897e-16
9.555680000000000291e+04 3.741345028947151255e-17 5.441207686877243604e-18 2.432028791348306682e-16
9.809810000000000582e+04 2.702218041829469823e-17 9.319574691096117981e-19 2.306252815265717482e-16
1.006390000000000000e+05 1.827695006446844841e-17 3.859419064655322150e-18 2.121562177682052341e-16
