1.017789999999999928e+01 1.567734366790645697e-04 1.576099313484521512e-04 1.572648266267440826e-04
1.043200000000000038e+01 1.460480483440372102e-04 1.501611182644476067e-04 1.493130028821644897e-04
1.068609999999999971e+01 1.389800923054689062e-04 1.410720742822776561e-04 1.417764162131791351e-04
1.094030000000000058e+01 1.329749042198489031e-04 1.332511357268145009e-04 1.329576831588699225e-04
1.119439999999999991e+01 1.234901794056903889e-04 1.279353859012516284e-04 1.271935160816764173e-04
1.144849999999999923e+01 1.186857229946374046e-04 1.202318969700325182e-04 1.204131910332874290e-04
1.171439999999999948e+01 1.137929951163104639e-04 1.131462393293232498e-04 1.136175528645995669e-04
1.205320000000000036e+01 1.089275161985947966e-04 1.049638637499819842e-04 1.045235701704161048e-04
1.239209999999999923e+01 1.025246378178936032e-04 9.790830798063583846e-05 9.770567514073745183e-05
1.273099999999999987e+01 9.862691808117011549e-05 9.067271274165345928e-05 9.039899285500747558e-05
1.306990000000000052e+01 8.995750592560919281e-05 8.629992205178904153e-05 8.607372308260797763e-05
1.340879999999999939e+01 8.086201470663059309e-05 8.281972203511220863e-05 8.319394662112942519e-05
1.374770000000000003e+01 8.029832973617234942e-05 7.616149388946707533e-05 7.589318693412448399e-05
1.408660000000000068e+01 7.393474394476572261e-05 7.243145104001777880e-05 7.257690354312809795e-05
1.442549999999999955e+01 6.861248626092166468e-05 6.890949242335700064e-05 6.898389275364213036e-05
1.476440000000000019e+01 6.727905838645020624e-05 6.422114304905364825e-05 6.348620876002473762e-05
1.510330000000000084e+01 6.053462896333908666e-05 6.178483590817039032e-05 6.196276116758511190e-05
1.544209999999999994e+01 5.650822617430891116e-05 5.872607952538784135e-05 5.902861815429004156e-05
1.585510000000000019e+01 5.401165730927750489e-05 5.463851271437715387e-05 5.458146760741354930e-05
1.630699999999999861e+01 4.816180744850942356e-05 5.176176586548502528e-05 5.250834209397597609e-05
1.675890000000000057e+01 4.643977865234212815e-05 4.788588745602491322e-05 4.809492607432893382e-05
1.721079999999999899e+01 4.385081454041150147e-05 4.459400569030868460e-05 4.476505272637877370e-05
1.766280000000000072e+01 3.884583413427515901e-05 4.258742025687110952e-05 4.320079983993978365e-05
1.811469999999999914e+01 3.804270737145185201e-05 3.955447694763740500e-05 3.946510873154258448e-05
1.856660000000000110e+01 3.600235658583295588e-05 3.690307482306662908e-05 3.699174271748878045e-05
1.901849999999999952e+01 3.390415442354776022e-05 3.451474759222837271e-05 3.485633030490156676e-05
1.947040000000000148e+01 3.128845897823898992e-05 3.277378509666143498e-05 3.307742758064799373e-05
1.992229999999999990e+01 2.914206362304993335e-05 3.100786074794337622e-05 3.129584821741688183e-05
2.037430000000000163e+01 2.761407828409617553e-05 2.914070139844899748e-05 2.942870234140496465e-05
2.085219999999999985e+01 2.650119465077739193e-05 2.723617744880394326e-05 2.734187807969688249e-05
2.145479999999999876e+01 2.390078407761705385e-05 2.572408611821797435e-05 2.570342757112771182e-05
2.205750000000000099e+01 2.261397116832277826e-05 2.375885085324857705e-05 2.395058739961149807e-05
2.266009999999999991e+01 2.092953178340562956e-05 2.225158796988997031e-05 2.239809866670749945e-05
2.326269999999999882e+01 2.016906364922597516e-05 2.052660441899084966e-05 2.061840922111387523e-05
2.386540000000000106e+01 1.821998527546981624e-05 1.956285472174416662e-05 1.957703269981370142e-05
2.446799999999999997e+01 1.733057941566611021e-05 1.805947830540143774e-05 1.832209285564387073e-05
2.507069999999999865e+01 1.626586169491803352e-05 1.696719086874103467e-05 1.709794122813216961e-05
2.567330000000000112e+01 1.553378740883331471e-05 1.579583849393785373e-05 1.588832385943790527e-05
2.627590000000000003e+01 1.453687959582414981e-05 1.485527882979314308e-05 1.495423755890708164e-05
2.687859999999999872e+01 1.314005432186260182e-05 1.421641994960120387e-05 1.427820223272572808e-05
2.748120000000000118e+01 1.246801069182734009e-05 1.322728461986634337e-05 1.349211088028587324e-05
2.822250000000000014e+01 1.181971157266202289e-05 1.235172669331914422e-05 1.235661580702333814e-05
2.902609999999999957e+01 1.118313050565210497e-05 1.141793088311672018e-05 1.138866683303153523e-05
2.982979999999999876e+01 9.850579208609574182e-06 1.087089405657420279e-05 1.098978127110953464e-05
3.063340000000000174e+01 9.251251854176269140e-06 9.943177383382655345e-06 1.009266595910082045e-05
3.143700000000000117e+01 8.896844915537920634e-06 9.326447252230134685e-06 9.377347820656572742e-06
3.224069999999999681e+01 8.606049172571053016e-06 8.608910603903919141e-06 8.592462549176805306e-06
3.304429999999999978e+01 7.694673221288803028e-06 8.268043549135424238e-06 8.215051221671564461e-06
3.384790000000000276e+01 7.476089667281833465e-06 7.593040469552387590e-06 7.542058963440521159e-06
3.465160000000000196e+01 6.873422777159330342e-06 7.153918968950814396e-06 7.152866913685028041e-06
3.545519999999999783e+01 6.309917395411772393e-06 6.769073798983079300e-06 6.794879287260396439e-06
3.625880000000000081e+01 6.105008741220929318e-06 6.276115934744525365e-06 6.277004570100890577e-06
3.711789999999999878e+01 5.564528722956334550e-06 5.935990922391816584e-06 5.982818164276707828e-06
3.818959999999999866e+01 5.298887830938957516e-06 5.471799537855942228e-06 5.479131624191113638e-06
3.926129999999999853e+01 4.714657561033092352e-06 5.203459699170398308e-06 5.200631751143353869e-06
4.033290000000000219e+01 4.689550161677877830e-06 4.682960010348460338e-06 4.709325578650192857e-06
4.140460000000000207e+01 4.365446159277318588e-06 4.367478384400758020e-06 4.401253366920365812e-06
4.247630000000000194e+01 3.879115077489979978e-06 4.214108929359773552e-06 4.165186331319677032e-06
4.354789999999999850e+01 3.765724785868871806e-06 3.883873240171350222e-06 3.886169850454984444e-06
4.461959999999999837e+01 3.461124995414236301e-06 3.629011809645158169e-06 3.639570224503806982e-06
4.569129999999999825e+01 3.225897439267693356e-06 3.391193645759586915e-06 3.418446108021151397e-06
4.676290000000000191e+01 3.092650896732396584e-06 3.148538175280658543e-06 3.155772947511437373e-06
4.783460000000000178e+01 2.810734796207832719e-06 3.002699780592310774e-06 3.015726512979179635e-06
4.890630000000000166e+01 2.675683722796993725e-06 2.801344211148934378e-06 2.803167729509197080e-06
5.023669999999999902e+01 2.523959228882606858e-06 2.587672060881422158e-06 2.584064991642516543e-06
5.166579999999999728e+01 2.290330007143361618e-06 2.420532873730463931e-06 2.435532291661963181e-06
5.309490000000000265e+01 2.185118297888905423e-06 2.214993239976464777e-06 2.247850247508842917e-06
5.452400000000000091e+01 1.951668326141865281e-06 2.119031344558174114e-06 2.141233162200638970e-06
5.595309999999999917e+01 1.938645249226714387e-06 1.934450748093523370e-06 1.921168059996875819e-06
5.738219999999999743e+01 1.697011203975613498e-06 1.854146196220930156e-06 1.850953596354941489e-06
5.881130000000000280e+01 1.638700520602128468e-06 1.717182890980011855e-06 1.704977581794922499e-06
6.024040000000000106e+01 1.535075521693099278e-06 1.582153945270774814e-06 1.580223894352220852e-06
6.166949999999999932e+01 1.425458623847816123e-06 1.498443126295018902e-06 1.500473012469537265e-06
6.309859999999999758e+01 1.330733579251953515e-06 1.414141464878447493e-06 1.415185387814026036e-06
6.452760000000000673e+01 1.249942931421990834e-06 1.310856140107326645e-06 1.318106393237895907e-06
6.607179999999999609e+01 1.155373260696497798e-06 1.237968249552580963e-06 1.242818112205796436e-06
6.797750000000000625e+01 1.070621586448100040e-06 1.139824957201679055e-06 1.163059697007949351e-06
6.988320000000000221e+01 1.016207964793513586e-06 1.036813475289797960e-06 1.073213346681473662e-06
7.178889999999999816e+01 9.049853916386047833e-07 1.004770915402446265e-06 1.007007162316957602e-06
7.369469999999999743e+01 8.875285615404322477e-07 9.148054826943742039e-07 9.547249834053349500e-07
7.560039999999999338e+01 8.251253509926383320e-07 8.610963483980656633e-07 8.507037899052779447e-07
7.750610000000000355e+01 7.729446740928366101e-07 7.927466318342166071e-07 8.015839012959510068e-07
7.941179999999999950e+01 6.852797788666972883e-07 7.612061594224808846e-07 7.606066443262578561e-07
8.131749999999999545e+01 6.486185261414593666e-07 7.024580449791002102e-07 7.126613005672924626e-07
8.322329999999999472e+01 6.184301086289157505e-07 6.389904208248071415e-07 6.603288655460435446e-07
8.512900000000000489e+01 6.065036286711559423e-07 6.056281851820071951e-07 6.194684491248867093e-07
8.703470000000000084e+01 5.376883410871914637e-07 5.879836274796641996e-07 5.854082987646382069e-07
8.942260000000000275e+01 4.995554464093165010e-07 5.333285206326397530e-07 5.407926306215713305e-07
9.196389999999999532e+01 4.732905390931051416e-07 5.017433300709946498e-07 4.929836808461483997e-07
9.450520000000000209e+01 4.222700633238339295e-07 4.269592444487089443e-07 4.695001317537909921e-07
9.704659999999999798e+01 3.904175384538311350e-07 4.315605616498839687e-07 4.442193611165115009e-07
9.958790000000000475e+01 3.770350081036990576e-07 4.008888494586151289e-07 4.027357113898922016e-07
1.021290000000000049e+02 3.582702913255945827e-07 3.710977744293783183e-07 3.767835638275418958e-07
1.046710000000000065e+02 3.335485051397792254e-07 3.472929154651944331e-07 3.491763411800088171e-07
1.072120000000000033e+02 3.109691723317147768e-07 3.203460505971734725e-07 3.293783418309766628e-07
1.097530000000000001e+02 2.931506620058293540e-07 2.983435251303067400e-07 3.080019444870666188e-07
1.122939999999999969e+02 2.714927587267983709e-07 2.774913909890977284e-07 3.000396074425652743e-07
1.148359999999999985e+02 2.532411697169338898e-07 2.567554843281598410e-07 2.749527840696630049e-07
1.176110000000000042e+02 2.352496737018476857e-07 2.436125829342679091e-07 2.605664861123728649e-07
1.210000000000000000e+02 2.239379996762564404e-07 2.093543756989051425e-07 2.441691014162754702e-07
1.243889999999999958e+02 2.066415062302660785e-07 2.097103402828846313e-07 2.116694061997870190e-07
1.277780000000000058e+02 1.904441022003142466e-07 2.024436933456914645e-07 1.925612523916901508e-07
1.311670000000000016e+02 1.777709955072656048e-07 1.936584098314447889e-07 1.728321349812896862e-07
1.345550000000000068e+02 1.584332949591560296e-07 1.780776991545284639e-07 1.697101466863155949e-07
1.379439999999999884e+02 1.440371770633195392e-07 1.612091351654850233e-07 1.664747413711954870e-07
1.413329999999999984e+02 1.341035700782932633e-07 1.490909447029021949e-07 1.564568692188046086e-07
1.447220000000000084e+02 1.306781942351370505e-07 1.402546005975402785e-07 1.367667606730465559e-07
1.481109999999999900e+02 1.222317860903852945e-07 1.304674073312141488e-07 1.298973578176317584e-07
1.515000000000000000e+02 1.080626413511268949e-07 1.229815663215279592e-07 1.264231750473452170e-07
1.548890000000000100e+02 1.055656263036673735e-07 1.154106184959930637e-07 1.130317582403396016e-07
1.591740000000000066e+02 1.008947722978336964e-07 1.041675462393148698e-07 1.045252537828514965e-07
1.636930000000000121e+02 9.022153183132282027e-08 9.917424143504764856e-08 9.727219233362955639e-08
1.682129999999999939e+02 8.088765448121576737e-08 9.025253357587614875e-08 9.444122754290811805e-08
1.727319999999999993e+02 7.481114316608143913e-08 8.432616367129305857e-08 8.747480612262553399e-08
1.772510000000000048e+02 7.250925836061996321e-08 7.774558444203029764e-08 7.878951559734978334e-08
1.817700000000000102e+02 6.509495088841105482e-08 7.594854905895001815e-08 7.188851741263895355e-08
1.862889999999999873e+02 6.211759792144916714e-08 6.603761212932207295e-08 6.996008794922879291e-08
1.908079999999999927e+02 5.795628399582106783e-08 6.307204650041703850e-08 6.333166470376192966e-08
1.953280000000000030e+02 5.365392059571217005e-08 5.963775713116469271e-08 5.854129539312315732e-08
1.998470000000000084e+02 5.050502553134558692e-08 5.289913061854748840e-08 5.675908601010693594e-08
2.043660000000000139e+02 4.642764059459846939e-08 5.192955277473653314e-08 5.092851575066500949e-08
2.093530000000000086e+02 4.397276333987496114e-08 4.673792205099571750e-08 4.820401457712935015e-08
2.153789999999999907e+02 4.040393546202037273e-08 4.490711466105476996e-08 4.304855619692488463e-08
2.214060000000000059e+02 3.667435874669926389e-08 4.066187117770195268e-08 4.141290215559879785e-08
2.274319999999999879e+02 3.371644516860314746e-08 3.890182032237249644e-08 3.738399022841191296e-08
2.334590000000000032e+02 3.133607672951604735e-08 3.436853311530131598e-08 3.626390995902216474e-08
2.394850000000000136e+02 2.836824477476145385e-08 3.146904014676860320e-08 3.471092091846995231e-08
2.455109999999999957e+02 2.689553367218264063e-08 2.908468765112325427e-08 3.187151516469411837e-08
2.515380000000000109e+02 2.523144330520823364e-08 2.763231723921692805e-08 2.865597320996077662e-08
2.575640000000000214e+02 2.283782360906513762e-08 2.669429145728471010e-08 2.636413605365016430e-08
2.635910000000000082e+02 2.284930941209460910e-08 2.391202951497819324e-08 2.372050254503177179e-08
2.696170000000000186e+02 1.932616139693607567e-08 2.273638471254120401e-08 2.364031941052273447e-08
2.756440000000000055e+02 1.856114430839388930e-08 2.084001609753696732e-08 2.176953719406915514e-08
2.833330000000000268e+02 1.782237937305773571e-08 1.913434847294303604e-08 1.955385984999923577e-08
2.913700000000000045e+02 1.562901820823871861e-08 1.784084052727614291e-08 1.870731670448514540e-08
2.994060000000000059e+02 1.566119569938943641e-08 1.620024055064810186e-08 1.632198992596247363e-08
3.074420000000000073e+02 1.280044168604832079e-08 1.501981163451833397e-08 1.678876841866311164e-08
3.154789999999999850e+02 1.329387160679547590e-08 1.422735547263608260e-08 1.396395066160958593e-08
3.235149999999999864e+02 1.197878076664371403e-08 1.313788416716195313e-08 1.314689901141637567e-08
3.315509999999999877e+02 1.034628058762316011e-08 1.241748382823942994e-08 1.272222125889225272e-08
3.395880000000000223e+02 1.079184643709386467e-08 1.094738963338003367e-08 1.118485932952610812e-08
3.476240000000000236e+02 9.314068927553699225e-09 1.071001684237185705e-08 1.023771570433487387e-08
3.556610000000000014e+02 7.939016054602658060e-09 1.011752430062464270e-08 1.032503765277270055e-08
3.636970000000000027e+02 8.417158938119929878e-09 8.879435125806616689e-09 9.052926344073454976e-09
3.726580000000000155e+02 7.751908468174380926e-09 8.181941604628856044e-09 8.492641711196768339e-09
3.833740000000000236e+02 6.102058812734545980e-09 7.965222637287077235e-09 8.443805245978381201e-09
3.940910000000000082e+02 6.505066058183737589e-09 7.041624323416646504e-09 7.221902970399618653e-09
4.048079999999999927e+02 6.256317347181075328e-09 6.456268478028861615e-09 6.525560648215837339e-09
4.155240000000000009e+02 4.820182197937527376e-09 6.413054632470122242e-09 6.478543395992353456e-09
4.262409999999999854e+02 4.725413126109520397e-09 5.668803596223528852e-09 6.001477269666952972e-09
4.369569999999999936e+02 5.116211501132193246e-09 4.961014783381529862e-09 5.093599387486279844e-09
4.476739999999999782e+02 4.368836491274659122e-09 4.890603432589071413e-09 4.786841028136271320e-09
4.583910000000000196e+02 3.470445811577468059e-09 4.766227123252281004e-09 4.765661705170252700e-09
4.691070000000000277e+02 3.464205831587559161e-09 4.204325835232876006e-09 4.388866085179567052e-09
4.798240000000000123e+02 3.755948583336117352e-09 3.646138577723431313e-09 3.803724793206208105e-09
4.905409999999999968e+02 3.446811132964183403e-09 3.585881282368966219e-09 3.326960800666852024e-09
5.043389999999999986e+02 2.635831840569941828e-09 3.493032364976847600e-09 3.410526754453212034e-09
5.186299999999999955e+02 2.349397592058402549e-09 3.170799905486555640e-09 3.253945529655042585e-09
5.329199999999999591e+02 2.638883315469083654e-09 2.656889738493955561e-09 2.798025053236962235e-09
5.472110000000000127e+02 2.564903546071320568e-09 2.446994721746558755e-09 2.452475758582121777e-09
5.615019999999999527e+02 2.050628663796535060e-09 2.546460807263400332e-09 2.292456883340065068e-09
5.757930000000000064e+02 1.638907680399569475e-09 2.222758986687621963e-09 2.501857344912809315e-09
5.900839999999999463e+02 1.589366667175182878e-09 2.060151012926462350e-09 2.226435393256506627e-09
6.043750000000000000e+02 1.772850734341048486e-09 1.664139601440871369e-09 1.999519223418081494e-09
6.186660000000000537e+02 1.803263223887973570e-09 1.598717120452664901e-09 1.625578662859362695e-09
6.329569999999999936e+02 1.475668483182025040e-09 1.587209690697343869e-09 1.584654362920631937e-09
6.472480000000000473e+02 1.155316105611198188e-09 1.610791896436656637e-09 1.537174757152145865e-09
6.633460000000000036e+02 9.856287186505231998e-10 1.477631834254337416e-09 1.507024153495139712e-09
6.824039999999999964e+02 1.073494271188553879e-09 1.253718544535785124e-09 1.322545579475661692e-09
7.014610000000000127e+02 1.157786185571445581e-09 1.077702114324880747e-09 1.119705034015171959e-09
7.205180000000000291e+02 1.050273895148964490e-09 1.022496346502066819e-09 1.020653406908969027e-09
7.395750000000000455e+02 8.223345895091795288e-10 1.023349755123870330e-09 1.002808859266886224e-09
7.586319999999999482e+02 6.463700305243895379e-10 9.855650077997471759e-10 9.971783739158639634e-10
7.776900000000000546e+02 6.001883846425490094e-10 9.080443707347726749e-10 9.173715790226785730e-10
7.967469999999999573e+02 6.320201047369284489e-10 7.766198333373870707e-10 8.302888250456848459e-10
8.158039999999999736e+02 6.869229362254321848e-10 6.764139886053068310e-10 7.062913989744656949e-10
8.348609999999999900e+02 6.759108857070906434e-10 6.054126194466257539e-10 6.277620246062838823e-10
8.539180000000000064e+02 6.051356502936880982e-10 5.799339459481584431e-10 5.779619410381537473e-10
8.729759999999999991e+02 4.994050479265915674e-10 5.736798568677542845e-10 5.555144887256543598e-10
8.977309999999999945e+02 3.794444445723838488e-10 5.656277113311045982e-10 5.489351797765118279e-10
9.231449999999999818e+02 3.113581533539003440e-10 5.352105697997137359e-10 5.278200695983860745e-10
9.485579999999999927e+02 3.118374966527208104e-10 4.680415407982810971e-10 4.827280366573754516e-10
9.739710000000000036e+02 3.417566901177337086e-10 3.972212514108424423e-10 4.238097069274241297e-10
9.993840000000000146e+02 3.653062368249503542e-10 3.391416460666588261e-10 3.662398596683910118e-10
1.024799999999999955e+03 3.578982381167167390e-10 3.083027303677569751e-10 3.192422268755263788e-10
1.050210000000000036e+03 3.203525079163861645e-10 2.930953891085086693e-10 2.956656270951053115e-10
1.075619999999999891e+03 2.640486964240277282e-10 2.911915182097901306e-10 2.826761608461822500e-10
1.101039999999999964e+03 2.066900694235042923e-10 2.929695218047322737e-10 2.728519942677635802e-10
1.126450000000000045e+03 1.627342084179117716e-10 2.824188958112587631e-10 2.665615018428296440e-10
1.151859999999999900e+03 1.388215302359768279e-10 2.572727777667504944e-10 2.606111187780727393e-10
1.180779999999999973e+03 1.331204465516816864e-10 2.325251420410621738e-10 2.383111495280562701e-10
1.214670000000000073e+03 1.470322796751793627e-10 1.972540919069538917e-10 2.098042319018668873e-10
1.248559999999999945e+03 1.600752542695405944e-10 1.659086171056772817e-10 1.828335110415822606e-10
1.282450000000000045e+03 1.635991053118162037e-10 1.455473288309559033e-10 1.578986964924279750e-10
1.316339999999999918e+03 1.547281081915057907e-10 1.352450078590711828e-10 1.399807920902230799e-10
1.350230000000000018e+03 1.350987749927921561e-10 1.283635442034583199e-10 1.320026165117495751e-10
1.384119999999999891e+03 1.130606391327742843e-10 1.286556793941816425e-10 1.222240437881671366e-10
1.418009999999999991e+03 8.714801917099687437e-11 1.265780193804685641e-10 1.209853542382998328e-10
1.451900000000000091e+03 7.228825168555177725e-11 1.241274503881100966e-10 1.121135085417781726e-10
1.485789999999999964e+03 5.605281841235634780e-11 1.083510755125570894e-10 1.196219590138065713e-10
1.519670000000000073e+03 4.868251522576796664e-11 1.016758341048707760e-10 1.111501368480813208e-10
1.553559999999999945e+03 4.770156093840243536e-11 9.365972184174810654e-11 9.907725975344951612e-11
1.597980000000000018e+03 5.036494873803055746e-11 7.991958869374111730e-11 9.039854123054836540e-11
1.643170000000000073e+03 5.564639341287360765e-11 7.144821572313187017e-11 7.525204823951454549e-11
1.688359999999999900e+03 5.770981667299131978e-11 6.200084986287570300e-11 6.598442245302101856e-11
1.733549999999999955e+03 5.820637203086489195e-11 5.246255939252951522e-11 5.987699576440562521e-11
1.778740000000000009e+03 5.613323839252664240e-11 4.847169712812981708e-11 5.212293403290356841e-11
1.823930000000000064e+03 5.161878123081840317e-11 4.617963046774048510e-11 4.612532187320113568e-11
1.869130000000000109e+03 4.581052001930183082e-11 4.598895647665457483e-11 4.069280403271562040e-11
1.914319999999999936e+03 3.898006064013459668e-11 4.618804157206381463e-11 3.668332061917760774e-11
1.959509999999999991e+03 3.218784445053377913e-11 3.930012249851406594e-11 4.059711461545062464e-11
2.004700000000000045e+03 2.764715413962787866e-11 3.378155805520456042e-11 4.156689581205479036e-11
2.049889999999999873e+03 2.213483775900167158e-11 4.365114996726984999e-11 2.900377742769248780e-11
2.101840000000000146e+03 1.681955858804730505e-11 3.700876842347213837e-11 3.314988207921016241e-11
2.162110000000000127e+03 1.350247412745898448e-11 3.269802849131681703e-11 3.348289541528340380e-11
2.222369999999999891e+03 1.218344899603856983e-11 2.543114961571082324e-11 3.545104717551542285e-11
2.282630000000000109e+03 1.260455573869043945e-11 2.473389045783962364e-11 2.960507261458057763e-11
2.342900000000000091e+03 1.118953077054456967e-11 2.865822377363820302e-11 2.168443627566715258e-11
2.403159999999999854e+03 1.096145606737031199e-11 1.905424839805292811e-11 2.649098097854484903e-11
2.463429999999999836e+03 1.171577536190363805e-11 2.154672466634713460e-11 1.865270940329709189e-11
2.523690000000000055e+03 1.162425642151191016e-11 1.542869006723869296e-11 2.060032681789741924e-11
2.583960000000000036e+03 1.151061593298309763e-11 1.594678885234973567e-11 1.638794117266947599e-11
2.644219999999999800e+03 1.191374011860791229e-11 1.380663362104484699e-11 1.456590727946291539e-11
2.704480000000000018e+03 1.161251247948801824e-11 1.169385700900625113e-11 1.367099152614522769e-11
2.764750000000000000e+03 1.123745647528512290e-11 1.066872676523180443e-11 1.210558388891025209e-11
2.844420000000000073e+03 1.088298991959426667e-11 9.485576979382916166e-12 1.075274503091556332e-11
2.924780000000000200e+03 1.038587341495043492e-11 8.912178949573022027e-12 9.202588237744336209e-12
3.005150000000000091e+03 9.714563090118604133e-12 7.812254259134653235e-12 8.596241628645151367e-12
3.085510000000000218e+03 8.813905174064892911e-12 7.212234621481703688e-12 7.935243964785599681e-12
3.165869999999999891e+03 8.032360781993736509e-12 6.995641565291250659e-12 6.930045421104533588e-12
3.246239999999999782e+03 7.281806443944983409e-12 6.631375520639171467e-12 6.274805115474682043e-12
3.326599999999999909e+03 6.470652937734961884e-12 6.195748990069176888e-12 5.866141240147977797e-12
3.406960000000000036e+03 5.676420248370254570e-12 5.811437931045885855e-12 5.529865167226864013e-12
3.487329999999999927e+03 4.937126964952561284e-12 5.461182598836833654e-12 5.210701942436247065e-12
3.567690000000000055e+03 4.289601975955081948e-12 5.133278322495882711e-12 4.926753700942733362e-12
3.648050000000000182e+03 3.724788965197525775e-12 4.813862413607835994e-12 4.631036308746572971e-12
3.741360000000000127e+03 3.156562743630680207e-12 4.518905670658345559e-12 4.390674761476193783e-12
3.848519999999999982e+03 2.585526866007995830e-12 4.249315857269302744e-12 4.208880700114738327e-12
3.955690000000000055e+03 2.127564202598525568e-12 3.984954493583612567e-12 3.984736189448589998e-12
4.062860000000000127e+03 1.779869454812315725e-12 3.720918286803787042e-12 3.769778210071899660e-12
4.170020000000000437e+03 1.521978675953339374e-12 3.459077259901293637e-12 3.518369996456214955e-12
4.277189999999999600e+03 1.349521887066528650e-12 3.256327664835961264e-12 3.191485640040235382e-12
4.384359999999999673e+03 1.216173016912080998e-12 3.112578831924772568e-12 2.827439075640789303e-12
4.491520000000000437e+03 1.038654393598380514e-12 2.902764899000419725e-12 2.617564278992525410e-12
4.598689999999999600e+03 8.334565922025656193e-13 2.571524294314804604e-12 2.623002017408221145e-12
4.705859999999999673e+03 7.522511498493705397e-13 2.329019848438957531e-12 2.450378963544019984e-12
4.813020000000000437e+03 7.659378000193343452e-13 2.227265711268538911e-12 2.076280364017226475e-12
4.920189999999999600e+03 6.594997499447837999e-13 1.966124899848079585e-12 2.031248122396541092e-12
5.063100000000000364e+03 5.966713938790277738e-13 1.737210749767510605e-12 1.923901483343102748e-12
5.206010000000000218e+03 5.805235247667001802e-13 1.599319562534670949e-12 1.716892742448995284e-12
5.348920000000000073e+03 5.991692157373495571e-13 1.494209913045631336e-12 1.476105431569050637e-12
5.491819999999999709e+03 5.861143627125089877e-13 1.296510927868062401e-12 1.389414179295714338e-12
5.634729999999999563e+03 5.483282343532941200e-13 1.141749631402972924e-12 1.305097802505547953e-12
5.777640000000000327e+03 5.511942417059523153e-13 1.079748651342738647e-12 1.121259584012470802e-12
5.920550000000000182e+03 5.423095464832457467e-13 9.261399508387838615e-13 1.056503308738548520e-12
6.063460000000000036e+03 5.202627793946475545e-13 8.537451030679773197e-13 9.430924444700695790e-13
6.206369999999999891e+03 5.121819061199163919e-13 7.551060127530093471e-13 8.558456733204054857e-13
6.349279999999999745e+03 4.929460934819421883e-13 6.872813768908990969e-13 7.704503261276748713e-13
6.492189999999999600e+03 4.766330569353462056e-13 6.048813293724132061e-13 7.077072531058395911e-13
6.659750000000000000e+03 4.617328199742921361e-13 5.614740612372663375e-13 6.150809010371798334e-13
6.850319999999999709e+03 4.441847896621924332e-13 4.677253560524643951e-13 5.831863585024297503e-13
7.040890000000000327e+03 4.289867612897495637e-13 4.565800451218482329e-13 4.864537393287657232e-13
7.231470000000000255e+03 4.111847418180722042e-13 3.745571662114661580e-13 4.707111743114872429e-13
7.422039999999999964e+03 3.903705880466577544e-13 3.677602148558570968e-13 3.933857640224738603e-13
7.612609999999999673e+03 3.716741258097171545e-13 2.974408231301015429e-13 3.868874329591617002e-13
7.803180000000000291e+03 3.491841883762018948e-13 3.152900315372116897e-13 3.024295847130507704e-13
7.993750000000000000e+03 3.311740332718862915e-13 2.167096476362046946e-13 3.409960349453252742e-13
8.184329999999999927e+03 3.078411447335383802e-13 2.885420726782421903e-13 2.190039043400440389e-13
8.374899999999999636e+03 2.922498084582562680e-13 1.643289575049378720e-13 2.915073531057696397e-13
8.565469999999999345e+03 2.671132204400381348e-13 2.174264145278081417e-13 2.005927494314926375e-13
8.758229999999999563e+03 2.524443091311493833e-13 1.970522761019025755e-13 1.797454643648305489e-13
9.012370000000000800e+03 2.321877043365657281e-13 1.324844264153359030e-13 2.103939457277848862e-13
9.266500000000000000e+03 2.154440263241840258e-13 1.916973300210312535e-13 1.189628829894753053e-13
9.520629999999999200e+03 2.014074098874967687e-13 7.771084783363503138e-14 2.026384348276262870e-13
9.774760000000000218e+03 1.785300659625207245e-13 1.775229634775894559e-13 8.430497024745253234e-14
1.002889999999999964e+04 1.740667495060645023e-13 8.946813840808841515e-14 1.411304470695148794e-13
1.028300000000000000e+04 1.522289671327662638e-13 8.152562042632233239e-14 1.372015798737512099e-13
1.053720000000000073e+04 1.396606691468049517e-13 1.509079477154462100e-13 4.968291229668528746e-14
1.079129999999999927e+04 1.356079009824860588e-13 5.639652016646069505e-14 1.195269510142302394e-13
1.104539999999999964e+04 1.163250181930152762e-13 5.759377120480643489e-14 1.125319535145495798e-13
1.129960000000000036e+04 1.047857527498045616e-13 1.248519809491417044e-13 3.305240679050022536e-14
1.155370000000000073e+04 1.041663180516153139e-13 6.906203144451316624e-14 6.774825645047500627e-14
1.185460000000000036e+04 9.032442274405859080e-14 2.526634117436772094e-14 1.050108429197269075e-13
1.219350000000000000e+04 7.667875592932481981e-14 9.882387048795636210e-14 2.555167323577824119e-14
1.253239999999999964e+04 7.864760650646237050e-14 5.601050785640504041e-14 4.982657886742068337e-14
1.287129999999999927e+04 6.737509844689155640e-14 1.491270891905530228e-14 8.660483079539798056e-14
1.321010000000000036e+04 5.526060002960688563e-14 7.080359880244113403e-14 2.869226587654700856e-14
1.354900000000000000e+04 5.647563192418892109e-14 6.898809637558931779e-14 1.643280405568171148e-14
1.388789999999999964e+04 5.369251969394371948e-14 1.453075628706755804e-14 6.159444144011934006e-14
1.422679999999999927e+04 4.248033149688353823e-14 1.953471233043081768e-14 5.733341414022170242e-14
1.456570000000000073e+04 3.634298652562083427e-14 5.886434057098962978e-14 1.426457818658186401e-14
1.490460000000000036e+04 3.783409830987673921e-14 5.372242523418289160e-14 8.655232448800154773e-15
1.524350000000000000e+04 3.709582088379112273e-14 1.663458689124745745e-14 3.841588849023577693e-14
1.559020000000000073e+04 3.008357467148539807e-14 4.990101392885066394e-15 4.938421774578274293e-14
1.604210000000000036e+04 2.294995176525690773e-14 3.629808341301617192e-14 1.790391064641466441e-14
1.649400000000000000e+04 2.409855515396992924e-14 4.412016166754793940e-14 2.339593826303182755e-15
1.694590000000000146e+04 2.481158868600074655e-14 1.516111002128453135e-14 2.461612903241563535e-14
1.739779999999999927e+04 1.969268646296729237e-14 2.320217533719587354e-15 3.695310201109556817e-14
1.784979999999999927e+04 1.448382851198103049e-14 1.937011566664384815e-14 2.032881333502634803e-14
1.830170000000000073e+04 1.378299632280185644e-14 3.389124638698768030e-14 1.984158825056484507e-15
1.875359999999999854e+04 1.538579234608749274e-14 2.597467979536023442e-14 4.177627077166526543e-15
1.920550000000000000e+04 1.500195942586389324e-14 8.297701910652169028e-15 1.836162376482314732e-14
1.965740000000000146e+04 1.199639977814330136e-14 8.833873694102261139e-16 2.543105242714959952e-14
2.010929999999999927e+04 8.635640237756642877e-15 7.661592913159810152e-15 1.883779701918379470e-14
2.056129999999999927e+04 7.117860435100163226e-15 1.826917409739847031e-14 6.849699415003936575e-15
2.110150000000000000e+04 7.752731305647730356e-15 2.181895510306918715e-14 -2.062335254142553720e-16
2.170420000000000073e+04 8.839167859785474018e-15 1.257181169221898443e-14 5.516629677521196227e-15
2.230679999999999927e+04 7.913914308455607621e-15 2.217999375954149219e-15 1.447738405967905297e-14
2.290950000000000000e+04 5.631606139128218692e-15 1.195676438953224163e-15 1.568662296371387150e-14
2.351209999999999854e+04 3.868799690724393742e-15 7.500633326243894765e-15 9.246026912771169604e-15
2.411470000000000073e+04 3.524289590315351088e-15 1.318383389510528964e-14 2.116469766888504113e-15
2.471740000000000146e+04 4.138203138164227883e-15 1.344344033887797762e-14 -2.721366108551879747e-16
2.532000000000000000e+04 4.658928816130101989e-15 8.915523322722939151e-15 2.284318999145306082e-15
2.592270000000000073e+04 4.481317500685546624e-15 3.491408607644077085e-15 6.564171992319919191e-15
2.652529999999999927e+04 3.635735092232101934e-15 4.215865793260433788e-16 9.233435597363641464e-15
2.712800000000000000e+04 2.591711707149805466e-15 6.146685743134141688e-16 9.010309353495824866e-15
2.775140000000000146e+04 1.751376565608413410e-15 3.061617034400204581e-15 6.376353970305466309e-15
2.855500000000000000e+04 1.402835573964829249e-15 6.543375315429325216e-15 2.264050829952246332e-15
2.935870000000000073e+04 1.664549211938349913e-15 7.710576483455120633e-15 -4.797588847394163867e-17
3.016229999999999927e+04 2.044204303267228742e-15 6.160157880325844404e-15 2.861891665273423669e-16
3.096590000000000146e+04 2.178813042153560929e-15 3.408909275579396780e-15 2.209726822709702792e-15
3.176959999999999854e+04 1.942528337095836124e-15 1.063755038753794677e-15 4.125410770662862439e-15
3.257320000000000073e+04 1.476751662598061605e-15 7.144397716968443392e-17 4.980780201499761461e-15
3.337680000000000291e+04 9.841010381535730027e-16 4.193916909635064645e-16 4.555129421761025900e-15
3.418050000000000000e+04 6.331489439959965470e-16 1.533111758380162934e-15 3.312971036080349430e-15
3.498409999999999854e+04 4.727319172841185911e-16 2.713584727224090914e-15 1.829241045749613822e-15
3.578780000000000291e+04 4.805510415370058385e-16 3.472665712153148969e-15 6.407894009839969062e-16
3.659140000000000146e+04 5.814525426632241441e-16 3.604561516620721106e-15 4.477884220665762982e-18
3.756140000000000146e+04 7.388794658716411933e-16 3.133163844268979079e-15 -2.919863615493639148e-17
3.863309999999999854e+04 8.396405317050848585e-16 2.106851090573485025e-15 5.556979048295434481e-16
3.970469999999999709e+04 8.164421294869433276e-16 1.048105436566031700e-15 1.330696517596969488e-15
4.077640000000000146e+04 6.896832174755812146e-16 3.128847326013867246e-16 1.915830047933465463e-15
4.184800000000000000e+04 5.125754308207564973e-16 2.237643964986608357e-17 2.132741006610799377e-15
4.291969999999999709e+04 3.375768200999912609e-16 1.133369615910495550e-16 1.977781250227320658e-15
4.399140000000000146e+04 2.056576115166770512e-16 4.325598766856111067e-16 1.591297919546343668e-15
4.506300000000000000e+04 1.274208564454281126e-16 8.140611086854787276e-16 1.097324134735731888e-15
4.613469999999999709e+04 1.009028048920369753e-16 1.133716324844015064e-15 6.306385914237391058e-16
4.720640000000000146e+04 1.118922805325964953e-16 1.317760048573337095e-15 2.704080539504366339e-16
4.827800000000000000e+04 1.443102163267656645e-16 1.362748449691117361e-15 5.226845201850629546e-17
4.939900000000000000e+04 1.840073887542880339e-16 1.273767825096339426e-15 -3.297802735302759529e-17
5.082809999999999854e+04 2.290666390298950539e-16 1.048408379728969783e-15 1.985938599741427567e-17
5.225719999999999709e+04 2.498399678716335942e-16 7.486876446152026962e-16 1.771590400188047959e-16
5.368630000000000291e+04 2.475986560608041024e-16 4.655226129981814805e-16 3.648532181094921924e-16
5.511540000000000146e+04 2.226705354737202719e-16 2.362220737127549105e-16 5.234766851455675006e-16
5.654450000000000000e+04 1.848799795228496050e-16 8.659045392967635613e-17 6.246686491063154532e-16
5.797350000000000000e+04 1.423515723427335761e-16 1.499009169313567410e-17 6.607087236256554791e-16
5.940259999999999854e+04 1.011453546473210461e-16 6.667388000434847380e-18 6.358147432984939870e-16
6.083169999999999709e+04 6.688511607182000455e-17 4.159234898589169353e-17 5.733707961300797723e-16
6.226080000000000291e+04 4.036380661512304639e-17 9.959206674984909561e-17 4.821460140614079532e-16
6.368990000000000146e+04 2.233031945982793733e-17 1.633921732243688459e-16 3.797505217223713030e-16
6.511900000000000000e+04 1.217875440867393828e-17 2.230731231824953123e-16 2.831211206606628720e-16
6.686039999999999418e+04 8.196296833618040027e-18 2.815582821738486609e-16 1.813864473589389732e-16
6.876610000000000582e+04 1.099903577352410689e-17 3.216815774029305126e-16 9.537701006457355753e-17
7.067180000000000291e+04 1.788444916701704471e-17 3.343563114357206821e-16 3.706982440346014625e-17
7.257750000000000000e+04 2.611692017389803515e-17 3.235973039616339913e-16 4.659587619632592240e-18
7.448319999999999709e+04 3.357602831574428220e-17 2.939176597179346765e-16 -6.605520245485789455e-18
7.638900000000000000e+04 3.965812671853486119e-17 2.568355706313474284e-16 -2.708883355859768205e-18
7.829469999999999709e+04 4.327696031765566474e-17 2.132614999795304049e-16 1.072150168214091828e-17
8.020039999999999418e+04 4.463825443879885734e-17 1.698282742144649625e-16 2.877327553079170291e-17
8.210610000000000582e+04 4.378127840209198199e-17 1.290471566532281162e-16 4.751450423839045190e-17
8.401180000000000291e+04 4.170094891000090434e-17 9.460803742288821186e-17 6.503024686768301784e-17
8.591760000000000582e+04 3.822479100440492836e-17 6.559364110346421269e-17 7.906107867188075609e-17
8.793289999999999418e+04 3.398260405943166288e-17 4.194044722564749823e-17 9.012995950426648728e-17
9.047419999999999709e+04 2.879094873365989606e-17 2.146003346673898305e-17 1.000563669892309356e-16
9.301550000000000000e+04 2.322421723675575080e-17 8.716509430330441621e-18 1.031138005305416539e-16
9.555680000000000291e+04 1.822111704868334768e-17 2.346746500711888059e-18 1.023348733709602739e-16
9.809810000000000582e+04 1.360539155357888143e-17 5.276695020083779023e-19 9.683550927080245115e-17
1.006390000000000000e+05 9.728460485233471709e-18 1.805187823699967595e-18 8.894533591320361154e-17
