1.166760716081661986e+00 6.510241058473858079e-04 1.215346189312050372e-03 2.069746440494458094e-10 5.647155639472642430e-04 1.216711668252572079e-03 2.290009024282255883e-10
1.555900421101123365e+00 4.392272142171716582e-04 8.290809066787765969e-04 2.077495026418393095e-10 3.795697038469131096e-04 8.284159067497863559e-04 2.249175651857244270e-10
2.074826557850288911e+00 2.890417496707241253e-04 5.484703495662292738e-04 1.943493760830358357e-10 2.480610360975067609e-04 5.485019501381805480e-04 2.035395069636650661e-10
2.766825682915017293e+00 1.842357073712075214e-04 3.506176430568115295e-04 1.606584163485469824e-10 1.567386760709540375e-04 3.511217177567377539e-04 1.629461055623523133e-10
3.689621347227101111e+00 1.133037397568845698e-04 2.159799628202940737e-04 1.301582107580655690e-10 9.538763944133028935e-05 2.165279450118819213e-04 1.275401047110053590e-10
4.920189143094656714e+00 6.714011798825666782e-05 1.278613539845110296e-04 1.050851613491081790e-10 5.580340041827479833e-05 1.283786381303427665e-04 1.005438301036508329e-10
6.561177672614024736e+00 3.825945226643503067e-05 7.260350786943031731e-05 8.164934919133982893e-11 3.132942905920760768e-05 7.305464994622293555e-05 7.766689726819262165e-11
8.749471046662279150e+00 2.090955172432702787e-05 3.943726097410523649e-05 5.966507087080368492e-11 1.685515105111871293e-05 3.982088124356203857e-05 5.628780890667372430e-11
1.166760716081661897e+01 1.093568285297826823e-05 2.046733028050469298e-05 4.028738693329112238e-11 8.691196160361900277e-06 2.077440447367625344e-05 3.806790733989670572e-11
1.555900421101123499e+01 5.477800984182271814e-06 1.020955431304006404e-05 2.664893290374282514e-11 4.310623815406283970e-06 1.039915933397824690e-05 2.541640799494391222e-11
2.074826557850288822e+01 2.646691703966955106e-06 4.961177945991269075e-06 1.736506968622274575e-11 2.074400525501303419e-06 5.036248601596527787e-06 1.676330180883167987e-11
2.766825682915017381e+01 1.250264768286188515e-06 2.377347338873183470e-06 1.104979638579983927e-11 9.808797585923697933e-07 2.388704796081175537e-06 1.073061068773639155e-11
3.689621347227100756e+01 5.851777110267742461e-07 1.132732420773682484e-06 6.669967186931730650e-12 4.609853697813853892e-07 1.122368458339591155e-06 6.531828205514601722e-12
4.920189143094656714e+01 2.732427196816465285e-07 5.368773595792540978e-07 3.777027622369464228e-12 2.164364124039805113e-07 5.259902356547344114e-07 3.737225131656613834e-12
6.561177672614024914e+01 1.273111082513727657e-07 2.534795092843845718e-07 2.093746337554598308e-12 1.014075051186459513e-07 2.462843896591963422e-07 2.098071093074928724e-12
8.749471046662279150e+01 5.899044601711028793e-08 1.193902799121368445e-07 1.144015699057938165e-12 4.723379579684862291e-08 1.150374575297565238e-07 1.153249296834474467e-12
1.166760716081661968e+02 2.707480745808719090e-08 5.593034212619209515e-08 6.154675480067315094e-13 2.177546062965019577e-08 5.346533476761137601e-08 6.202130216287363231e-13
1.555900421101123356e+02 1.225064102205338756e-08 2.599839813491108011e-08 3.244375176463677511e-13 9.887528830303347434e-09 2.464568329957374168e-08 3.271149931233084613e-13
2.074826557850288964e+02 5.437351176648255813e-09 1.195855281181919778e-08 1.672723041996716431e-13 4.398679388245758293e-09 1.122820052689402970e-08 1.696843495086529005e-13
2.766825682915017524e+02 2.356447002312854006e-09 5.429047434794711797e-09 8.677719866723312866e-14 1.908136223603839921e-09 5.038507542091452567e-09 8.671517052019552433e-14
3.689621347227101182e+02 9.934926961710819447e-10 2.430085741605563646e-09 4.468280631994061286e-14 8.042977512238518805e-10 2.220534748981341393e-09 4.391546997787095480e-14
4.920189143094656856e+02 4.065854406843097117e-10 1.071812679452461638e-09 2.258863530327576801e-14 3.287255544987301626e-10 9.594709382205562929e-10 2.209511143407770717e-14
6.561177672614023777e+02 1.613637244759632691e-10 4.657923263254582057e-10 1.119572636785045506e-14 1.301521456167687173e-10 4.063585677794524329e-10 1.105244654736241101e-14
8.749471046662279150e+02 6.210976918078530700e-11 1.995861926492926864e-10 5.477471788075740186e-15 4.992570312097901950e-11 1.687139878609501956e-10 5.426259514214600647e-15
1.166760716081661940e+03 2.321422907260726618e-11 8.445213062494774010e-11 2.639850643595113644e-15 1.857723306100701063e-11 6.876484193947048392e-11 2.666323245930054103e-15
1.555900421101123356e+03 8.445525560098385019e-12 3.535890961861784378e-11 1.268669147882679107e-15 6.722255811184630234e-12 2.756965287618005292e-11 1.317261026462725063e-15
2.074826557850288737e+03 3.001707193153888672e-12 1.466868743541686993e-11 6.133343284059298937e-16 2.375494983613178932e-12 1.090899406959305423e-11 6.461084937261477415e-16
2.766825682915017296e+03 1.047610071511531222e-12 6.050896378429070690e-12 2.963649733768701620e-16 8.243221223762986925e-13 4.274048191612879040e-12 3.104345363535118325e-16
3.689621347227101069e+03 3.615968693875209864e-13 2.489739285696494480e-12 1.424943196254970468e-16 2.828264519192457103e-13 1.665840568337881315e-12 1.468951139309975752e-16
4.920189143094656174e+03 1.244914551519032876e-13 1.024381451564005629e-12 6.888365867252951202e-17 9.671211453854142773e-14 6.496796551646786718e-13 6.994405446917292633e-17
6.561177672614025141e+03 4.308618014823138402e-14 4.219830580535675960e-13 3.369025637789792798e-17 3.320415768708222515e-14 2.548056319745029357e-13 3.346777450310909892e-17
8.749471046662278241e+03 1.508474196617951222e-14 1.740269504973313350e-13 1.634672638477352157e-17 1.150772858326143497e-14 1.006408777267786508e-13 1.612230957344494717e-17
1.166760716081662031e+04 5.361514687611481201e-15 7.185188661392921277e-14 7.857942518206185976e-18 4.037568167472111190e-15 3.996552815554663677e-14 7.748348682996694918e-18
1.555900421101123356e+04 1.933657962428180053e-15 2.966190801419796313e-14 3.748463771738016064e-18 1.433363817156162932e-15 1.591566674182738122e-14 3.712293965887413948e-18
2.074826557850289100e+04 7.051651063441291235e-16 1.218838997811889416e-14 1.782479265600502159e-18 5.131552069897329313e-16 6.322952139560731812e-15 1.772881696106696657e-18
2.766825682915017387e+04 2.586686428559377071e-16 4.960211941058894144e-15 8.396833011223818535e-19 1.843405148415574446e-16 2.487625319600231138e-15 8.388300207687863345e-19
3.689621347227100341e+04 9.482010386148807147e-17 1.995280590571250315e-15 3.923763571970547920e-19 6.607495943587650823e-17 9.637589563944685312e-16 3.913850280784170687e-19
4.920189143094656174e+04 3.453406250590189295e-17 7.885480234877674744e-16 1.808276400180153677e-19 2.351059816372866610e-17 3.650716481361238588e-16 1.812086313339678502e-19
6.561177672614024777e+04 1.243923460090791936e-17 3.048807857390103616e-16 8.133278300784900308e-20 8.278478673403675581e-18 1.344663979919846423e-16 8.227978201584252751e-20
8.749471046662278241e+04 4.411073616599392815e-18 1.150294150636036848e-16 3.577370993308761846e-20 2.875030421691427932e-18 4.808030163175418317e-17 3.625336220545734786e-20
1.166760716081661958e+05 1.536577327822258538e-18 4.219044537396401848e-17 1.543647984489192913e-20 9.832070583323698517e-19 1.664478705394547147e-17 1.551045719050394809e-20
1.555900421101123211e+05 5.251012939950807066e-19 1.503205135425068480e-17 6.547462375800240239e-21 3.302605073030682939e-19 5.561933821468486639e-18 6.421415520544171981e-21
2.074826557850289100e+05 1.755909165848186085e-19 5.212845452467128225e-18 2.675383376617542291e-21 1.086930230050136982e-19 1.791791407014742078e-18 2.617571728886514989e-21
2.766825682915017242e+05 5.735448345187765892e-20 1.753043034436983293e-18 1.035891360802376253e-21 3.504376547037211644e-20 5.550923873531759179e-19 1.042919807986792129e-21
3.689621347227101214e+05 1.830920586414657758e-20 5.696419550218301952e-19 3.827910293451627688e-22 1.106191779278848031e-20 1.651836998129476833e-19 3.958215023883443016e-22
4.920189143094656756e+05 5.690298239122285858e-21 1.799682139799437584e-19 1.415010422520082265e-22 3.407999375854461443e-21 4.745464140548540487e-20 1.419261523710490343e-22
6.561177672614024486e+05 1.707812742513869241e-21 5.514828172336056036e-20 4.984341274468692290e-23 1.018095231229724358e-21 1.309659879350711518e-20 4.952013324142945034e-23
8.749471046662279405e+05 4.928650827577318655e-22 1.626636937333730508e-20 1.634387653777801537e-23 2.954317290742670496e-22 3.455755917807352776e-21 1.665293090070730084e-23
1.166760716081662104e+06 1.371999533124085008e-22 4.576467527935425401e-21 5.370537262346567396e-24 8.345856049033265961e-23 8.775253036437428180e-22 5.343534786373291775e-24
1.555900421101123560e+06 3.677646362814738421e-23 1.225901876944937620e-21 1.699864429916228274e-24 2.287015795299824286e-23 2.142806085382151176e-22 1.648334635005215188e-24
2.074826557850289159e+06 9.563316084514073467e-24 3.127390966535849021e-22 4.970109979166167665e-25 6.087500740809982705e-24 5.036942614070872566e-23 4.916261160442249088e-25
2.766825682915017474e+06 2.438278349107935580e-24 7.596569115441625063e-23 1.445701509344370488e-25 1.588697325706826264e-24 1.146862014328242648e-23 1.451290206277025559e-25
3.689621347227101214e+06 6.121903419617056306e-25 1.766439442681360614e-23 4.198284771602132187e-26 4.145794589257971720e-25 2.557212654811792045e-24 4.134497526527800470e-26
4.920189143094656989e+06 1.532818598158230437e-25 3.955156609671408595e-24 1.126754661786253063e-26 1.068059672247719554e-25 5.632816930454765451e-25 1.180740965208976059e-26
6.561177672614024952e+06 3.868637963662763372e-26 8.608847768534758098e-25 3.082837775533844424e-27 2.729332524375650391e-26 1.228206904115558811e-25 3.318316749761329493e-27
8.749471046662278473e+06 9.760806533267998562e-27 1.839664771342961316e-25 9.075798409640648607e-28 7.132556551628189965e-27 2.687066672860781279e-26 8.714097752883045970e-28
1.166760716081662104e+07 2.473639026618834780e-27 3.872063421521086622e-26 2.519742720468203082e-28 1.884172722266318517e-27 5.929867866030319857e-27 2.394819233973714114e-28
1.555900421101123467e+07 6.255649397634784261e-28 8.109739265170801880e-27 6.965361906243712277e-29 4.951496693113927630e-28 1.329336353922138354e-27 6.677385713163432585e-29
2.074826557850288972e+07 1.622538049539192523e-28 1.698659763717811338e-27 1.893140277637729692e-29 1.303509337032026466e-28 3.002563477724245614e-28 1.733302443275865822e-29
2.766825682915017009e+07 4.258518945669720005e-29 3.567545930916709879e-28 4.976023958723570819e-30 3.415682690723810996e-29 6.867009177796299577e-29 4.603471250637873852e-30
3.689621347227101028e+07 1.140814422907767845e-29 7.542732790715883432e-29 1.364039611892737612e-30 9.004687380746407939e-30 1.598770868236412540e-29 1.221010848975544412e-30
4.920189143094656616e+07 3.016114650898497694e-30 1.614643408430943416e-29 3.670723159941296100e-31 2.389547108950291515e-30 3.798456883936915717e-30 3.251367718787954839e-31
6.561177672614024580e+07 7.977393090802504183e-31 3.457872820757057153e-30 9.672359127183874744e-32 6.320218652522676801e-31 9.161347065961825017e-31 8.815143867924033239e-32
8.749471046662279963e+07 2.128001245149824610e-31 7.534515724638329228e-31 2.549814050285518421e-32 1.713676669785353616e-31 2.287687700760126637e-31 2.475109189174117324e-32
1.166760716081662029e+08 5.694475348327663549e-32 1.679344547129309133e-31 7.013462577641300833e-33 4.702069249573512974e-32 5.830474624429048746e-32 7.049421519293928678e-33
1.555900421101123393e+08 1.491766494009061527e-32 3.762356795922516204e-32 1.831342027131773975e-33 1.265323659957423030e-32 1.491473797762840116e-32 1.909529895985849987e-33
2.074826557850289047e+08 3.923516397550621405e-33 8.547266375121205980e-33 4.802403242158571392e-34 3.442435017594930827e-33 3.859981172448778424e-33 5.106078416703717487e-34
2.766825682915017605e+08 1.020107717935766759e-33 1.956392371167692065e-33 1.303715608496022472e-34 8.759515786568005852e-34 9.587439213930285790e-34 1.308725874641821417e-34
3.689621347227101326e+08 2.653915997537689263e-34 4.553242912091969065e-34 3.481627880147923044e-35 2.239131096699907843e-34 2.399573696048046446e-34 3.267525447028454376e-35
4.920189143094656467e+08 7.016968893732023718e-35 1.085100525973150950e-34 8.905001862686488298e-36 5.565662353472062531e-35 5.897639727614280713e-35 8.660124915626696521e-36
6.561177672614024878e+08 1.816418719165639189e-35 2.591954688515617301e-35 2.216259090774441355e-36 1.408107256408673295e-35 1.471637562797391051e-35 2.203256255851472583e-36
8.749471046662279367e+08 4.713992911123147780e-36 6.263561794371149090e-36 5.674639945037457855e-37 3.528813316516307216e-36 3.650061065240159960e-36 5.233257361724803113e-37
1.166760716081662178e+09 1.166817347194116078e-36 1.470647150735406795e-36 1.365330749267834108e-37 8.401965551968041225e-37 8.693338211933536812e-37 1.205165168402782163e-37
1.555900421101123333e+09 2.765594738871145823e-37 3.373746169833496064e-37 3.009754721961451529e-38 1.946518605648471764e-37 2.007801039832404452e-37 2.772353760249248991e-38
2.074826557850289106e+09 6.648313158097858940e-38 7.878444176496910762e-38 6.438323835610893278e-39 4.520757802470305778e-38 4.648261573794483534e-38 6.056359499688882479e-39
2.766825682915017128e+09 1.519332827436124892e-38 1.763691713728995907e-38 1.278076979101914798e-39 1.037292450732211086e-38 1.063844233635154808e-38 1.234047060910706565e-39
3.689621347227100849e+09 3.525560801973739631e-39 4.018024366495926943e-39 2.373050035026983612e-40 2.272715365302177706e-39 2.317134012912996781e-39 2.321586281300947085e-40
4.920189143094656944e+09 7.706003490129374168e-40 8.643042861130362888e-40 4.389035433613831978e-41 4.722054371264728595e-40 4.822129630406644889e-40 4.230415997995681411e-41
6.561177672614025116e+09 1.703256746076552748e-40 1.895737633420023301e-40 8.013697834664683063e-42 9.739909444105339162e-41 1.000325221881271453e-40 8.084224528150094398e-42
8.749471046662279129e+09 3.494534400280020883e-41 3.883267191135917710e-41 1.315615797895340735e-42 1.987702407104266459e-41 2.047582685991354315e-41 1.405469284082240873e-42
1.166760716081661987e+10 6.906156204542372013e-42 7.691460584347683214e-42 1.938062077155383826e-43 3.621835745121197369e-42 3.723743194612014065e-42 2.124548827136011495e-43
1.555900421101123428e+10 1.297354001069474169e-42 1.451358447020820447e-42 2.711608537384444772e-44 6.033149600554338810e-43 6.263665211613038506e-43 3.069713944651893959e-44
2.074826557850289154e+10 2.189566222328456392e-43 2.505914072867745823e-43 3.194979362958551260e-45 8.400582397133150238e-44 8.872204374274121389e-44 3.907634586862328739e-45
2.766825682915017319e+10 3.464382887533119678e-44 4.048533841057544285e-44 2.752948323866388299e-46 9.332693659175406950e-45 1.009031610743834642e-44 3.524426096033637227e-46
3.689621347227101135e+10 4.354368225710168060e-45 5.338092048864564731e-45 1.425339341018992019e-47 7.696200317261380028e-46 8.222789413225582332e-46 2.010567618745154246e-47
4.920189143094656372e+10 3.811153931243353178e-46 5.345469246815970708e-46 5.363896040856259344e-49 1.833117843672768554e-47 2.524247976151662215e-47 4.820166914790975424e-49
6.561177672614024353e+10 1.335613300743595654e-47 3.146379194939427440e-47 2.473053570132855030e-51 1.602292393128646925e-49 4.529088827866907909e-49 1.366575081828041875e-50
8.749471046662280273e+10 3.278406205387639967e-51 7.971122699021366020e-49 2.492737727363607492e-53 1.693449899400173582e-51 6.906876869363895819e-51 1.718951626738297712e-52
