1.166760716081661986e+00 6.507670109651812491e-04 1.214642665088023436e-03 2.062417509010863493e-10 5.644553262408457013e-04 1.216025362984555743e-03 2.282390450552133653e-10
1.555900421101123365e+00 4.390962200539237983e-04 8.286445237092041668e-04 2.069978235954219752e-10 3.794295297763194139e-04 8.279907561554454608e-04 2.241448321138550639e-10
2.074826557850288911e+00 2.889898613242052310e-04 5.482149929821182903e-04 1.936347393344985886e-10 2.479964111281855342e-04 5.482561957477646809e-04 2.028126884034090533e-10
2.766825682915017293e+00 1.842266642165419103e-04 3.504785299173036558e-04 1.600431490767874858e-10 1.567165458743679195e-04 3.509909316395593611e-04 1.623270859794646286e-10
3.689621347227101111e+00 1.133135768189205131e-04 2.159100606667643753e-04 1.296413606393855792e-10 9.538591036234461305e-05 2.164645545329339554e-04 1.270224330821680057e-10
4.920189143094656714e+00 6.715557127070613129e-05 1.278295124247392090e-04 1.046549724274593426e-10 5.580930221977757199e-05 1.283516716424037399e-04 1.001153812831312074e-10
6.561177672614024736e+00 3.827405394953974099e-05 7.259057475966485104e-05 8.130243267513840661e-11 3.133646215436240674e-05 7.304544118474826954e-05 7.732188666039177906e-11
8.749471046662279150e+00 2.092073082279733548e-05 3.943238823793630431e-05 5.939672483523160554e-11 1.686060683018055479e-05 3.981896473014469865e-05 5.602042799806639331e-11
1.166760716081661897e+01 1.094304117938083667e-05 2.046513455792131503e-05 4.008849912161381921e-11 8.694501935242018772e-06 2.077456188883822374e-05 3.787016545042081943e-11
1.555900421101123499e+01 5.482055479054416322e-06 1.020799672623737221e-05 2.650511667962215617e-11 4.312239026860310917e-06 1.039932340792715422e-05 2.527422381614346594e-11
2.074826557850288822e+01 2.648983284798443215e-06 4.959914277841157667e-06 1.726328222880900920e-11 2.075092476304376277e-06 5.036084724062158678e-06 1.666307091116258196e-11
2.766825682915017381e+01 1.251634826143732943e-06 2.376550161368461646e-06 1.097970412557816544e-11 9.812954701890909049e-07 2.388548681123441887e-06 1.066161744612968503e-11
3.689621347227100756e+01 5.862797296862988659e-07 1.132492605806275123e-06 6.623278865642014231e-12 4.614833865765286091e-07 1.122512247367594626e-06 6.485770920922271674e-12
4.920189143094656714e+01 2.743482547773392724e-07 5.371132495982343865e-07 3.746975847939326569e-12 2.171164587325167303e-07 5.264944633416097522e-07 3.707438177109972508e-12
6.561177672614024914e+01 1.284563844430997817e-07 2.540449007727967073e-07 2.074984776482085958e-12 1.022225820968518853e-07 2.470700271969785642e-07 2.079414353118000379e-12
8.749471046662279150e+01 6.010696041568881451e-08 1.201238612850136922e-07 1.132579616407740341e-12 4.808280047827289560e-08 1.159663219958255282e-07 1.141872084946807129e-12
1.166760716081661968e+02 2.806852730741103663e-08 5.668897274486434595e-08 6.086856765404253067e-13 2.255542454283155485e-08 5.439560209351397762e-08 6.134432123602188922e-13
1.555900421101123356e+02 1.304886996643750051e-08 2.667343834123811248e-08 3.204732513813972317e-13 1.052430791004858282e-08 2.546190253341563537e-08 3.231679458788849144e-13
2.074826557850288964e+02 6.014029325016982799e-09 1.248819885245063713e-08 1.650118619164576371e-13 4.862716277176022252e-09 1.186371725494633948e-08 1.674462037682641803e-13
2.766825682915017524e+02 2.731714580320024600e-09 5.799952445043371197e-09 8.552706989936503957e-14 2.211510515915872020e-09 5.481030831739300907e-09 8.547397969877828857e-14
3.689621347227101182e+02 1.214661565774371814e-09 2.664380757913555119e-09 4.401101867074585974e-14 9.835394627596688807e-10 2.498424147569432156e-09 4.324650485698761163e-14
4.920189143094656856e+02 5.256070900216952625e-10 1.206876512331678049e-09 2.223631447167000691e-14 4.252933153252242234e-10 1.118485571094082685e-09 2.174495244003740977e-14
6.561177672614023777e+02 2.204094025930663158e-10 5.377694397436090436e-10 1.101444403981996145e-14 1.780659313943608084e-10 4.902796348443797342e-10 1.087144321685777376e-14
8.749471046662279150e+02 8.937514720315375139e-11 2.355275786813642812e-10 5.387101026886983808e-15 7.203849594318455857e-11 2.100760936998889933e-10 5.335440393430064745e-15
1.166760716081661940e+03 3.503948214830424994e-11 1.014842072848974950e-10 2.595999709383119087e-15 2.815665214451210982e-11 8.803433284736138815e-11 2.621728104136557080e-15
1.555900421101123356e+03 1.329988181575685514e-11 4.309678994599927811e-11 1.247975784927205086e-15 1.064832957133136622e-11 3.614156725738275729e-11 1.295999416553554527e-15
2.074826557850288737e+03 4.899570605818351913e-12 1.806559574376629345e-11 6.037400573374309672e-16 3.908418269128892373e-12 1.457952684234921222e-11 6.362464178676319491e-16
2.766825682915017296e+03 1.758070690017232574e-12 7.500873601524626533e-12 2.919771464845997238e-16 1.398050484529867014e-12 5.794968798197886878e-12 3.059548211515511366e-16
3.689621347227101069e+03 6.177658205840330044e-13 3.094292032627951126e-12 1.405707440752119004e-16 4.898790433404668188e-13 2.278556834816257061e-12 1.448860873804380600e-16
4.920189143094656174e+03 2.140998027787536804e-13 1.272046579865173500e-12 6.805180643523309386e-17 1.692409190931247256e-13 8.911324727735533885e-13 6.905976608744480709e-17
6.561177672614025141e+03 7.375551634678190871e-14 5.225602678554136596e-13 3.333726864990654424e-17 5.807003261514134511e-14 3.485475405964485951e-13 3.308618673909398445e-17
8.749471046662278241e+03 2.546101438491388710e-14 2.149629533678764526e-13 1.620122133636522429e-17 1.992899130924171238e-14 1.368012532620995058e-13 1.596055491159306097e-17
1.166760716081662031e+04 8.869895183851398115e-15 8.874826870154061360e-14 7.799355266349247961e-18 6.879748804514000978e-15 5.395138116036693752e-14 7.681056473098462966e-18
1.555900421101123356e+04 3.130519616300604348e-15 3.679743488852392565e-14 3.725064145586567458e-18 2.396006494579337454e-15 2.138315589204598107e-14 3.684663136608659665e-18
2.074826557850289100e+04 1.119679631378654684e-15 1.527599401285124862e-14 1.773201782010828298e-18 8.416499098077095296e-16 8.492605517161263305e-15 1.761738778289888645e-18
2.766825682915017387e+04 4.045895351489466696e-16 6.320851433570004117e-15 8.360498241947033251e-19 2.972893595688520775e-16 3.359905104568694535e-15 8.344220367103231487e-19
3.689621347227100341e+04 1.468205929701284646e-16 2.599191613200075442e-15 3.909812010138097350e-19 1.050679312319256334e-16 1.316877679669019243e-15 3.896693307692329705e-19
4.920189143094656174e+04 5.315488948851302841e-17 1.054306841375906287e-15 1.803098473354887555e-19 3.694831702959653761e-17 5.071311975819787213e-16 1.805553364784149332e-19
6.561177672614024777e+04 1.908129721159022897e-17 4.192265123328282920e-16 8.113953621821957647e-20 1.287116425001395822e-17 1.905280940132698629e-16 8.202829311410604974e-20
8.749471046662278241e+04 6.750189438276480029e-18 1.626118947063993301e-16 3.570131359659191670e-20 4.420546453954624338e-18 6.955015375222916120e-17 3.615753712500844461e-20
1.166760716081661958e+05 2.344716803547111187e-18 6.119126202773022236e-17 1.540965341433501063e-20 1.492508086492041908e-18 2.455542291270564511e-17 1.547530250661142103e-20
1.555900421101123211e+05 7.976886821985297501e-19 2.229445886760088389e-17 6.537786397428054232e-21 4.938306282852644894e-19 8.349219739958998817e-18 6.408425577363599722e-21
2.074826557850289100e+05 2.649483989091092865e-19 7.874413119994647715e-18 2.671868354300924589e-21 1.597187350335699465e-19 2.728375298829338912e-18 2.612869029960424979e-21
2.766825682915017242e+05 8.575175449086783849e-20 2.686254186106877837e-18 1.034602876726198337e-21 5.048069366335777051e-20 8.545164684664898803e-19 1.041252896205592686e-21
3.689621347227101214e+05 2.706642019188907105e-20 8.822714422652909990e-19 3.823263286447343039e-22 1.559016141589353363e-20 2.562130500292518487e-19 3.952328307490418359e-22
4.920189143094656756e+05 8.304081961029382517e-21 2.808650709531125965e-19 1.413397103830260552e-22 4.693347180621177258e-21 7.394412202391827364e-20 1.417249588945334244e-22
6.561177672614024486e+05 2.457657988402208783e-21 8.651867094460017137e-20 4.978688431825007722e-23 1.369467470262852269e-21 2.045097085254326167e-20 4.945572583651109279e-23
8.749471046662279405e+05 6.983825185932044343e-22 2.560448226302675445e-20 1.632461963111187160e-23 3.877882786690426459e-22 5.396384828552650136e-21 1.663239419524679526e-23
1.166760716081662104e+06 1.910003559550169158e-22 7.216648514903087060e-21 5.364536903892118308e-24 1.068308074472384042e-22 1.367656045124614278e-21 5.337091330015025114e-24
1.555900421101123560e+06 5.023763048773472961e-23 1.934328496354839306e-21 1.698055366122977043e-24 2.857623584888338077e-23 3.327616591356573233e-22 1.646471443926921872e-24
2.074826557850289159e+06 1.279033050474857453e-23 4.932852378699262100e-22 4.965016751279135971e-25 7.439205187997318394e-24 7.783130792755161126e-23 4.911466652082496755e-25
2.766825682915017474e+06 3.181986946421657450e-24 1.196711919557938549e-22 1.444501405581666628e-25 1.899780789573032632e-24 1.760429788431922140e-23 1.450198633821710029e-25
3.689621347227101214e+06 7.784870296633998434e-25 2.777211919329122457e-23 4.195702621019358418e-26 4.850469051376941385e-25 3.889969676990438884e-24 4.132417938291712731e-26
4.920189143094656989e+06 1.896237027615068064e-25 6.201007559106726902e-24 1.126256626976027950e-26 1.225577228903809135e-25 8.477520366584470747e-25 1.180461844589038510e-26
6.561177672614024952e+06 4.648489511613957390e-26 1.344650234619918209e-24 3.082718384699342292e-27 3.075878210078250850e-26 1.825146427679933024e-25 3.318660492854010409e-27
8.749471046662278473e+06 1.141287454226144110e-26 2.860418094227715081e-25 9.081667339476172833e-28 7.888739760197023535e-27 3.924019103789494123e-26 8.719342463012025268e-28
1.166760716081662104e+07 2.822223956803345503e-27 5.987233547917060064e-26 2.523163041992876874e-28 2.049301453919437460e-27 8.473550998377439322e-27 2.397886081121365770e-28
1.555900421101123467e+07 6.986436853481585388e-28 1.245710165639859250e-26 6.980783294891085139e-29 5.308277338255382599e-28 1.856163692115554057e-27 6.691598688518903407e-29
2.074826557850288972e+07 1.775795480993932785e-28 2.587247739129054125e-27 1.899290290357538341e-29 1.380703294320421565e-28 4.079868477663754677e-28 1.738826449664641872e-29
2.766825682915017009e+07 4.582187215168937936e-29 5.377893982270830706e-28 4.999300465329262861e-30 3.584766046059152421e-29 9.074507462240469043e-29 4.624741041324977924e-30
3.689621347227101028e+07 1.210365159439778275e-29 1.122009851821367849e-28 1.372923962811759105e-30 9.384114347138361848e-30 2.051059560954290081e-29 1.228960647573777325e-30
4.920189143094656616e+07 3.168473473047451839e-30 2.367336451571883880e-29 3.703362849207333858e-31 2.478111175740637967e-30 4.725158447376485724e-30 3.280918164118798784e-31
6.561177672614024580e+07 8.326108294323179104e-31 4.982101022866083258e-30 9.790016710053922506e-32 6.539105943520431733e-31 1.108471455623603400e-30 8.925309037278543393e-32
8.749471046662279963e+07 2.212773967451331043e-31 1.063812517269250236e-30 2.592145437573765448e-32 1.772397397652699344e-31 2.695213865203756721e-31 2.517108422722312064e-32
1.166760716081662029e+08 5.915571510828715770e-32 2.319722383971148199e-31 7.170115964341925471e-33 4.872900651847611823e-32 6.707672867462836426e-32 7.208727315724917724e-33
1.555900421101123393e+08 1.552971299890550903e-32 5.084637680577017208e-32 1.886447176042749191e-33 1.317999331400235288e-32 1.686888752411019564e-32 1.967317649349963300e-33
2.074826557850289047e+08 4.104083953263197504e-33 1.129537955063154537e-32 4.999494447358093481e-34 3.611889309811038745e-33 4.316642597570871122e-33 5.312775950754943926e-34
2.766825682915017605e+08 1.075551861907608832e-33 2.531171528335713014e-33 1.374986998120794127e-34 9.293537848028174125e-34 1.069504585785226911e-33 1.379532981276154447e-34
3.689621347227101326e+08 2.827915518625105551e-34 5.783522180835265553e-34 3.734780740525299206e-35 2.409536499784335661e-34 2.683372592613495173e-34 3.508015895023872600e-35
4.920189143094656467e+08 7.571123424192153361e-35 1.355051806241218841e-34 9.765879648930892641e-36 6.099786133476399439e-35 6.656374456975275966e-35 9.503980846296899487e-36
6.561177672614024878e+08 1.990800868776420028e-35 3.199804804749076101e-35 2.503215120375220770e-36 1.575561322597777352e-35 1.682845180250111927e-35 2.482986463700603050e-36
8.749471046662279367e+08 5.254677275968077441e-36 7.681238182782552353e-36 6.633431819746369725e-37 4.041034445500314564e-36 4.245920691414187975e-36 6.108469241896690976e-37
1.166760716081662178e+09 1.327302654243722839e-36 1.806717438581707436e-36 1.661537335982012537e-37 9.876278566128393344e-37 1.032785666890249767e-36 1.469253656203122829e-37
1.555900421101123333e+09 3.224370325151619234e-37 4.186202877792865648e-37 3.852297067547157292e-38 2.351745024141425760e-37 2.443428079339739083e-37 3.556036085737794691e-38
2.074826557850289106e+09 7.926448458089357046e-38 9.867187462251120361e-38 8.714661422804810101e-39 5.617952685672231948e-38 5.803099460868089204e-38 8.207749270339590910e-39
2.766825682915017128e+09 1.860050289465244368e-38 2.247635750652665290e-38 1.837771912953492038e-39 1.325500788809180375e-38 1.362941965834576287e-38 1.778008892990877422e-39
3.689621347227100849e+09 4.415491414211922066e-39 5.195486784520073631e-39 3.646433758594455199e-40 2.978994991347370856e-39 3.042758392868956349e-39 3.561398350903682629e-40
4.920189143094656944e+09 9.892019153360740501e-40 1.139562719557422554e-39 7.187474814034361122e-41 6.339356696392073459e-40 6.481165089242323413e-40 6.942727845056898746e-41
6.561177672614025116e+09 2.231377625742688116e-40 2.537977226130937498e-40 1.388210710823029479e-41 1.334526043593920112e-40 1.371268170280011129e-40 1.404304661025823823e-41
8.749471046662279129e+09 4.673020304361441059e-41 5.290423010103014172e-41 2.393339136989880537e-42 2.765744772640395974e-41 2.849424978006672210e-41 2.561983217134696698e-42
1.166760716081661987e+10 9.402286884790045629e-42 1.063913831557876987e-41 3.693365185989884507e-43 5.109618226234657151e-42 5.256354628491557621e-42 4.050713687182053763e-43
1.555900421101123428e+10 1.789272164494795921e-42 2.031061656949802730e-42 5.355500013750034022e-44 8.612318532590356701e-43 8.945420233385656298e-43 6.077867934636226528e-44
2.074826557850289154e+10 3.053826668829558403e-43 3.544974982729393961e-43 6.496551949273555329e-45 1.209319919124063193e-43 1.278035389439326500e-43 7.949298205907176262e-45
2.766825682915017319e+10 4.871078197012026007e-44 5.773811231968886436e-44 5.723928212579014811e-46 1.351940491832323163e-44 1.463471505221799274e-44 7.345976738848139723e-46
3.689621347227101135e+10 6.159668108605865989e-45 7.676040014586319845e-45 3.031991379071227725e-47 1.122702678094212619e-45 1.202556784920806808e-45 4.279319696223995238e-47
4.920189143094656372e+10 5.424045444577456731e-46 7.763978071654145976e-46 1.161789656437167280e-48 2.696929553331114070e-47 3.738272371402128379e-47 1.059681402926066421e-48
6.561177672614024353e+10 1.907577621290869353e-47 4.633400132759252080e-47 5.743125928489544838e-51 2.430874769626307368e-49 6.905509743811674869e-49 3.067202010403830289e-50
8.749471046662280273e+10 4.898548737353890984e-51 1.185617679445372352e-48 5.811130456989985169e-53 2.578824449763429141e-51 1.063529051176072217e-50 3.896026019814879756e-52
