1.166760716081661986e+00 6.509210641469591720e-04 1.215061914154225760e-03 2.066818998386501906e-10 5.646112137945281072e-04 1.216434407244394202e-03 2.286964070578924546e-10
1.555900421101123365e+00 4.391751366000273328e-04 8.289051048110552405e-04 2.074493371204586066e-10 3.795139133498491449e-04 8.282445987566285951e-04 2.246088592088666534e-10
2.074826557850288911e+00 2.890215788101115307e-04 5.483678960843183089e-04 1.940641504517370372e-10 2.480357097371716142e-04 5.484033179264385808e-04 2.032493581648902611e-10
2.766825682915017293e+00 1.842327649047659308e-04 3.505622107713932947e-04 1.604131122920724902e-10 1.567304301511699175e-04 3.510695976389052383e-04 1.626993297770129467e-10
3.689621347227101111e+00 1.133083438022571780e-04 2.159524682642366530e-04 1.299524184564122197e-10 9.538754821213653431e-05 2.165030377645870547e-04 1.273340082244997665e-10
4.920189143094656714e+00 6.714692406514543080e-05 1.278491734710063060e-04 1.049140679969289227e-10 5.580631381891826715e-05 1.283683994975546542e-04 1.003734699087945338e-10
6.561177672614024736e+00 3.826585508716500209e-05 7.259888398730020124e-05 8.151157944264335653e-11 3.133272703056594918e-05 7.305152433950995070e-05 7.752992123458106986e-11
8.749471046662279150e+00 2.091451315941916973e-05 3.943580108194435477e-05 5.955871806007257890e-11 1.685774277497157297e-05 3.982063098308943547e-05 5.618186101983112048e-11
1.166760716081661897e+01 1.093904239499756515e-05 2.046686054766149780e-05 4.020877473759304817e-11 8.692856938456414059e-06 2.077491740841774518e-05 3.798975055395843655e-11
1.555900421101123499e+01 5.479853379239870638e-06 1.020926268170371525e-05 2.659225463387936438e-11 4.311550790477288605e-06 1.039960334067168714e-05 2.536038230518326027e-11
2.074826557850288822e+01 2.647909091868329192e-06 4.960943675284302739e-06 1.732507570898707569e-11 2.074917928905475311e-06 5.036499612504592611e-06 1.672393520220099350e-11
2.766825682915017381e+01 1.251080787153524351e-06 2.377259063230865536e-06 1.102234989383655985e-11 9.812616051999029375e-07 2.388914527311335833e-06 1.070361156391766757e-11
3.689621347227100756e+01 5.858640992690087432e-07 1.132841008451367210e-06 6.651764966169703544e-12 4.613833181631278899e-07 1.122668951940485656e-06 6.513881702404498809e-12
4.920189143094656714e+01 2.739080515456118456e-07 5.371563990076296896e-07 3.765372778629180344e-12 2.168898056167914582e-07 5.264124625649580031e-07 3.725674809846361144e-12
6.561177672614024914e+01 1.279611637344242571e-07 2.538689417455910699e-07 2.086513448219907458e-12 1.018900406762633567e-07 2.467943682499932687e-07 2.090878718354152011e-12
8.749471046662279150e+01 5.958610559031684069e-08 1.198184399222417692e-07 1.139636617268772207e-12 4.769519538582398117e-08 1.155708582300979269e-07 1.148892734413823597e-12
1.166760716081661968e+02 2.757149236074310396e-08 5.633234040362473234e-08 6.128898037023816743e-13 2.216867272657987213e-08 5.395584983716718233e-08 6.176402327741290631e-13
1.555900421101123356e+02 1.262264023718147511e-08 2.632874420996882165e-08 3.229425554410585550e-13 1.018553656345750530e-08 2.504444253078107099e-08 3.256269810328132602e-13
2.074826557850288964e+02 5.686983250182310134e-09 1.219879718611140139e-08 1.664270655219562129e-13 4.599997830345075234e-09 1.151607179820271528e-08 1.688483383395978457e-13
2.766825682915017524e+02 2.507264217479364020e-09 5.585328423770141351e-09 8.631437020286931032e-14 2.030225793367079206e-09 5.224509645348524026e-09 8.625605412961381661e-14
3.689621347227101182e+02 1.076308053639164124e-09 2.522256978312614130e-09 4.443690826128679860e-14 8.714829642673418822e-10 2.329374873843176017e-09 4.367062966773427183e-14
4.920189143094656856e+02 4.483910031540253011e-10 1.121857455205939256e-09 2.246123095202979962e-14 3.626767935121117421e-10 1.017970955539322137e-09 2.196847221990185997e-14
6.561177672614023777e+02 1.809848919875567073e-10 4.911960864462220612e-10 1.113095253511385658e-14 1.460895730353889729e-10 4.356669328788219822e-10 1.098778398821267519e-14
8.749471046662279150e+02 7.075730951680483093e-11 2.118147747827915867e-10 5.445607067738294257e-15 5.694592318267297661e-11 1.825840322863590251e-10 5.394206963928821059e-15
1.166760716081661940e+03 2.682241079263951413e-11 9.009909892185144711e-11 2.624601979008458373e-15 2.150289540749917840e-11 7.503474620254344282e-11 2.650784806713927694e-15
1.555900421101123356e+03 9.879897576101472322e-12 3.787959857116183133e-11 1.261570813298723795e-15 7.883271712119714186e-12 3.029875301492242108e-11 1.309943692091024005e-15
2.074826557850288737e+03 3.547609473562085613e-12 1.576174066108595597e-11 6.100835195176145173e-16 2.816691659638107690e-12 1.205916043994191182e-11 6.427522399581867558e-16
2.766825682915017296e+03 1.247411986933380442e-12 6.513280676431128964e-12 2.948940430804007698e-16 9.857334187936986389e-13 4.744844488486076809e-12 3.089260927299935666e-16
3.689621347227101069e+03 4.323366950719354551e-13 2.681328213865350483e-12 1.418554005865832050e-16 3.400140718483731652e-13 1.853726214448643504e-12 1.462241642353929951e-16
4.920189143094656174e+03 1.489141231180785832e-13 1.102683096002630379e-12 6.860958266463188951e-17 1.164791836283279901e-13 7.232658679122470307e-13 6.965064199960955628e-17
6.561177672614025141e+03 5.138974235331375843e-14 4.538862814827535708e-13 3.357474941167003060e-17 3.993308201025850545e-14 2.833302496511726328e-13 3.334178059966081056e-17
8.749471046662278241e+03 1.789688046392903035e-14 1.871436548239598480e-13 1.629933434936060385e-17 1.378634401696133537e-14 1.116910434557708473e-13 1.606906365170243446e-17
1.166760716081662031e+04 6.320856488515868416e-15 7.735378494711723874e-14 7.838935960166912412e-18 4.811837471414175336e-15 4.428366398216394160e-14 7.726257661432837887e-18
1.555900421101123356e+04 2.266059612687162433e-15 3.202974471980643762e-14 3.740889795007096796e-18 1.698867049361168283e-15 1.762925950460910337e-14 3.703237179497120818e-18
2.074826557850289100e+04 8.225428938594191709e-16 1.323022446910154090e-14 1.779479113637503313e-18 6.051799645093765497e-16 7.014346487920475010e-15 1.769233178810043918e-18
2.766825682915017387e+04 3.008160452446719124e-16 5.423988671179476673e-15 8.385071597338226967e-19 2.164983118774753971e-16 2.769592078618425422e-15 8.373895603374690422e-19
3.689621347227100341e+04 1.101013169243645132e-16 2.201450020062233536e-15 3.919230095700917350e-19 7.734005756988860678e-17 1.078907431522969817e-15 3.908243795114656797e-19
4.920189143094656174e+04 4.007795203782022048e-17 8.786878081691553906e-16 1.806581185186359479e-19 2.743878986153021706e-17 4.114833508342966517e-16 1.809949036098543646e-19
6.561177672614024777e+04 1.443387696976558574e-17 3.431885325314323889e-16 8.126872069818330538e-20 9.632864484706130400e-18 1.527022727151353667e-16 8.219709845717716825e-20
8.749471046662278241e+04 5.116992745419311868e-18 1.307287604295855534e-16 3.574928692369736108e-20 3.333630462383145645e-18 5.500516187055974983e-17 3.622162152205108976e-20
1.166760716081661958e+05 1.781065959020095133e-18 4.836108462170341721e-17 1.542726212884932587e-20 1.134993609958547378e-18 1.916994877902205601e-17 1.549867842146880250e-20
1.555900421101123211e+05 6.076637149453775812e-19 1.735616882382780615e-17 6.544071464632979261e-21 3.791728160973368892e-19 6.442316779845604697e-18 6.416996897087751510e-21
2.074826557850289100e+05 2.026726280152730106e-19 6.054000323034642902e-18 2.674129184329965949e-21 1.239959967337349782e-19 2.084809580063093965e-18 2.615949999540774660e-21
2.766825682915017242e+05 6.596549594485294840e-20 2.045026675046047460e-18 1.035423956963398556e-21 3.968688156911947127e-20 6.480272161919415126e-19 1.042338406498589649e-21
3.689621347227101214e+05 2.096666487257483916e-20 6.667077515028019367e-19 3.826207547184619436e-22 1.242810003087368696e-20 1.932640928765263643e-19 3.956140645292126812e-22
4.920189143094656756e+05 6.484291232895056417e-21 2.111195723625957010e-19 1.414418080993879259e-22 3.797088206438158260e-21 5.558964859261248590e-20 1.418550082768991051e-22
6.561177672614024486e+05 1.935919785097211884e-21 6.479522754210148381e-20 4.982270475219274466e-23 1.124871937695627537e-21 1.534819283661572582e-20 4.949740017431208392e-23
8.749471046662279405e+05 5.555022280151836245e-22 1.913034463731776040e-20 1.633687735282731128e-23 3.236265922338881099e-22 4.048721043058697833e-21 1.664572854796971268e-23
1.166760716081662104e+06 1.536361023235501660e-22 5.384868603783484232e-21 5.368387350161773010e-24 9.063219497597575073e-23 1.027136242580897463e-21 5.341287842117009912e-24
1.555900421101123560e+06 4.090053444498618730e-23 1.442625689575138460e-21 1.699229790562351834e-24 2.463222268506481670e-23 2.504371913893957754e-22 1.647693309402039306e-24
2.074826557850289159e+06 1.055508898451306927e-23 3.679561739376381747e-22 4.968381221535084834e-25 6.507612121353286471e-24 5.875217596936001479e-23 4.914669609433429424e-25
2.766825682915017474e+06 2.667587454625934050e-24 8.933418712998841371e-23 1.445319340275378324e-25 1.685988064098148103e-24 1.334274383688882953e-23 1.450951803410224055e-25
3.689621347227101214e+06 6.636220922932866656e-25 2.075749090271582343e-23 4.197563209094707698e-26 4.367324224422475699e-25 2.964634590547533987e-24 4.133953644702478329e-26
4.920189143094656989e+06 1.645502460184535417e-25 4.642882001540158074e-24 1.126653976748605122e-26 1.117748346015694634e-25 6.503191142579548418e-25 1.180718123794299963e-26
6.561177672614024952e+06 4.110924795961428381e-26 1.009148928659178592e-24 3.083080318809659099e-27 2.838854458245962895e-26 1.411009061103142791e-25 3.318724173998566851e-27
8.749471046662278473e+06 1.027484592351004113e-26 2.152798578807727351e-25 9.078928617811882251e-28 7.371711527937856280e-27 3.066161701287681375e-26 8.716958819891310967e-28
1.166760716081662104e+07 2.582254289742429266e-27 4.521591068476346830e-26 2.521324676500415158e-28 1.936431098804342513e-27 6.710094802771429271e-27 2.396264307540616415e-28
1.555900421101123467e+07 6.483848433258977231e-28 9.446170997036847408e-27 6.972136544810777045e-29 5.064679574611064699e-28 1.491085136154004127e-27 6.683679932734067094e-29
2.074826557850288972e+07 1.670586508681594692e-28 1.972132690675311699e-27 1.895777688268185904e-29 1.328138545856219910e-28 3.333729076960508224e-28 1.735687195452696569e-29
2.766825682915017009e+07 4.360723642980481944e-29 4.125361990062235743e-28 4.985863651551881640e-30 3.470219904507284619e-29 7.546769906535070588e-29 4.612506851204079727e-30
3.689621347227101028e+07 1.163046103810349767e-29 8.677270444359125290e-29 1.367761383091329313e-30 9.129347144545144008e-30 1.738408588802302494e-29 1.224350900183348753e-30
4.920189143094656616e+07 3.065740128054237879e-30 1.847196831747228598e-29 3.684325748420438299e-31 2.419444053527606660e-30 4.085761255977840089e-30 3.263688317387433273e-31
6.561177672614024580e+07 8.094107586487729469e-31 3.929622765532128799e-30 9.721175046289113947e-32 6.396684415322443857e-31 9.761608143661957854e-31 8.860862161994782667e-32
8.749471046662279963e+07 2.157366595924167807e-31 8.497278342864149744e-31 2.567312225833406229e-32 1.735004382643266178e-31 2.416251919108874504e-31 2.492471654402526992e-32
1.166760716081662029e+08 5.773965010533571184e-32 1.878612690792401144e-31 7.077973833199198670e-33 4.766294101173233905e-32 6.111854665743741658e-32 7.115027853336030523e-33
1.555900421101123393e+08 1.514494595102780387e-32 4.175593181722234931e-32 1.853938475821253116e-33 1.285618674653876853e-32 1.555627662376777664e-32 1.933230234381339235e-33
2.074826557850289047e+08 3.992239270031628008e-33 9.411494145773572693e-33 4.882786140247713980e-34 3.508658759630528267e-33 4.014261610574266581e-33 5.190417050762678757e-34
2.766825682915017605e+08 1.041509570034002599e-33 2.138756139647784980e-33 1.332592645658819029e-34 8.969005917576708994e-34 9.972317411662029200e-34 1.337430694910631773e-34
3.689621347227101326e+08 2.721414923820298027e-34 4.948149607628832649e-34 3.583347553281039038e-35 2.305801511937017882e-34 2.500755368976522827e-34 3.364185531812520839e-35
4.920189143094656467e+08 7.231525458122252387e-35 1.173038373085159854e-34 9.247214579606455111e-36 5.772893633393254001e-35 6.172867471466282270e-35 8.995816410791559319e-36
6.561177672614024878e+08 1.883426472009485934e-35 2.793242295623186607e-35 2.328750584020372491e-36 1.472296095714968797e-35 1.548958600509081818e-35 2.313115876164774712e-36
8.749471046662279367e+08 4.919515109883735548e-36 6.740496598912984310e-36 6.044414065327200734e-37 3.722263557147913940e-36 3.868358026783157566e-36 5.571236375712726038e-37
1.166760716081662178e+09 1.226985126242845289e-36 1.585081192751270822e-36 1.477304342122065758e-37 8.949206086774224738e-37 9.288196636443126861e-37 1.305002145261616397e-37
1.555900421101123333e+09 2.934951268532093422e-37 3.652300422143322647e-37 3.320343893678029508e-38 2.094134193812856887e-37 2.164497261060492964e-37 3.061289118034904989e-38
2.074826557850289106e+09 7.113200987739589322e-38 8.562656404089403106e-38 7.253717804651225655e-39 4.912754008540886612e-38 5.057684953048329361e-38 6.827320987173702851e-39
2.766825682915017128e+09 1.641247136789016163e-38 1.929744466916275506e-38 1.472157134694598550e-39 1.138298284992592930e-38 1.168203031750334106e-38 1.422779738767027913e-39
3.689621347227100849e+09 3.839363816126140666e-39 4.420304299807973833e-39 2.798828003507606711e-40 2.515844194926658672e-39 2.566252252656401706e-39 2.737067544719745536e-40
4.920189143094656944e+09 8.464932263935288168e-40 9.575417162869384576e-40 5.291680834362888275e-41 5.269282745300113095e-40 5.382640509539610343e-40 5.105576766831352507e-41
6.561177672614025116e+09 1.884180815430884190e-40 2.111565135125833238e-40 9.845291340494520633e-42 1.094120591798393208e-40 1.123848357625576706e-40 9.944444401507411707e-42
8.749471046662279129e+09 3.892606355225973281e-41 4.351170187670156120e-41 1.642173903120375496e-42 2.243729709973513450e-41 2.311418222210180928e-41 1.756162652610553186e-42
1.166760716081661987e+10 7.738512095795246217e-42 8.661590477635666610e-42 2.454900966150614256e-43 4.105742335589319936e-42 4.222151432463353449e-42 2.692680212640539967e-43
1.555900421101123428e+10 1.459733928923654600e-42 1.640465268939898683e-42 3.472419943772215403e-44 6.863371868775962434e-43 7.126993238288693088e-43 3.935980445311823945e-44
2.074826557850289154e+10 2.472211030399687484e-43 2.841891347594324562e-43 4.127052928475741175e-45 9.580109223975082435e-44 1.012074833549237135e-43 5.051320312529692750e-45
2.766825682915017319e+10 3.920905371237951995e-44 4.602190447906239643e-44 3.579418950123788375e-46 1.066205346032194122e-44 1.153327340624140102e-44 4.590533351787517797e-46
3.689621347227101135e+10 4.936110901735927958e-45 6.082052893907258471e-45 1.866040330039702328e-47 8.810740307183553705e-46 9.422944914135084974e-46 2.638621210524042155e-47
4.920189143094656372e+10 4.326924237023491118e-46 6.107511590174855951e-46 7.064454523268831350e-49 2.106455951648460868e-47 2.907770527151096633e-47 6.433040535913783866e-49
6.561177672614024353e+10 1.517685284344464272e-47 3.609716905445596721e-47 3.375698854231101414e-51 1.868470184410683365e-49 5.285931421956234144e-49 1.847129084644384250e-50
8.749471046662280273e+10 3.808652068132782461e-51 9.171841957807537050e-49 3.407889952116113775e-53 1.979088643140223557e-51 8.106021170025814378e-51 2.330442719922873302e-52
