1.166760716081661986e+00 6.510663415683986231e-04 1.215460195859302756e-03 2.070892448550121985e-10 5.647581205075757633e-04 1.216823103037619576e-03 2.291201701813569590e-10
1.555900421101123365e+00 4.392487417444641286e-04 8.291514326087194402e-04 2.078669815121838608e-10 3.795925592847007937e-04 8.284848227498661658e-04 2.250384345411333042e-10
2.074826557850288911e+00 2.890502107468447858e-04 5.485113768330645428e-04 1.944609592938031904e-10 2.480714452180560431e-04 5.485415898629686284e-04 2.036530353914943119e-10
2.766825682915017293e+00 1.842370515048878568e-04 3.506397338112609164e-04 1.607542923750001949e-10 1.567420638971304774e-04 3.511425843460645713e-04 1.630425455452647699e-10
3.689621347227101111e+00 1.133019175030975094e-04 2.159908025161581249e-04 1.302385484531618734e-10 9.538764697832752010e-05 2.165378180205819534e-04 1.276205533621595734e-10
4.920189143094656714e+00 6.713732535311919282e-05 1.278660349725528470e-04 1.051518880808723994e-10 5.580214021845467093e-05 1.283825848036446290e-04 1.006102572454336919e-10
6.561177672614024736e+00 3.825677053605972943e-05 7.260516064005784241e-05 8.170301145750930521e-11 3.132798364106021219e-05 7.305572494756540889e-05 7.772023730588202529e-11
8.749471046662279150e+00 2.090742273531003939e-05 3.943765853477808185e-05 5.970642386428121689e-11 1.685397868111393268e-05 3.982079959793995849e-05 5.632899644315309161e-11
1.166760716081661897e+01 1.093418919913570035e-05 2.046735056954123675e-05 4.031788255415370372e-11 8.690399897565665325e-06 2.077402390350236133e-05 3.809822545652463055e-11
1.555900421101123499e+01 5.476836434770231246e-06 1.020952546302666034e-05 2.667086475632778954e-11 4.310131413351588083e-06 1.039882110839953971e-05 2.543808378304947665e-11
2.074826557850288822e+01 2.646072556931149603e-06 4.961147502878510779e-06 1.738050631136758178e-11 2.074083906363967128e-06 5.036006108051597295e-06 1.677849069025065899e-11
2.766825682915017381e+01 1.249818221344646704e-06 2.377276347430326142e-06 1.106035963978819618e-11 9.806282908090398183e-07 2.388496500437488378e-06 1.074099578208536776e-11
3.689621347227100756e+01 5.847952172457208793e-07 1.132596629835350793e-06 6.676946911900426911e-12 4.607377872414924824e-07 1.122138720198364823e-06 6.538706400228447712e-12
4.920189143094656714e+01 2.728835805072247250e-07 5.366857093742576122e-07 3.781477125805848516e-12 2.161789499094098498e-07 5.257256477685515020e-07 3.741634050752317937e-12
6.561177672614024914e+01 1.269780343333111488e-07 2.532577052732368599e-07 2.096494000833947472e-12 1.011547014924279993e-07 2.460010671593583552e-07 2.100803320218586670e-12
8.749471046662279150e+01 5.870298550961044903e-08 1.191702733732524123e-07 1.145670010445305079e-12 4.700892546760185865e-08 1.147654313018612316e-07 1.154895183710014040e-12
1.166760716081661968e+02 2.684996384745147120e-08 5.573951640196928496e-08 6.164355220079045454e-13 2.159666755495109005e-08 5.323305505083556769e-08 6.211790706704447428e-13
1.555900421101123356e+02 1.209279175279890965e-08 2.585230093664543168e-08 3.249953412861315916e-13 9.760811204930864881e-09 2.446956202629977025e-08 3.276701000301608544e-13
2.074826557850288964e+02 5.337758485569552475e-09 1.185893195895856571e-08 1.675855952059402677e-13 4.318269858715553134e-09 1.110904995031640878e-08 1.699939302198060341e-13
2.766825682915017524e+02 2.299522756103405073e-09 5.367798295056301187e-09 8.694741296714700090e-14 1.862017810587672443e-09 4.965840114747456468e-09 8.688388532474394983e-14
3.689621347227101182e+02 9.636847605017094775e-10 2.395607750250280316e-09 4.477243747495347171e-14 7.800980627009246806e-10 2.180023956574834866e-09 4.400470871377614594e-14
4.920189143094656856e+02 3.921166021634130216e-10 1.053756388176853952e-09 2.263463894370725964e-14 3.169663222595006993e-10 9.385158619243665689e-10 2.214084918619963832e-14
6.561177672614023777e+02 1.547840397626444137e-10 4.568630546815955113e-10 1.121890473995715861e-14 1.248036169748633370e-10 3.961568299472719381e-10 1.107558445070000203e-14
8.749471046662279150e+02 5.928228041928642597e-11 1.953638434868633219e-10 5.488761950384796998e-15 4.762854039618289626e-11 1.639839100277900703e-10 5.437626563623905313e-15
1.166760716081661940e+03 2.205826771619970319e-11 8.252522788316811504e-11 2.645199198525170714e-15 1.763926848000288382e-11 6.665713131911606709e-11 2.671783072478098498e-15
1.555900421101123356e+03 7.993647326665945836e-12 3.450584804460511322e-11 1.271135149834774729e-15 6.356275314931716498e-12 2.666178612760191057e-11 1.319809982520655185e-15
2.074826557850288737e+03 2.832132720165146614e-12 1.430117156688246976e-11 6.144542197924400313e-16 2.238381843870970777e-12 1.052954466596989327e-11 6.472688510561487468e-16
2.766825682915017296e+03 9.862640030043250000e-13 5.896257483617195145e-12 2.968680892398002641e-16 7.747472215755179237e-13 4.119820468346649463e-12 3.109524618329257137e-16
3.689621347227101069e+03 3.400696064023979394e-13 2.425889161324911783e-12 1.427115812969815647e-16 2.654204043298801704e-13 1.604635515763409019e-12 1.471243087700852868e-16
4.920189143094656174e+03 1.170989673590444913e-13 9.982940424421386873e-13 6.897638553635926093e-17 9.072941178966674938e-14 6.257852969821934121e-13 7.004389558256578045e-17
6.561177672614025141e+03 4.057529917835213879e-14 4.113099787534972000e-13 3.372916585968615399e-17 3.117085009525434811e-14 2.455406063679810055e-13 3.351051968992832964e-17
8.749471046662278241e+03 1.423121823441547504e-14 1.696006417662528673e-13 1.636264703768534882e-17 1.081746612725532428e-14 9.703591326706873928e-14 1.614034041496863352e-17
1.166760716081662031e+04 5.068007310914297461e-15 6.997365745182506445e-14 7.864313507595548162e-18 3.801604989715580909e-15 3.854548921381743681e-14 7.755815843971475678e-18
1.555900421101123356e+04 1.830859577432651800e-15 2.884434805672865986e-14 3.751000340044786666e-18 1.351779027403024368e-15 1.534650829323174982e-14 3.715352409219755532e-18
2.074826557850289100e+04 6.684467142163962069e-16 1.182587419570395960e-14 1.783484389929283830e-18 4.846236640722669411e-16 6.091147571149252827e-15 1.774113267008149018e-18
2.766825682915017387e+04 2.453495084390122689e-16 4.798508175883048808e-15 8.400781471977314470e-19 1.742882956177162543e-16 2.392490500163984323e-15 8.393158840969031082e-19
3.689621347227100341e+04 8.995425997803749311e-17 1.923662650233886707e-15 3.925292388963855383e-19 6.253045304719713352e-17 9.248352783766754403e-16 3.915743229026202826e-19
4.920189143094656174e+04 3.276040992069358367e-17 7.574914051625717607e-16 1.808852408593895250e-19 2.226885501608332292e-17 3.494218851976548406e-16 1.812809630261970631e-19
6.561177672614024777e+04 1.179960627314679560e-17 2.918236222724457901e-16 8.135479598033157081e-20 7.849048939121973401e-18 1.283527349039993066e-16 8.230790966203208144e-20
8.749471046662278241e+04 4.184557678084084410e-18 1.097391254346201243e-16 3.578222394634122979e-20 2.729353238513694488e-18 4.577584722540913322e-17 3.626423562966814721e-20
1.166760716081661958e+05 1.458143852723234720e-18 4.013349159029912998e-17 1.543973881333923601e-20 9.349319929565715403e-19 1.581092240034418654e-17 1.551453296061707820e-20
1.555900421101123211e+05 4.986276151489585488e-19 1.426461157728141815e-17 6.548677980189034995e-21 3.146880384120815117e-19 5.273286953089105608e-18 6.422962914186329229e-21
2.074826557850289100e+05 1.669106013289470176e-19 4.937226060696806002e-18 2.675838182853395017e-21 1.038153778006636928e-19 1.696304091924984984e-18 2.618145261989302841e-21
2.766825682915017242e+05 5.459484032464443186e-20 1.657939839705756086e-18 1.036062467156464662e-21 3.356172687399462412e-20 5.249540944833444549e-19 1.043126888954253779e-21
3.689621347227101214e+05 1.745737151491018965e-20 5.381667828057745337e-19 3.828536118712389785e-22 1.062508207422732955e-20 1.561103257017085616e-19 3.958957932849904789e-22
4.920189143094656756e+05 5.435648785753660709e-21 1.698987743770439466e-19 1.415227692496656684e-22 3.283325274610356349e-21 4.483273491690222996e-20 1.419516277792065370e-22
6.561177672614024486e+05 1.634586278914215942e-21 5.203678047375746478e-20 4.985097009760445299e-23 9.837916637095224642e-22 1.237214469554554427e-20 4.952823443045682210e-23
8.749471046662279405e+05 4.727309253868835858e-22 1.534392466553873474e-20 1.634640709941222156e-23 2.863446680448916515e-22 3.265164257438820905e-21 1.665547589402192126e-23
1.166760716081662104e+06 1.319077166440480378e-22 4.316301280432175680e-21 5.371302899490719748e-24 8.113779105878552453e-23 8.294588558491440952e-22 5.344322379400139735e-24
1.555900421101123560e+06 3.544590140790499858e-23 1.156178031081670464e-21 1.700085769009115724e-24 2.229771251134518355e-23 2.026646329915382812e-22 1.648556057099418958e-24
2.074826557850289159e+06 9.242645612659363169e-24 2.949747726736788532e-22 4.970693910276494942e-25 5.950440238251589152e-24 4.767559514755075689e-23 4.916790209021462612e-25
2.766825682915017474e+06 2.363979073167519044e-24 7.166369866246505253e-23 1.445822042318953259e-25 1.556835376947565790e-24 1.086608848461910356e-23 1.451394126209342471e-25
3.689621347227101214e+06 5.954943806497056185e-25 1.666859599439597707e-23 4.198475794386656351e-26 4.073039463020477827e-25 2.426156849905990540e-24 4.134626134626227323e-26
4.920189143094656989e+06 1.496184422484175148e-25 3.733619706556045882e-24 1.126765439960885749e-26 1.051715080427601196e-25 5.352693746360817360e-25 1.180723856336285530e-26
6.561177672614024952e+06 3.789776241104944094e-26 8.130913588786555525e-25 3.082658346300252372e-27 2.693279697437900921e-26 1.169341503436273223e-25 3.318077848496468127e-27
8.749471046662278473e+06 9.593317184655210099e-27 1.738648349427328937e-25 9.074339589141314641e-28 7.053795787442527449e-27 2.564929043106161286e-26 8.712750966925275423e-28
1.166760716081662104e+07 2.438202974461003708e-27 3.662353461515788334e-26 2.519057137845863746e-28 1.866943920843231920e-27 5.678342173034194417e-27 2.394186664917868865e-28
1.555900421101123467e+07 6.181030398013380424e-28 7.677868199471608772e-27 6.962511653801417744e-29 4.914065656647139951e-28 1.277152398417250298e-27 6.674725824033622996e-29
2.074826557850288972e+07 1.606760831160142899e-28 1.610201787550916874e-27 1.892046512435615183e-29 1.295311448180615088e-28 2.895606644942411942e-28 1.732310050233631769e-29
2.766825682915017009e+07 4.224714703663964244e-29 3.386927891887260497e-28 4.971978419630545604e-30 3.397325970206415553e-29 6.647117145820271518e-29 4.599747745620904202e-30
3.689621347227101028e+07 1.133373815286868620e-29 7.174954014962611491e-29 1.362517862731664380e-30 8.961986632275814521e-30 1.553488982770465256e-29 1.219643777912883760e-30
4.920189143094656616e+07 2.999214886969135568e-30 1.539157037197320114e-29 3.665179643777633949e-31 2.379058068185244225e-30 3.704918717121519804e-30 3.246348614229261524e-31
6.561177672614024580e+07 7.936691372309451107e-31 3.304488773528186233e-30 9.652523315034814338e-32 6.292629113910643689e-31 8.964690677682168244e-31 8.796576088414166930e-32
8.749471046662279963e+07 2.117470209399859364e-31 7.220791360791543490e-31 2.542722904333281681e-32 1.705752781307435612e-31 2.245141808452807928e-31 2.468076493166026530e-32
1.166760716081662029e+08 5.665160560935955379e-32 1.614214729692378904e-31 6.987394439240027200e-33 4.677635258107785235e-32 5.735944627773935490e-32 7.022924347974954638e-33
1.555900421101123393e+08 1.483196542047835377e-32 3.626731466506160317e-32 1.822244267879396877e-33 1.257484721250320869e-32 1.469486356295953897e-32 1.899991209640981308e-33
2.074826557850289047e+08 3.897208721439178423e-33 8.261956814795847115e-33 4.770188724656941237e-34 3.416664646132393417e-33 3.805866389062413829e-33 5.072286151146140975e-34
2.766825682915017605e+08 1.011856864085388883e-33 1.895705709416635056e-33 1.292209692392985439e-34 8.678002643474482541e-34 9.449611796535552482e-34 1.297292337726750134e-34
3.689621347227101326e+08 2.627880909003315344e-34 4.420508184421231984e-34 3.441402143897181378e-35 2.213309156016621548e-34 2.362716680034385863e-34 3.229329840426230750e-35
4.920189143094656467e+08 6.934550909407472874e-35 1.055188664514255855e-34 8.770995338177117804e-36 5.486094857553161529e-35 5.796421983966165915e-35 8.528702193767675300e-36
6.561177672614024878e+08 1.790876377819728239e-35 2.522633702562065422e-35 2.172763033455719375e-36 1.383730876675392149e-35 1.443107425581680747e-35 2.160742603528470441e-36
8.749471046662279367e+08 4.636382058899345761e-36 6.097483718195594232e-36 5.533710537117954275e-37 3.456259695543276508e-36 3.569704209453825392e-36 5.104425925658608770e-37
1.166760716081662178e+09 1.144345886419550417e-36 1.430496102952459288e-36 1.323390190006891778e-37 8.199546608624840988e-37 8.475896508400752493e-37 1.167812334858186870e-37
1.555900421101123333e+09 2.703094253061979054e-37 3.275673826288603522e-37 2.895874636843004461e-38 1.892691325015332723e-37 1.951086389103988149e-37 2.666522121113846638e-38
2.074826557850289106e+09 6.478587995554646532e-38 7.637242541938651498e-38 6.146217228914773207e-39 4.379832244801675089e-38 4.501723012652456920e-38 5.780396666309972380e-39
2.766825682915017128e+09 1.475350282667092544e-38 1.705334901119754195e-38 1.210261359804418858e-39 1.001468953722477516e-38 1.026923251399286159e-38 1.168149831865898498e-39
3.689621347227100849e+09 3.413503248381273311e-39 3.877168638772664143e-39 2.228158926487723750e-40 2.187521365453711286e-39 2.229976299741081705e-39 2.180116500999049506e-40
4.920189143094656944e+09 7.437922395006701533e-40 8.318699864372760570e-40 4.089286504693701793e-41 4.532432858739317692e-40 4.628083892963712130e-40 3.940051855841273686e-41
6.561177672614025116e+09 1.639912002111250863e-40 1.821068048753282973e-40 7.418044316937798517e-42 9.327549301895177283e-41 9.579427619780435694e-41 7.479905492018010193e-42
8.749471046662279129e+09 3.356433988207638878e-41 3.722512474376393588e-41 1.211288640852948990e-42 1.900439430798894425e-41 1.957674403046562343e-41 1.293515752734570000e-42
1.166760716081661987e+10 6.619678787032432501e-42 7.360245029206466865e-42 1.775640661536347182e-43 3.457947616987758471e-42 3.554997385619868227e-42 1.946043699769692730e-43
1.555900421101123428e+10 1.241787809729164847e-42 1.387113632831418311e-42 2.475457376218480152e-44 5.753475240906240752e-43 5.972906733559898542e-43 2.801063434548840023e-44
2.074826557850289154e+10 2.093334203716640165e-43 2.392311826177670121e-43 2.908521494788055573e-45 8.004755014718351576e-44 8.453343519897423396e-44 3.556201539122384101e-45
2.766825682915017319e+10 3.309525159599801202e-44 3.862006174135611887e-44 2.500841610311016504e-46 8.887848498972466712e-45 9.607720990493742827e-45 3.199493062463291699e-46
3.689621347227101135e+10 4.157603589166008382e-45 5.088404999341064569e-45 1.291926177865360664e-47 7.324403128189260056e-46 7.822868594779580753e-46 1.820474589788695530e-47
4.920189143094656372e+10 3.637223704201028724e-46 5.090891886200116629e-46 4.852159450924230754e-49 1.742227095796544385e-47 2.397074834187454322e-47 4.337053035721909648e-49
6.561177672614024353e+10 1.274321814836550060e-47 2.992528465801101623e-47 2.207360794170629938e-51 1.514655278652477972e-49 4.280603130130352723e-49 1.223525904405083529e-50
8.749471046662280273e+10 3.102587303457709280e-51 7.574120177227279982e-49 2.223645575922518311e-53 1.599477902817008528e-51 6.514099900734776974e-51 1.537483204786920243e-52
