1.166760716081661986e+00 6.510499434722275425e-04 1.215404076091743156e-03 2.070264296825767573e-10 5.647407099542271249e-04 1.216769385729262040e-03 2.290547923134563712e-10
1.555900421101123365e+00 4.392410910084976585e-04 8.291168728549313128e-04 2.078025906243003289e-10 3.795837025461453514e-04 8.284516902089525056e-04 2.249721819958877805e-10
2.074826557850288911e+00 2.890480224470434387e-04 5.484913662084339291e-04 1.943998030903068664e-10 2.480679020955084088e-04 5.485226640816146405e-04 2.035908117926940322e-10
2.766825682915017293e+00 1.842376936302552750e-04 3.506290519996690361e-04 1.607017509900443459e-10 1.567414181302807612e-04 3.511327668022141578e-04 1.629896959340202258e-10
3.689621347227101111e+00 1.133036539596018934e-04 2.159856410600041526e-04 1.301945288012605929e-10 9.538828753953938137e-05 2.165332949587321979e-04 1.275764734388460562e-10
4.920189143094656714e+00 6.713923496973000192e-05 1.278638764718772049e-04 1.051153307165856989e-10 5.580315951827207328e-05 1.283808871843985784e-04 1.005738649325420218e-10
6.561177672614024736e+00 3.825843007050000390e-05 7.260446007138371155e-05 8.167361626963517975e-11 3.132893810825678203e-05 7.305537216079787712e-05 7.769101952625362939e-11
8.749471046662279150e+00 2.090868385928010387e-05 3.943754210231668552e-05 5.968377634242706928e-11 1.685470020930199009e-05 3.982096261664879453e-05 5.630644008733580726e-11
1.166760716081661897e+01 1.093505567403845494e-05 2.046738973761441679e-05 4.030118601224963890e-11 8.690875396250640636e-06 2.077429214018321763e-05 3.808162615645910057e-11
1.555900421101123499e+01 5.477390987531214047e-06 1.020956726607720546e-05 2.665886063805925177e-11 4.310422017412922618e-06 1.039903786157293298e-05 2.542622006994236845e-11
2.074826557850288822e+01 2.646427758298803453e-06 4.961179036437206865e-06 1.737205989719575810e-11 2.074270031278703074e-06 5.036157108591771949e-06 1.677018022193243025e-11
2.766825682915017381e+01 1.250074318234578485e-06 2.377325145231839837e-06 1.105458180867184182e-11 9.807751647633688614e-07 2.388622713278528155e-06 1.073531581417033448e-11
3.689621347227100756e+01 5.850139695195574831e-07 1.132678690169326506e-06 6.673130902820395866e-12 4.608808041923835094e-07 1.122273907971355508e-06 6.534946143297599790e-12
4.920189143094656714e+01 2.730878753976340450e-07 5.367970783749380529e-07 3.779045771134737390e-12 2.163260881688752376e-07 5.258783322397093503e-07 3.739224921796444104e-12
6.561177672614024914e+01 1.271662447371692803e-07 2.533843736207306162e-07 2.094993500110943725e-12 1.012978511394963609e-07 2.461625269233152322e-07 2.099311252857979883e-12
8.749471046662279150e+01 5.886422368301245354e-08 1.192945272743536162e-07 1.144767205382801477e-12 4.713517376970957640e-08 1.149189628531093426e-07 1.153996968760472435e-12
1.166760716081661968e+02 2.697509852498366193e-08 5.584630257256004650e-08 6.159076582755048148e-13 2.169621489830366948e-08 5.336300896395789347e-08 6.206522595397952167e-13
1.555900421101123356e+02 1.217996206489267309e-08 2.593337627130874466e-08 3.246913796147946325e-13 9.830803448582654011e-09 2.456728284225425681e-08 3.273676264800939396e-13
2.074826557850288964e+02 5.392360847269757668e-09 1.191380138696883443e-08 1.674150189099751954e-13 4.362360014435262272e-09 1.117465888960544289e-08 1.698253938662054828e-13
2.766825682915017524e+02 2.330533828227309468e-09 5.401316738329786760e-09 8.685482482906498629e-14 1.887144344314125389e-09 5.005589655801983133e-09 8.679212212353377335e-14
3.689621347227101182e+02 9.798368843242871997e-10 2.414378321639835988e-09 4.472373534095130681e-14 7.932123664864511946e-10 2.202063982142572829e-09 4.395622025912780869e-14
4.920189143094656856e+02 3.999229160482314574e-10 1.063548460031175484e-09 2.260967092224547706e-14 3.233113204436007086e-10 9.498690802411636649e-10 2.211602463926219806e-14
6.561177672614023777e+02 1.583216938958325101e-10 4.616922637019821789e-10 1.120633858693186912e-14 1.276796026154585989e-10 4.016672413543893237e-10 1.106304020133355276e-14
8.749471046662279150e+02 6.079834221829426779e-11 1.976432718963564444e-10 5.482648252680395111e-15 4.886036646236691532e-11 1.665334094586990395e-10 5.431470484826924503e-15
1.166760716081661940e+03 2.267670395819700924e-11 8.356421595357175864e-11 2.642306408353869347e-15 1.814112126516634771e-11 6.779149443401298428e-11 2.668829426738416845e-15
1.555900421101123356e+03 8.234956639471928261e-12 3.496541963646144491e-11 1.269802911897415890e-15 6.551728701873239809e-12 2.714985428969608367e-11 1.318432461080516941e-15
2.074826557850288737e+03 2.922547844495799924e-12 1.449902026360654097e-11 6.138498029144469516e-16 2.311493315509454091e-12 1.073334816660038100e-11 6.466423133830462328e-16
2.766825682915017296e+03 1.018931474962546070e-12 5.979455359749047091e-12 2.965967791876077837e-16 8.011475540156029850e-13 4.202589966018809511e-12 3.106730291446858212e-16
3.689621347227101069e+03 3.515223673427866547e-13 2.460228734330858611e-12 1.425944992886043670e-16 2.746808350655321059e-13 1.637461727294268186e-12 1.470007248243772427e-16
4.920189143094656174e+03 1.210298743464884600e-13 1.012324918345221191e-12 6.892644415414403437e-17 9.391061812966874297e-14 6.385964321474948874e-13 6.999008376677987418e-17
6.561177672614025141e+03 4.191046990020925840e-14 4.170538122265879336e-13 3.370822024589770951e-17 3.225195386403254956e-14 2.505086792088841342e-13 3.348748891301174478e-17
8.749471046662278241e+03 1.468534007933358105e-14 1.719853508990479603e-13 1.635407930776608662e-17 1.118462204249464514e-14 9.897012127032625272e-14 1.613062759768082249e-17
1.166760716081662031e+04 5.224330136387948903e-15 7.098696272303332794e-14 7.860885747411539296e-18 3.927212143040089062e-15 3.930815623878383762e-14 7.751794307805134788e-18
1.555900421101123356e+04 1.885680963672535368e-15 2.928597398070595138e-14 3.749635691932383585e-18 1.395250566685062349e-15 1.565254450998683481e-14 3.713705417661126289e-18
2.074826557850289100e+04 6.880537001567331849e-16 1.202184141964336255e-14 1.782943591992379590e-18 4.998416974043376413e-16 6.215915745237709247e-15 1.773450077507433590e-18
2.766825682915017387e+04 2.524694358408503311e-16 4.885924582400978911e-15 8.398656369391696196e-19 1.796546316424316022e-16 2.443727425690888366e-15 8.390542651434911654e-19
3.689621347227100341e+04 9.255734599438698236e-17 1.962355144210837245e-15 3.924469049593078568e-19 6.442394567279801819e-17 9.457998089599028121e-16 3.914723770519798941e-19
4.920189143094656174e+04 3.370967133310311366e-17 7.742518105844254108e-16 1.808541889385016665e-19 2.293249955148142295e-17 3.578473589050193712e-16 1.812419944930859342e-19
6.561177672614024777e+04 1.214199456390013628e-17 2.988607874930645766e-16 8.134291196244932627e-20 8.078618903135645680e-18 1.316416542860790349e-16 8.229274542709235513e-20
8.749471046662278241e+04 4.305810110540240184e-18 1.125864213161155662e-16 3.577761930248895391e-20 2.807243467759027855e-18 4.701441424691505116e-17 3.625836821553441873e-20
1.166760716081661958e+05 1.500125485629086588e-18 4.123916163671602402e-17 1.543797327009099123e-20 9.607461726759310808e-19 1.625868213347962309e-17 1.551233084316737197e-20
1.555900421101123211e+05 5.127964244904299739e-19 1.467668071111081331e-17 6.548018369233732130e-21 3.230159043732614084e-19 5.428151295632866667e-18 6.422125645322495366e-21
2.074826557850289100e+05 1.715560295934606683e-19 5.085086391311262601e-18 2.675591081750827171e-21 1.064241582682713366e-19 1.747498766086434224e-18 2.617834577741297938e-21
2.766825682915017242e+05 5.607167265376341860e-20 1.708924768593021154e-18 1.035969410580634939e-21 3.435451262427961558e-20 5.411034991149037262e-19 1.043014625867702639e-21
3.689621347227101214e+05 1.791324207701353744e-20 5.550321633864852425e-19 3.828195653312464911e-22 1.085880608538341441e-20 1.609702365995450361e-19 3.958554964440942184e-22
4.920189143094656756e+05 5.571936420245036038e-21 1.752923744011046720e-19 1.415109538274668974e-22 3.350047633019849193e-21 4.623668721125720971e-20 1.419378114609773285e-22
6.561177672614024486e+05 1.673781214368991910e-21 5.370301866104516421e-20 4.984686338563989009e-23 1.002155859126798416e-21 1.275999474329524303e-20 4.952384407284192662e-23
8.749471046662279405e+05 4.835095749810462613e-22 1.583782517118327743e-20 1.634503372501918526e-23 2.912112588687861619e-22 3.367189603770587854e-21 1.665409830250148872e-23
1.166760716081662104e+06 1.347414494391440566e-22 4.455588626823215353e-21 5.370888216413587851e-24 8.238124918120087058e-23 8.551880219154405466e-22 5.343896550300475670e-24
1.555900421101123560e+06 3.615852194134126351e-23 1.193505270681245145e-21 1.699966220705033451e-24 2.260457911435744115e-23 2.088824742514774895e-22 1.648436591490943475e-24
2.074826557850289159e+06 9.414433159367793663e-24 3.044850656335060498e-22 4.970379877167961094e-25 6.023949285659913247e-24 4.911760517558634279e-23 4.916506257226977769e-25
2.766825682915017474e+06 2.403791778810755926e-24 7.396687933135095164e-23 1.445757852947004046e-25 1.573931039050917179e-24 1.118864100878821073e-23 1.451338998006813818e-25
3.689621347227101214e+06 6.044426485388572773e-25 1.720174892910167074e-23 4.198376961646429625e-26 4.112088288165078007e-25 2.496318933129605304e-24 4.134561050887356191e-26
4.920189143094656989e+06 1.515821794507336490e-25 3.852239032979796414e-24 1.126761361229489832e-26 1.060488815602691395e-25 5.502669315484090463e-25 1.180734902533968584e-26
6.561177672614024952e+06 3.832054669720525019e-26 8.386838108635546586e-25 3.082762080237472031e-27 2.712634028576230074e-26 1.200859408093561106e-25 3.318213873525251465e-27
8.749471046662278473e+06 9.683120604234823567e-27 1.792745399934744037e-25 9.075154134981083120e-28 7.096079391252642393e-27 2.630328099756547438e-26 8.713503677329852666e-28
1.166760716081662104e+07 2.457206026295807625e-27 3.774669537085079689e-26 2.519437191183435552e-28 1.876194879730456960e-27 5.813031908017876217e-27 2.394537690785971057e-28
1.555900421101123467e+07 6.221057912439463168e-28 7.909192622276831924e-27 6.964086823912543201e-29 4.934173002723382518e-28 1.305099036830239660e-27 6.676196480956983833e-29
2.074826557850288972e+07 1.615228894375002319e-28 1.657588073590694788e-27 1.892650047891814561e-29 1.299719119527513690e-28 2.952894141539947029e-28 1.732857847741165785e-29
2.766825682915017009e+07 4.242875982186269443e-29 3.483695373100675190e-28 4.974208659916930695e-30 3.407210391139080124e-29 6.764918334386095513e-29 4.601800950259400488e-30
3.689621347227101028e+07 1.137377521221317554e-29 7.372021276160438686e-29 1.363356272513885185e-30 8.985031944981179845e-30 1.577755342877437721e-29 1.220397046608837078e-30
4.920189143094656616e+07 3.008328943768749816e-30 1.579611521465685466e-29 3.668232723475745328e-31 2.384736093180914733e-30 3.755071656573804472e-30 3.249112745433146847e-31
6.561177672614024580e+07 7.958707790941154729e-31 3.386707008454898047e-30 9.663444146953649790e-32 6.307615287064397763e-31 9.070220224189149300e-31 8.806798163132590174e-32
8.749471046662279963e+07 2.123186180218987341e-31 7.389003709149260317e-31 2.546625757961446953e-32 1.710071719341096706e-31 2.268002829413723527e-31 2.471946944714209952e-32
1.166760716081662029e+08 5.681124293703294561e-32 1.649149505498265888e-31 7.001736853970593837e-33 4.690988640273981280e-32 5.786836871974968846e-32 7.037501909785158921e-33
1.555900421101123393e+08 1.487875106552407772e-32 3.699518014841836741e-32 1.827247484178212710e-33 1.261775695081347035e-32 1.481353598186858118e-32 1.905236672455007059e-33
2.074826557850289047e+08 3.911594001555401700e-33 8.415190587990031021e-33 4.787894456430603199e-34 3.430781300734341535e-33 3.835156294854368740e-33 5.090858555545045926e-34
2.766825682915017605e+08 1.016371507603602296e-33 1.928332437991228312e-33 1.298528938247949973e-34 8.722647739208032039e-34 9.524392573872098717e-34 1.303571578464360958e-34
3.689621347227101326e+08 2.642125344001171234e-34 4.491959153625848869e-34 3.463473779785433740e-35 2.227442508232359252e-34 2.382752016779531431e-34 3.250285506272255340e-35
4.920189143094656467e+08 6.979616648828230868e-35 1.071313737319429467e-34 8.844432555924646384e-36 5.529595820742051737e-35 5.851496118548068283e-35 8.600721243191723537e-36
6.561177672614024878e+08 1.804828837072616076e-35 2.560058870786322855e-35 2.196561243002935834e-36 1.397039389161168952e-35 1.458634505422934061e-35 2.184005725331624772e-36
8.749471046662279367e+08 4.678727289465573399e-36 6.187260789447933111e-36 5.610677714535553140e-37 3.495809842078595538e-36 3.613418632773257460e-36 5.174787232510598152e-37
1.166760716081662178e+09 1.156589983791934718e-36 1.452218547213997172e-36 1.346245734353284929e-37 8.309701810492942894e-37 8.594075024320944822e-37 1.188164864461021950e-37
1.555900421101123333e+09 2.737099760394150820e-37 3.328749786839455342e-37 2.957769016324001284e-38 1.921933324347234882e-37 1.981872260678925311e-37 2.724034463498417560e-38
2.074826557850289106e+09 6.570813094112722150e-38 7.767788926486109131e-38 6.304524392883312777e-39 4.456260807754846071e-38 4.581158034577059519e-38 5.929939075365977133e-39
2.766825682915017128e+09 1.499215164372651090e-38 1.736905623409486707e-38 1.246902789857265436e-39 1.020865867988811647e-38 1.046909207129093232e-38 1.203751068929744070e-39
3.689621347227100849e+09 3.474231157064113837e-39 3.953333773462353001e-39 2.306196507256343395e-40 2.233584529238735039e-39 2.277093544221718629e-39 2.256316125052986129e-40
4.920189143094656944e+09 7.583015779276374680e-40 8.493939435393218162e-40 4.250262252154396944e-41 4.634824350975309190e-40 4.732854231688129743e-40 4.095969790294958167e-41
6.561177672614025116e+09 1.674159874351745172e-40 1.861384274653103947e-40 7.737149684119600947e-42 9.549971693471725969e-41 9.808023489523637040e-41 7.803608899064510470e-42
8.749471046662279129e+09 3.431018414093998363e-41 3.809236057945884239e-41 1.267064290955240446e-42 1.947469884734613124e-41 2.006129650929513166e-41 1.353362535496703996e-42
1.166760716081661987e+10 6.774253945411076297e-42 7.538796383227981003e-42 1.862311293323606623e-43 3.546211719009908981e-42 3.645874278056876921e-42 2.041293154747722709e-43
1.555900421101123428e+10 1.271749819427430199e-42 1.421726847984114053e-42 2.601294994065451532e-44 5.904006927480693300e-43 6.129399759193208141e-43 2.944202098001991847e-44
2.074826557850289154e+10 2.145193762588374687e-43 2.453484367006920478e-43 3.060996398224976432e-45 8.217714154664976210e-44 8.678686184521351636e-44 3.743253294488990142e-45
2.766825682915017319e+10 3.392943645217310065e-44 3.962406979449588739e-44 2.634920035110437001e-46 9.127104845532652410e-45 9.867263059322137015e-45 3.372279769931162532e-46
3.689621347227101135e+10 4.263563381889481574e-45 5.222745945576764619e-45 1.362818944011802406e-47 7.524301305347943851e-46 8.037858244291842703e-46 1.921474684380120329e-47
4.920189143094656372e+10 3.730857265676588524e-46 5.227794636800178667e-46 5.123896364516434474e-49 1.791073754834735646e-47 2.465397158849593351e-47 4.593373907796547535e-49
6.561177672614024353e+10 1.307311359650165765e-47 3.075207547971679275e-47 2.348022651680129095e-51 1.561686882706627579e-49 4.413919222628440418e-49 1.299351811459490359e-50
8.749471046662280273e+10 3.197013016034017906e-51 7.787366812851468893e-49 2.366087968852380964e-53 1.649902060142587265e-51 6.724746862024450514e-51 1.633640563406938498e-52
