1.166760716081661986e+00 6.509638872643020227e-04 1.215182822755003214e-03 2.068088345154932645e-10 5.646548219532971378e-04 1.216552010830800534e-03 2.288284069304148699e-10
1.555900421101123365e+00 4.391967722727191229e-04 8.289800573928268138e-04 2.075795023776657284e-10 3.795372654419226690e-04 8.283174653017996584e-04 2.247427062229487649e-10
2.074826557850288911e+00 2.890298892774906215e-04 5.484116868226353910e-04 1.941878597486309878e-10 2.480463055095876021e-04 5.484453760306891692e-04 2.033751936798856308e-10
2.766825682915017293e+00 1.842338795581030910e-04 3.505859770567612273e-04 1.605195478923739046e-10 1.567338642842356700e-04 3.510918859636188646e-04 1.628064087807898411e-10
3.689621347227101111e+00 1.133063255041743845e-04 2.159643154412637343e-04 1.300417539641317834e-10 9.538757001201617124e-05 2.165137402991788298e-04 1.274234793985984166e-10
4.920189143094656714e+00 6.714401638214149927e-05 1.278544759272668340e-04 1.049883707115792075e-10 5.580508955092951614e-05 1.283728485828253968e-04 1.004474605990716583e-10
6.561177672614024736e+00 3.826314908050944182e-05 7.260094995517885335e-05 8.157144207341755382e-11 3.133135758822377031e-05 7.305293720247051483e-05 7.758944497576063202e-11
8.749471046662279150e+00 2.091243902508779442e-05 3.943650587411497036e-05 5.960496316062515789e-11 1.685668340221557120e-05 3.982081386985973187e-05 5.622793371661217335e-11
1.166760716081661897e+01 1.093765973370611022e-05 2.046713267187049462e-05 4.024299052964719909e-11 8.692197045917389781e-06 2.077477025724298551e-05 3.802376851858361654e-11
1.555900421101123499e+01 5.479030215817376199e-06 1.020944908758559698e-05 2.661694945504093163e-11 4.311202376102307658e-06 1.039947960600581578e-05 2.538479438711286113e-11
2.074826557850288822e+01 2.647440323768646932e-06 4.961096468712144777e-06 1.734251957705020881e-11 2.074740834058682353e-06 5.036451031755040833e-06 1.674110799531742910e-11
2.766825682915017381e+01 1.250779811602668902e-06 2.377341622991776994e-06 1.103433532924477964e-11 9.811384620901990454e-07 2.388876328729973214e-06 1.071540439060686117e-11
3.689621347227100756e+01 5.856141971151258515e-07 1.132833155711568103e-06 6.659725717985326141e-12 4.612492872382243490e-07 1.122585647530540762e-06 6.521732206041166159e-12
4.920189143094656714e+01 2.736616602851986567e-07 5.370703554681773925e-07 3.770479317749401573e-12 2.167273562002065339e-07 5.262713834076027372e-07 3.730735858291011763e-12
6.561177672614024914e+01 1.277138258388405258e-07 2.537300812340588795e-07 2.089689024020167807e-12 1.017089078914712416e-07 2.466093673808577134e-07 2.094036524925333060e-12
8.749471046662279150e+01 5.935272714780015985e-08 1.196562424101563824e-07 1.141563662563236634e-12 4.751544394277641439e-08 1.153678387780267604e-07 1.150809840834675169e-12
1.166760716081661968e+02 2.737095674911925712e-08 5.617376691292784442e-08 6.140269752335981783e-13 2.201030300578120553e-08 5.376209185798359548e-08 6.187752570145809558e-13
1.555900421101123356e+02 1.246792810035964468e-08 2.619396031361475934e-08 3.236037835983782962e-13 1.006173417960672790e-08 2.488164881880420880e-08 3.262851976173795750e-13
2.074826557850288964e+02 5.580243582872715941e-09 1.209781531514228977e-08 1.668019482880727001e-13 4.513965137851278146e-09 1.139498534815850894e-08 1.692192672482820644e-13
2.766825682915017524e+02 2.441174011127587004e-09 5.517935055791151178e-09 8.652030445634654431e-14 1.976743809132890712e-09 5.144203878771807599e-09 8.646040070268932030e-14
3.689621347227101182e+02 1.039257466165828527e-09 2.481668308221954068e-09 4.454671877318394914e-14 8.414341234717800242e-10 2.281355706398146026e-09 4.377997124124729903e-14
4.920189143094656856e+02 4.293694726822656439e-10 1.099460567870116941e-09 2.251834432102460075e-14 3.472334941029420198e-10 9.917186887235502171e-10 2.202523823760878988e-14
6.561177672614023777e+02 1.719365475713075218e-10 4.796928283803456371e-10 1.116009660648019875e-14 1.387421624569491992e-10 4.223466457206201973e-10 1.101687877424504698e-14
8.749471046662279150e+02 6.672695126290320456e-11 2.062328183225806962e-10 5.460001754367201078e-15 5.367495430254157793e-11 1.762229121017040930e-10 5.408681602257256720e-15
1.166760716081661940e+03 2.512648859843728811e-11 8.750773549890642029e-11 2.631518728585629633e-15 2.012813547269711919e-11 7.214100743776400261e-11 2.657828268280431094e-15
1.555900421101123356e+03 9.201074155409285480e-12 3.671869662788873110e-11 1.264803182643805775e-15 7.333936784317334052e-12 2.903351344260222280e-11 1.313272313335994671e-15
2.074826557850288737e+03 3.287787734902058316e-12 1.525696585700396018e-11 6.115689170804413630e-16 2.606739433846040247e-12 1.152408894911629426e-11 6.442837062246136793e-16
2.766825682915017296e+03 1.151870281151963122e-12 6.299283666859359652e-12 2.955681158718065556e-16 9.085580786486585606e-13 4.525199401912314552e-12 3.096163555377641674e-16
3.689621347227101069e+03 3.983873546537281397e-13 2.592525774426795385e-12 1.421488971701817459e-16 3.125702748183214280e-13 1.765870927093563188e-12 1.465318417201984969e-16
4.920189143094656174e+03 1.371660678373880614e-13 1.066378329024318891e-12 6.873574536696173474e-17 1.069703824577797996e-13 6.888094179868890677e-13 6.978540986008614740e-17
6.561177672614025141e+03 4.739266661131643693e-14 4.391145505813255963e-13 3.362801369024285344e-17 3.669330192164110652e-14 2.699727428492126099e-13 3.339972229687486673e-17
8.749471046662278241e+03 1.654468070256898346e-14 1.810898796938714415e-13 1.632121339364384473e-17 1.269001541393986906e-14 1.065242724227228899e-13 1.609356897250678318e-17
1.166760716081662031e+04 5.860846164304693728e-15 7.482603893218277175e-14 7.847718749848925374e-18 4.440089859000163727e-15 4.227064849288817218e-14 7.736432019844106997e-18
1.555900421101123356e+04 2.107308667761750915e-15 3.094706397018044729e-14 3.744391196471478044e-18 1.571784997045390663e-15 1.683355630065426192e-14 3.707410080942280103e-18
2.074826557850289100e+04 7.667348852401368966e-16 1.275554623495199491e-14 1.780866046931867399e-18 5.612861707652836225e-16 6.694554356412086947e-15 1.770914592388904577e-18
2.766825682915017387e+04 2.808596720042702442e-16 5.212970296020293691e-15 8.390505280721302310e-19 2.012105725095198405e-16 2.639547611286476438e-15 8.380536530630456014e-19
3.689621347227100341e+04 1.028892857904359642e-16 2.107546457734669106e-15 3.921321258527715241e-19 7.199938367889557758e-17 1.025861701314465080e-15 3.910827861460286755e-19
4.920189143094656174e+04 3.746710863823601573e-17 8.375096553933427497e-16 1.807361008518078388e-19 2.558024601405917568e-17 3.900891480719563022e-16 1.810933390796298205e-19
6.561177672614024777e+04 1.349561381656339744e-17 3.256158320704778241e-16 8.129806675899165437e-20 8.992941552957153821e-18 1.442788581119582143e-16 8.223510900973918596e-20
8.749471046662278241e+04 4.785082637887595448e-18 1.234945127848231968e-16 3.576041254906157508e-20 3.117140016943284986e-18 5.179745813167648750e-17 3.623617527573453405e-20
1.166760716081661958e+05 1.666116719412101408e-18 4.550532907678010362e-17 1.543143757945495250e-20 1.063381964879684841e-18 1.799672914405811041e-17 1.550405863445626744e-20
1.555900421101123211e+05 5.688419482099535631e-19 1.627647651116073122e-17 6.545598694300686683e-21 3.561073307751973608e-19 6.032119714552616536e-18 6.419005691817864959e-21
2.074826557850289100e+05 1.899371865897342671e-19 5.662015185607178134e-18 2.674691274091955055e-21 1.167831044716827166e-19 1.947951571302406778e-18 2.616684308663193594e-21
2.766825682915017242e+05 6.191597772943558738e-20 1.908630686879607833e-18 1.035632545096801905e-21 3.749964825014846220e-20 6.045360574050069874e-19 1.042600857548928269e-21
3.689621347227101214e+05 1.971705421934287742e-20 6.212830172189341485e-19 3.826965867247193451e-22 1.178497179766798289e-20 1.801039633357707038e-19 3.957074704007053079e-22
4.920189143094656756e+05 6.111014399814996221e-21 1.965226895065340823e-19 1.414681994404848054e-22 3.614073752208703779e-21 5.177316940138195746e-20 1.418870346067537463e-22
6.561177672614024486e+05 1.828718906890753909e-21 6.027085600574990632e-20 4.983194680333088280e-23 1.074697687697102126e-21 1.429114163456099049e-20 4.950764958782382881e-23
8.749471046662279405e+05 5.260801304608433485e-22 1.778638466509895946e-20 1.634001190758804275e-23 3.103939876170615258e-22 3.770224860881288964e-21 1.664898551545219614e-23
1.166760716081662104e+06 1.459206741794476606e-22 5.005390207763810132e-21 5.369355630423807727e-24 8.727027396579605300e-23 9.568553438832233988e-22 5.342306774565770351e-24
1.555900421101123560e+06 3.896611371264823964e-23 1.340876662512234686e-21 1.699517854500813343e-24 2.380777048343547850e-23 2.334520121096475704e-22 1.647985703980006609e-24
2.074826557850289159e+06 1.009028406979886608e-23 3.420322916746751280e-22 4.969175153077575381e-25 6.311374168881803798e-24 5.481462384237749347e-23 4.915405074634042205e-25
2.766825682915017474e+06 2.560209576238289855e-24 8.305841359356575124e-23 1.445499007011700459e-25 1.640612764588415489e-24 1.246258617030610261e-23 1.451112312227368322e-25
3.689621347227101214e+06 6.395567077834770631e-25 1.930569912799289784e-23 4.197920178346095608e-26 4.264128459867722842e-25 2.773334883966876962e-24 4.134230152887889958e-26
4.920189143094656989e+06 1.592809081735011740e-25 4.320161147052307675e-24 1.126711499930662649e-26 1.094618016741479652e-25 6.094606628083973058e-25 1.180740615897585312e-26
6.561177672614024952e+06 3.997681403720040626e-26 9.395936585018844243e-25 3.083016125821841350e-27 2.787889154141857421e-26 1.325214196625197391e-25 3.318585932954568952e-27
8.749471046662278473e+06 1.003468604936344170e-26 2.005941745701456508e-25 9.077684273591844778e-28 7.260441798494906133e-27 2.888277047122992655e-26 8.715827951465691644e-28
1.166760716081662104e+07 2.531533263575023152e-27 4.217067632195667039e-26 2.520670637022127633e-28 1.912125740195323397e-27 6.344070851325710447e-27 2.395669934536820409e-28
1.555900421101123467e+07 6.377369671981684245e-28 8.819818666790376738e-27 6.969293715741387822e-29 5.012093729458826987e-28 1.415226972245191240e-27 6.681044454673094158e-29
2.074826557850288972e+07 1.648199928716296747e-28 1.844010508579120772e-27 1.894663179330039517e-29 1.316721309486190391e-28 3.178478366806277960e-28 1.734681147157135150e-29
2.766825682915017009e+07 4.313227486251890213e-29 3.864129132127847545e-28 4.981688363072969591e-30 3.445039346923605768e-29 7.228281543076091674e-29 4.608677072117496115e-30
3.689621347227101028e+07 1.152758738102607055e-29 8.146184203989415993e-29 1.366177984199559247e-30 9.072160756397861789e-30 1.673041897691792898e-29 1.222930624727178954e-30
4.920189143094656616e+07 3.042923550636044786e-30 1.738391591344750886e-29 3.678529805629999163e-31 2.405853958471732197e-30 3.951460499081128951e-30 3.258437754115175280e-31
6.561177672614024580e+07 8.040928267227302853e-31 3.709041267145197575e-30 9.700347296407587378e-32 6.362310972700065647e-31 9.481646035827180929e-31 8.841351900898090103e-32
8.749471046662279963e+07 2.144134077387874302e-31 8.047475739367867539e-31 2.559837668248072886e-32 1.725533121892761462e-31 2.356507646183027699e-31 2.485053531241959283e-32
1.166760716081662029e+08 5.738557597064678857e-32 1.785617585442268355e-31 7.050382906492433660e-33 4.738066287897257578e-32 5.981819672577237636e-32 7.086962552097064405e-33
1.555900421101123393e+08 1.504467608025398386e-32 3.983034475560889617e-32 1.844259248175934977e-33 1.276760272167864770e-32 1.526203434087504638e-32 1.923076598939033786e-33
2.074826557850289047e+08 3.962128352960557899e-33 9.009648676772351067e-33 4.848287075399585343e-34 3.479858597070333377e-33 3.944140387123925908e-33 5.154216932379621978e-34
2.766825682915017605e+08 1.032164940944030129e-33 2.054211963855432388e-33 1.320169034612916346e-34 8.877931122567084531e-34 9.798869584555179981e-34 1.325079560170752733e-34
3.689621347227101326e+08 2.691961255769848337e-34 4.765759155689016268e-34 3.539448357876776422e-35 2.276768741527920423e-34 2.455490156994454596e-34 3.322457227046337198e-35
4.920189143094656467e+08 7.137767863656027997e-35 1.132610319793570989e-34 9.098925876313699307e-36 5.682340710426107062e-35 6.050282714857325871e-35 8.850341729498872455e-36
6.561177672614024878e+08 1.854056007828813441e-35 2.701158004746218146e-35 2.279751892986969734e-36 1.444122805284846060e-35 1.514583825489046601e-35 2.265280300409811674e-36
8.749471046662279367e+08 4.829086908557933752e-36 6.523297273472383672e-36 5.882399197910169079e-37 3.636921184587531986e-36 3.771250113650226783e-36 5.423163713181546332e-37
1.166760716081662178e+09 1.200390953204922841e-36 1.533135703875905056e-36 1.427896516854742165e-37 8.706407989855800354e-37 9.022877386750653121e-37 1.260930608980081413e-37
1.555900421101123333e+09 2.859726130887211982e-37 3.526059248713504525e-37 3.182114382362594941e-38 2.028254523570516966e-37 2.094333450669465726e-37 2.932647078055530765e-38
2.074826557850289106e+09 6.905783664276325964e-38 8.252788516305506229e-38 6.887417665694315678e-39 4.736786406446224454e-38 4.873531920670618989e-38 6.480875767644301190e-39
2.766825682915017128e+09 1.586587010170433765e-38 1.854461269418933675e-38 1.384093998723099173e-39 1.092704110516621200e-38 1.121043273930579086e-38 1.337120633372566384e-39
3.689621347227100849e+09 3.698079816676060858e-39 4.237672244916205640e-39 2.603580226041071474e-40 2.405550698993796061e-39 2.453164531830894049e-39 2.546591435504851355e-40
4.920189143094656944e+09 8.121725107851534901e-40 9.151049640643016536e-40 4.873708738756288993e-41 5.019897584704395199e-40 5.127099665817809019e-40 4.700203424430446856e-41
6.561177672614025116e+09 1.802066430665785865e-40 2.013119281647346960e-40 8.990097260603375950e-42 1.039162278679808604e-40 1.067326855599274985e-40 9.075555692896105848e-42
8.749471046662279129e+09 3.711260848608014925e-41 4.137147248558052683e-41 1.488619452847133358e-42 2.126255127215429470e-41 2.190351741816516204e-41 1.591218345997089447e-42
1.166760716081661987e+10 7.358090867776651035e-42 8.216715123939742602e-42 2.210284226714211938e-43 3.883122835043397794e-42 3.992831705921048098e-42 2.423779660128272324e-43
1.555900421101123428e+10 1.385343253551021093e-42 1.553569933055514894e-42 3.110562774330271124e-44 6.480577248078246328e-43 6.728900093522932008e-43 3.523850037085350820e-44
2.074826557850289154e+10 2.342451904547892660e-43 2.687206863523289112e-43 3.681997123075802013e-45 9.035388792771669402e-44 9.544091676925829423e-44 4.505222321656077009e-45
2.766825682915017319e+10 3.710994545020414054e-44 4.346898423691330056e-44 3.183616312232295814e-46 1.004740558668634872e-44 1.086596857694851725e-44 4.079857997407988558e-46
3.689621347227101135e+10 4.668289544271296999e-45 5.738456138934668015e-45 1.654356772357437482e-47 8.294751026220754934e-46 8.867094716517629286e-46 2.336998936493954797e-47
4.920189143094656372e+10 4.089165585728497370e-46 5.754877983498850013e-46 6.245760049338097418e-49 1.979773342372268885e-47 2.729832420811744815e-47 5.655886237109926410e-49
6.561177672614024353e+10 1.433689796832744581e-47 3.394771023951145117e-47 2.938056576239549864e-51 1.744720409422588969e-49 4.933619538574518724e-49 1.615161508820718425e-50
8.749471046662280273e+10 3.562886798224296185e-51 8.613840937108797837e-49 2.964021734257903971e-53 1.846271518010886799e-51 7.547506745584105170e-51 2.034919994951359081e-52
