1.166760716081661986e+00 6.510580352233197440e-04 1.215434335718882644e-03 2.070618140209559040e-10 5.647495135903811848e-04 1.216798086332091921e-03 2.290916188565573610e-10
1.555900421101123365e+00 4.392449702401717178e-04 8.291357717393401262e-04 2.078388631126427668e-10 3.795883067212673474e-04 8.284697132954954493e-04 2.250095022015523439e-10
2.074826557850288911e+00 2.890491335765664645e-04 5.485024432302068511e-04 1.944342543816249787e-10 2.480697855960711730e-04 5.485331093240825842e-04 2.036258640099930809e-10
2.766825682915017293e+00 1.842373247464369540e-04 3.506350264583429151e-04 1.607313510715995210e-10 1.567417711955605458e-04 3.511382530592108728e-04 1.630194699105137021e-10
3.689621347227101111e+00 1.133026997382400550e-04 2.159885567412168418e-04 1.302193299533582626e-10 9.538794434639075832e-05 2.165358555000283889e-04 1.276013087038021617e-10
4.920189143094656714e+00 6.713818436255902583e-05 1.278651109799862243e-04 1.051359288353883897e-10 5.580260491390064625e-05 1.283818669672661555e-04 1.005943703243192047e-10
6.561177672614024736e+00 3.825751402234875680e-05 7.260487089316103814e-05 8.169018024217814471e-11 3.132841520856649212e-05 7.305559085249834091e-05 7.770748379714242437e-11
8.749471046662279150e+00 2.090798606614816939e-05 3.943761916773937310e-05 5.969653949789878728e-11 1.685430363949401238e-05 3.982088487062540312e-05 5.631915202939049046e-11
1.166760716081661897e+01 1.093457584570790337e-05 2.046737529102734578e-05 4.031059687315029867e-11 8.690613987097234598e-06 2.077415039889356972e-05 3.809098222478132240e-11
1.555900421101123499e+01 5.477084184516982169e-06 1.020954878327005091e-05 2.666562775089581849e-11 4.310262679404222633e-06 1.039892199015769045e-05 2.543290810708169501e-11
2.074826557850288822e+01 2.646231723565731349e-06 4.961164824525313230e-06 1.737682219080913474e-11 2.074168384448851717e-06 5.036076395215470756e-06 1.677486598164771059e-11
2.766825682915017381e+01 1.249933275150595885e-06 2.377300369176856298e-06 1.105784009051076872e-11 9.806949987177878433e-07 2.388554914313449646e-06 1.073851903141944865e-11
3.689621347227100756e+01 5.848934468512231646e-07 1.132634705862189509e-06 6.675283366067090102e-12 4.608024177810004058e-07 1.122200469037764683e-06 6.537067231210481881e-12
4.920189143094656714e+01 2.729750291488887716e-07 5.367362420552925642e-07 3.780417591118022146e-12 2.162450134088366078e-07 5.257946203511280608e-07 3.740584216328123828e-12
6.561177672614024914e+01 1.270619109159812911e-07 2.533145504525499814e-07 2.095840382045732100e-12 1.012185839540312186e-07 2.460734259685188221e-07 2.100153376150243535e-12
8.749471046662279150e+01 5.877448022936465196e-08 1.192256237816708498e-07 1.145276929188806660e-12 4.706493948720950850e-08 1.148337937960107245e-07 1.154504098688278676e-12
1.166760716081661968e+02 2.690515525189763081e-08 5.578678990693917123e-08 6.162058039396701695e-13 2.164058553703577140e-08 5.329057572187229912e-08 6.209498114153605198e-13
1.555900421101123356e+02 1.213103740633952536e-08 2.588798993416845381e-08 3.248631309609616988e-13 9.791524057287953124e-09 2.451257323501345565e-08 3.275385392142415988e-13
2.074826557850288964e+02 5.361599164467590654e-09 1.188296355634725005e-08 1.675114421882375757e-13 4.337522125355489124e-09 1.113777989761022346e-08 1.699206698477614725e-13
2.766825682915017524e+02 2.313005749542400322e-09 5.382415889015116786e-09 8.690718865813319250e-14 1.872942975991309029e-09 4.983169784366070742e-09 8.684402214701091358e-14
3.689621347227101182e+02 9.706826464055987509e-10 2.403765829487273025e-09 4.475129456467909282e-14 7.857801504199184405e-10 2.189598521859954475e-09 4.398365870005304293e-14
4.920189143094656856e+02 3.954890564051936157e-10 1.058001428513266334e-09 2.262380799013840710e-14 3.197076361222918608e-10 9.434344521312619607e-10 2.213008021711339468e-14
6.561177672614023777e+02 1.563089137383651319e-10 4.589529061525234838e-10 1.121345760688668887e-14 1.260433659421490329e-10 3.985394161765841648e-10 1.107014679569676299e-14
8.749471046662279150e+02 5.993459493067724003e-11 1.963491205567138862e-10 5.486113912639824022e-15 4.815859131173810267e-11 1.650847477161638435e-10 5.434959947332961736e-15
1.166760716081661940e+03 2.232397709022641062e-11 8.297398116738465266e-11 2.643947247525723967e-15 1.785490090029399839e-11 6.714646343143210332e-11 2.670504585461471274e-15
1.555900421101123356e+03 8.097200970915111149e-12 3.470423100952223181e-11 1.270559014819105972e-15 6.440154939885254663e-12 2.687217279525194188e-11 1.319214127257281146e-15
2.074826557850288737e+03 2.870893680379275682e-12 1.438653590700004690e-11 6.141930068165649096e-16 2.269725993328798029e-12 1.061734299943668252e-11 6.469979959877921287e-16
2.766825682915017296e+03 1.000256994498991347e-12 5.932139913764672475e-12 2.967509012422992636e-16 7.860560403500347654e-13 4.155458532892126693e-12 3.108317254387089186e-16
3.689621347227101069e+03 3.449723956214761044e-13 2.440695968972285994e-12 1.426610319928108753e-16 2.693847430313165862e-13 1.618763643370784081e-12 1.470709315117653195e-16
4.920189143094656174e+03 1.187812129795122874e-13 1.004344264499195754e-12 6.895483197447771095e-17 9.209080265933423234e-14 6.312979637376439309e-13 7.002066032446623727e-17
6.561177672614025141e+03 4.114670962901290236e-14 4.137877864899366222e-13 3.372012920214680516e-17 3.163349336068719468e-14 2.476785698949213074e-13 3.350057751212562076e-17
8.749471046662278241e+03 1.442564435741450824e-14 1.706301435374655323e-13 1.635895136523834802e-17 1.097462878689363697e-14 9.786862433807492257e-14 1.613614806720104796e-17
1.166760716081662031e+04 5.134981140949644427e-15 7.041151224131837488e-14 7.862835173501536824e-18 3.855399433669534409e-15 3.887405066338079490e-14 7.754080272706404576e-18
1.555900421101123356e+04 1.854366955615701156e-15 2.903533307922457758e-14 3.750411813675020841e-18 1.370408886742445158e-15 1.547845198216385664e-14 3.714641666867692603e-18
2.074826557850289100e+04 6.768613258996073876e-16 1.191066143391356330e-14 1.783251145373039844e-18 4.911496970350342978e-16 6.144975444728206599e-15 1.773827078858683829e-18
2.766825682915017387e+04 2.484072759892564983e-16 4.836329567754890344e-15 8.399864718283830888e-19 1.765908846734550361e-16 2.414603662646549807e-15 8.392029901541711995e-19
3.689621347227100341e+04 9.107273994779489214e-17 1.940395943856707515e-15 3.924937053368291876e-19 6.334326349639023058e-17 9.338834577198370650e-16 3.915303256542534561e-19
4.920189143094656174e+04 3.316839253004205856e-17 7.647343553274702712e-16 1.808718303147926684e-19 2.255381579241074667e-17 3.530571768100308234e-16 1.812641409912328205e-19
6.561177672614024777e+04 1.194677569916264258e-17 2.948619716576669105e-16 8.134965856066637668e-20 7.947640288793268837e-18 1.297710414752309768e-16 8.230136041193004504e-20
8.749471046662278241e+04 4.236675362674404500e-18 1.109673425058238809e-16 3.578023097434839745e-20 2.762807279067479761e-18 4.630963378693761588e-17 3.626170000467647395e-20
1.166760716081661958e+05 1.476187681872166571e-18 4.061003411695860163e-17 1.543897378727555946e-20 9.460199285510064735e-19 1.600377497621855791e-17 1.551358049210131812e-20
1.555900421101123211e+05 5.047170255356120839e-19 1.444208444894421062e-17 6.548391860000887423e-21 3.182653076999952263e-19 5.339950746737331251e-18 6.422600421169202793e-21
2.074826557850289100e+05 1.689070011398079513e-19 5.000870490420997477e-18 2.675730907899438906e-21 1.049360754874489810e-19 1.718331410583040452e-18 2.618010650099099730e-21
2.766825682915017242e+05 5.522950517917911045e-20 1.679875778988529669e-18 1.036022042034185493e-21 3.390233280158055116e-20 5.319000895595284426e-19 1.043078223538121348e-21
3.689621347227101214e+05 1.765328302740960398e-20 5.454206034250321541e-19 3.828388187490943169e-22 1.072551097322139547e-20 1.582000500877911269e-19 3.958783187121024233e-22
4.920189143094656756e+05 5.494221177699927685e-21 1.722180260337181913e-19 1.415176369546597218e-22 3.312000053909878408e-21 4.543631025045093703e-20 1.419456371035130838e-22
6.561177672614024486e+05 1.651432348042316877e-21 5.275314890043275690e-20 4.984918718954302835e-23 9.916855786808919476e-22 1.253886526849477739e-20 4.952633178496572492e-23
8.749471046662279405e+05 4.773641036411750701e-22 1.555624629534179752e-20 1.634581137860410194e-23 2.884371326746807392e-22 3.309017490209912520e-21 1.665487938138264847e-23
1.166760716081662104e+06 1.331259561412389689e-22 4.376175691469051731e-21 5.371123274683115623e-24 8.167259717382750257e-23 8.405176053415451802e-22 5.344138138335900087e-24
1.555900421101123560e+06 3.575230994361862000e-23 1.172223221577439119e-21 1.700034084040098254e-24 2.242973824683682352e-23 2.053371489599694906e-22 1.648504443596820231e-24
2.074826557850289159e+06 9.316522168558309569e-24 2.990627958764266506e-22 4.970558544376126338e-25 5.982076883273342489e-24 4.829540469968254013e-23 4.916667974368988203e-25
2.766825682915017474e+06 2.381103074289752039e-24 7.265374630067607593e-23 1.445794561353720694e-25 1.564195020543638246e-24 1.100473383452795738e-23 1.451370588381663764e-25
3.689621347227101214e+06 5.993436786818039514e-25 1.689778528447915395e-23 4.198434352778285771e-26 4.089853166137897142e-25 2.456316346247998194e-24 4.134599295711216167e-26
4.920189143094656989e+06 1.504632753261959719e-25 3.784613460741957444e-24 1.126764193375960317e-26 1.055493251066272777e-25 5.417163876055397361e-25 1.180729168103260770e-26
6.561177672614024952e+06 3.807966654980565030e-26 8.240939761571743585e-25 3.082705219334632087e-27 2.701614450844474496e-26 1.182890655720356903e-25 3.318138734336328647e-27
8.749471046662278473e+06 9.631958495558862352e-27 1.761906891511070571e-25 9.074699662502427662e-28 7.072005468891206792e-27 2.593044325947703350e-26 8.713083912469522492e-28
1.166760716081662104e+07 2.446380678211599097e-27 3.710645762686613478e-26 2.519224355152764580e-28 1.870928348143844216e-27 5.736248415751633209e-27 2.394341214649575009e-28
1.555900421101123467e+07 6.198259249739376364e-28 7.777336962984139873e-27 6.963203300504965627e-29 4.922728617086740380e-28 1.289168053144748082e-27 6.675371779166007951e-29
2.074826557850288972e+07 1.610407104224743348e-28 1.630579231319441262e-27 1.892311253546976464e-29 1.297211586127060798e-28 2.920239642363936903e-28 1.732550399250727761e-29
2.766825682915017009e+07 4.232539983024636047e-29 3.428543978257372457e-28 4.972956116135921901e-30 3.401591482617452838e-29 6.697777390765584555e-29 4.600647976088389500e-30
3.689621347227101028e+07 1.135100760374838849e-29 7.259713000484562475e-29 1.362885259462660203e-30 8.971947037253491202e-30 1.563926986395710136e-29 1.219973887993445870e-30
4.920189143094656616e+07 3.003152131013344514e-30 1.556558460892998364e-29 3.666517193969817141e-31 2.381517194645058781e-30 3.726499346567173825e-30 3.247559538558442457e-31
6.561177672614024580e+07 7.946221711251158405e-31 3.339859703508486067e-30 9.657306628970008232e-32 6.299134481981589199e-31 9.010125200220611452e-31 8.801053163006538203e-32
8.749471046662279963e+07 2.119950197072130446e-31 7.293171291806331337e-31 2.544431977133692690e-32 1.707631895645584106e-31 2.254993178712465319e-31 2.469771308658380837e-32
1.166760716081662029e+08 5.672101959459429678e-32 1.629250723840245867e-31 6.993673517074646304e-33 4.683455395950641787e-32 5.757904265381892471e-32 7.029306107612391334e-33
1.555900421101123393e+08 1.485234256948545895e-32 3.658070280662552463e-32 1.824433984450320510e-33 1.259356938085165562e-32 1.474615693540746245e-32 1.902286879060256380e-33
2.074826557850289047e+08 3.903480737833696202e-33 8.327966540885160547e-33 4.777934760976949179e-34 3.422826770380239152e-33 3.818550272089735314e-33 5.080411208030896893e-34
2.766825682915017605e+08 1.013826083544843296e-33 1.909770256702976891e-33 1.294972896846109769e-34 8.697488480081128148e-34 9.482047493229663973e-34 1.300037976702126773e-34
3.689621347227101326e+08 2.634093602424015872e-34 4.451334821251747642e-34 3.451047079383673109e-35 2.219474927254868442e-34 2.371417689448222863e-34 3.238486513150697201e-35
4.920189143094656467e+08 6.954197968769323964e-35 1.062152445045175970e-34 8.803058895953471493e-36 5.505057665798054570e-35 5.820354330854487493e-35 8.560145927405604873e-36
6.561177672614024878e+08 1.796954987522089492e-35 2.538812042215424982e-35 2.183142251423810557e-36 1.389526801905898163e-35 1.449855481204173954e-35 2.170889181621452547e-36
8.749471046662279367e+08 4.654815788876447809e-36 6.136325758298067388e-36 5.567236953193362109e-37 3.473465960346503031e-36 3.588696638109883802e-36 5.135075299166422678e-37
1.166760716081662178e+09 1.149671128131860912e-36 1.439899378994408518e-36 1.333331185268472952e-37 8.247414852636092063e-37 8.527208082210846610e-37 1.176663792429730720e-37
1.555900421101123333e+09 2.717869592338903617e-37 3.298654093873776006e-37 2.922747117548429691e-38 1.905383782948389117e-37 1.964441959887122199e-37 2.691489838658450214e-38
2.074826557850289106e+09 6.518624750036564450e-38 7.693767313474597782e-38 6.214816195525190174e-39 4.412968152307866713e-38 4.536151755295862026e-38 5.845193141711403861e-39
2.766825682915017128e+09 1.485700500661760940e-38 1.719000386163208748e-38 1.226106843768594749e-39 1.009869478493854586e-38 1.035577423676488251e-38 1.183544424889192382e-39
3.689621347227100849e+09 3.439819364526301811e-39 3.910125962662011071e-39 2.261834418154898205e-40 2.207451656460623830e-39 2.250360516811708242e-39 2.213000247912948815e-40
4.920189143094656944e+09 7.500742942597435068e-40 8.394485765558122475e-40 4.158618282441572807e-41 4.576696291309582489e-40 4.673372863579783081e-40 4.007200169582749765e-41
6.561177672614025116e+09 1.654729703601482944e-40 1.838495732277346157e-40 7.555259285894020096e-42 9.423631834387882013e-41 9.678174137211486988e-41 7.619085030650548534e-42
8.749471046662279129e+09 3.388680425999526685e-41 3.759979929061614689e-41 1.235239551610099343e-42 1.920744818782620563e-41 1.978594702697251009e-41 1.319213133992025487e-42
1.166760716081661987e+10 6.686467668572457122e-42 7.437347067640076883e-42 1.812812164671865145e-43 3.496037482881816246e-42 3.594213835581152748e-42 1.986893446620003925e-43
1.555900421101123428e+10 1.254728075748531386e-42 1.402054619743090630e-42 2.529377276537970547e-44 5.818410504490679978e-43 6.040412265819170090e-43 2.862391836164723940e-44
2.074826557850289154e+10 2.115723193234169884e-43 2.418707848416150404e-43 2.973807562010550520e-45 8.096593992423582506e-44 8.550520438395306767e-44 3.636290262457133153e-45
2.766825682915017319e+10 3.345529007259486677e-44 3.905317648668389300e-44 2.558219349826598583e-46 8.991006927653082958e-45 9.719620807387293849e-45 3.273429064953827852e-46
3.689621347227101135e+10 4.203326975170054651e-45 5.146341797803431381e-45 1.322247187426658834e-47 7.410571929136177968e-46 7.915534434180683046e-46 1.863669256305117953e-47
4.920189143094656372e+10 3.677619700480953801e-46 5.149913824622403986e-46 4.968329214139658950e-49 1.763277063997530791e-47 2.426511021354286531e-47 4.446569483851702888e-49
6.561177672614024353e+10 1.288552648464479642e-47 3.028157317223635239e-47 2.267374935840564106e-51 1.534903980112739483e-49 4.337989878049488556e-49 1.255903433889191609e-50
8.749471046662280273e+10 3.143260598936866134e-51 7.665985568678707169e-49 2.284413962650335085e-53 1.621185131001789641e-51 6.604750024381913360e-51 1.578532892174100833e-52
