1.166760716081661986e+00 6.508580522223483345e-04 1.214892417369986414e-03 2.065069366909983607e-10 5.645476566437051093e-04 1.216268760695632519e-03 2.285145366464974082e-10
1.555900421101123365e+00 4.391429859678669802e-04 8.288000230455967688e-04 2.072698876667683114e-10 3.794796682238293548e-04 8.281420749330056829e-04 2.244243883667568768e-10
2.074826557850288911e+00 2.890087722022025127e-04 5.483064703245946235e-04 1.938935416189089008e-10 2.480199043174449139e-04 5.483441293162913789e-04 2.030758415611123412e-10
2.766825682915017293e+00 1.842304335101874538e-04 3.505287882262763657e-04 1.602662195933195939e-10 1.567249872759147609e-04 3.510381440712030156e-04 1.625515386407489589e-10
3.689621347227101111e+00 1.133106332919494100e-04 2.159356945933207114e-04 1.298290142420124633e-10 9.538707626766279883e-05 2.164878178208995050e-04 1.272104072550240497e-10
4.920189143094656714e+00 6.715059351866807015e-05 1.278415377205130660e-04 1.048113508664908995e-10 5.580769957201442910e-05 1.283619331751241824e-04 1.002711674402043011e-10
6.561177672614024736e+00 3.826932607730539109e-05 7.259577663934985517e-05 8.142874138629065814e-11 3.133438926189794483e-05 7.304931158656377229e-05 7.744753702219297925e-11
8.749471046662279150e+00 2.091716094309084144e-05 3.943461799886177009e-05 5.949463672644727522e-11 1.685902536250353923e-05 3.982015621362057256e-05 5.611800936008897202e-11
1.166760716081661897e+01 1.094077199572440342e-05 2.046631384481039016e-05 4.016127585753202709e-11 8.693622816719790645e-06 2.077493174689866860e-05 3.794252530410812870e-11
1.555900421101123499e+01 5.480839483585678681e-06 1.020886716676044956e-05 2.655790524356429973e-11 4.311911998719030881e-06 1.039961572086066487e-05 2.532642231716223748e-11
2.074826557850288822e+01 2.648427295895172728e-06 4.960619188766437053e-06 1.730076306440418111e-11 2.075059765839080468e-06 5.036433433969992711e-06 1.669999389158209072e-11
2.766825682915017381e+01 1.251381531111654634e-06 2.377048006064243359e-06 1.100560684731542873e-11 9.813396835757396097e-07 2.388852103417739403e-06 1.068713057682915104e-11
3.689621347227100756e+01 5.861042798513294670e-07 1.132765488494167005e-06 6.640611716579367705e-12 4.614837921958711461e-07 1.122680948656695528e-06 6.502878902201015756e-12
4.920189143094656714e+01 2.741533555107452473e-07 5.371971542897001627e-07 3.758193382822858789e-12 2.170371395924892907e-07 5.265137906560971144e-07 3.718558621938811625e-12
6.561177672614024914e+01 1.282214168405095171e-07 2.539917096869620030e-07 2.082031190265915914e-12 1.020739900303999279e-07 2.469669851870347371e-07 2.086421501340973639e-12
8.749471046662279150e+01 5.984575409923132558e-08 1.199856709612859067e-07 1.136904520398323489e-12 4.789230444130309409e-08 1.157829495445429223e-07 1.146174753848843590e-12
1.166760716081661968e+02 2.780740257901830377e-08 5.651020024033972780e-08 6.112697526744382326e-13 2.235381947164542640e-08 5.417397093322872357e-08 6.160230964614887615e-13
1.555900421101123356e+02 1.281517796930652346e-08 2.649022160907864683e-08 3.219957198524050125e-13 1.033917377659974367e-08 2.523971551476287106e-08 3.246842720171674047e-13
2.074826557850288964e+02 5.827349091180718043e-09 1.232712350461827820e-08 1.658873238362231007e-13 4.712976131924663915e-09 1.167011336713120845e-08 1.683139162950867815e-13
2.766825682915017524e+02 2.598759494906281008e-09 5.675643113488967645e-09 8.601598223981029461e-14 2.104205721446062750e-09 5.332329939456210299e-09 8.595979642117111380e-14
3.689621347227101182e+02 1.129990034257312158e-09 2.579202630890322904e-09 4.427664449957851156e-14 9.149934109155204543e-10 2.396958417137862804e-09 4.351104031518422293e-14
4.920189143094656856e+02 4.770355619908059894e-10 1.154474538544404698e-09 2.237723613509628977e-14 3.859195807872336698e-10 1.056387640991231767e-09 2.188499648731123888e-14
6.561177672614023777e+02 1.950496279760091317e-10 5.084319634126108708e-10 1.108777058681784772e-14 1.575038076208968438e-10 4.557619811108665632e-10 1.094467066715603997e-14
8.749471046662279150e+02 7.718427315953903879e-11 2.203500399730240804e-10 5.424103628962731588e-15 6.215894419414285010e-11 1.923993231246504115e-10 5.372596930199242929e-15
1.166760716081661940e+03 2.958291018392015428e-11 9.411607807853734002e-11 2.614181610573594093e-15 2.373942368662994084e-11 7.957194629841935348e-11 2.640186766607505849e-15
1.555900421101123356e+03 1.100342178221558473e-11 3.969551365959899403e-11 1.256660973478335448e-15 8.792061507140334985e-12 3.230501981136549100e-11 1.304897866897283992e-15
2.074826557850288737e+03 3.983603133028066025e-12 1.655633136868641632e-11 6.078107025927315675e-16 3.168879544095215895e-12 1.291458377077215170e-11 6.404152133801859867e-16
2.766825682915017296e+03 1.409573822641650728e-12 6.851749195200425964e-12 2.938561502231322252e-16 1.116691694558265247e-12 5.098238283041444108e-12 3.078661829925125447e-16
3.689621347227101069e+03 4.904831202543292505e-13 2.822249457213440751e-12 1.414010811480324238e-16 3.870119243291931611e-13 1.995785610084280224e-12 1.457494741815116216e-16
4.920189143094656174e+03 1.691620601755589279e-13 1.160359521241476326e-12 6.841338184387077840e-17 1.328675522803384261e-13 7.791596114374261837e-13 6.944195137440274256e-17
6.561177672614025141e+03 5.829796881596355452e-14 4.773021542459688995e-13 3.349159104440205406e-17 4.553395623379883733e-14 3.050113621399398599e-13 3.325180728807393446e-17
8.749471046662278241e+03 2.023096392027377198e-14 1.966812228969321690e-13 1.626508640855130830e-17 1.568051223474807496e-14 1.200549321320369120e-13 1.603094570060780745e-17
1.166760716081662031e+04 7.110655041520981772e-15 8.129841495042384661e-14 7.825157441716690383e-18 5.451481751324968870e-15 4.752264616991252866e-14 7.710406740132254096e-18
1.555900421101123356e+04 2.536267161887630364e-15 3.370097571714311063e-14 3.735390054501737080e-18 1.916038234541427851e-15 1.889862936659580576e-14 3.696730331825183652e-18
2.074826557850289100e+04 9.165454722852944458e-16 1.395616346597771118e-14 1.777299734409940973e-18 6.795697065531215483e-16 7.519796051390516794e-15 1.766609771322061086e-18
2.766825682915017387e+04 3.340832781243806936e-16 5.745055151442529591e-15 8.376539677232376984e-19 2.421910419816785544e-16 2.973561230042099456e-15 8.363522814718654695e-19
3.689621347227100341e+04 1.220186480532031368e-16 2.344328101097206833e-15 3.915954757394675662e-19 8.624962228058740147e-17 1.161750585750279185e-15 3.904208033779734667e-19
4.920189143094656174e+04 4.436466483711370100e-17 9.416361365374492373e-16 1.805365532900255668e-19 3.052137086493136090e-17 4.448850802018786915e-16 1.808413039074271424e-19
6.561177672614024777e+04 1.596822457253203074e-17 3.702634727873005201e-16 8.122332603880120516e-20 1.068979856073858564e-17 1.658952317643816980e-16 8.213797296065231402e-20
8.749471046662278241e+04 5.658625287841527118e-18 1.419783150264830460e-16 3.573226089250172108e-20 3.690172678836673267e-18 6.005595561295200808e-17 3.619908867006401014e-20
1.166760716081661958e+05 1.968480105845199434e-18 5.284327767375954511e-17 1.542094386618859347e-20 1.252697299342315045e-18 2.102872779914598161e-17 1.549040779459097462e-20
1.555900421101123211e+05 6.709393703322875550e-19 1.906507245394595282e-17 6.541788115503866341e-21 4.170257727018656808e-19 7.096181916867813619e-18 6.413937520366293995e-21
2.074826557850289100e+05 2.234276729686033020e-19 6.678797993612635294e-18 2.673297931361051812e-21 1.358165741553384174e-19 2.304142487185598227e-18 2.614840979565519390e-21
2.766825682915017242e+05 7.256401701060172393e-20 2.263642521615295409e-18 1.035118531327533494e-21 4.326612067958433807e-20 7.180360752403327762e-19 1.041944732807353369e-21
3.689621347227101214e+05 2.300219424679422933e-20 7.398212077266632042e-19 3.825103590257719370e-22 1.347884392496662806e-20 2.145197682180922024e-19 3.954748037626368035e-22
4.920189143094656756e+05 7.092016235201498210e-21 2.346853182334916506e-19 1.414034160159854164e-22 4.095559183141228220e-21 6.176877655581504874e-20 1.418073452473318037e-22
6.561177672614024486e+05 2.110316188839330251e-21 7.211510269442623289e-20 4.980923401441087476e-23 1.206524380310953248e-21 1.706245987791556889e-20 4.948212208854329088e-23
8.749471046662279405e+05 6.033162730419308961e-22 2.130776730593360940e-20 1.633228362460825788e-23 3.451057056588728247e-22 4.500841673990576710e-21 1.664085204110676511e-23
1.166760716081662104e+06 1.661575970751706066e-22 6.000204010381788289e-21 5.366954750016474374e-24 9.607267987568802144e-23 1.141291072957063714e-21 5.339756127457566216e-24
1.555900421101123560e+06 4.403487190224902436e-23 1.607685102033825427e-21 1.698797743177197336e-24 2.596180515979004639e-23 2.780286173955677277e-22 1.647249970025965381e-24
2.074826557850289159e+06 1.130685986404398590e-23 4.100149045880167877e-22 4.967165462375487035e-25 6.822931062534619707e-24 6.514736742185023936e-23 4.913528648486720955e-25
2.766825682915017474e+06 2.840940649722206317e-24 9.951463092083014583e-23 1.445033155659860035e-25 1.758643239912485421e-24 1.477172078262461934e-23 1.450692072344645269e-25
3.689621347227101214e+06 7.024070249067731518e-25 2.311185934522268711e-23 4.196948572366973993e-26 4.532091307599635636e-25 3.275073839677145598e-24 4.133459211293205956e-26
4.920189143094656989e+06 1.730305369368875151e-25 5.166014798065054654e-24 1.126535897072354056e-26 1.154611992066173508e-25 7.165917242788425334e-25 1.180652079723414321e-26
6.561177672614024952e+06 4.292973831155018999e-26 1.121839700859284631e-24 3.083054235711687722e-27 2.920002086454173894e-26 1.550100359147729244e-25 3.318807913288096738e-27
8.749471046662278473e+06 1.066059615241202977e-26 2.390593239781150193e-25 9.080332346652044176e-28 7.548812361596030710e-27 3.354420902391810209e-26 8.718214266803573106e-28
1.166760716081662104e+07 2.663654426035657327e-27 5.014375046363696234e-26 2.522140084938427720e-28 1.975099882436419302e-27 7.302945448414513208e-27 2.396995971776535091e-28
1.555900421101123467e+07 6.654502721942869080e-28 1.045906853485364719e-26 6.975807034082580318e-29 5.148211016602903572e-28 1.613883512151626175e-27 6.687064579062687239e-29
2.074826557850288972e+07 1.706376815506711211e-28 2.179177892320022452e-27 1.897240051721550683e-29 1.346208966045259479e-28 3.584862005144277119e-28 1.737001596299773704e-29
2.766825682915017009e+07 4.436322716344391148e-29 4.547200807506894955e-28 4.991394332266835329e-30 3.509804322888090092e-29 8.061418537378357959e-29 4.617564265614433294e-30
3.689621347227101028e+07 1.179298172501333989e-29 9.534181067191419685e-29 1.369871293251016394e-30 9.218224050274579562e-30 1.843869051641095261e-29 1.226240135392068064e-30
4.920189143094656616e+07 3.101372558009597677e-30 2.022595595583464187e-29 3.692075053063900845e-31 2.440213349280402462e-30 4.301890813979083087e-30 3.270707429848217191e-31
6.561177672614024580e+07 8.175778270809830144e-31 4.284818391764661629e-30 9.749102758645377451e-32 6.448107448546670925e-31 1.021034811962494234e-30 8.887022796499881733e-32
8.749471046662279963e+07 2.177260879269293587e-31 9.220543563880975022e-31 2.577359013653199474e-32 1.748831944037539471e-31 2.511389409536154872e-31 2.502443142980338832e-32
1.166760716081662029e+08 5.825978407808675170e-32 2.027855190309836102e-31 7.115150827004946987e-33 4.806618659631971291e-32 6.316840781467041047e-32 7.152847395401815703e-33
1.555900421101123393e+08 1.528928862065682228e-32 4.483793903543405140e-32 1.867017595591703692e-33 1.298079082667439971e-32 1.601360590245251096e-32 1.946950448781689538e-33
2.074826557850289047e+08 4.034923362649643125e-33 1.005219579414604862e-32 4.929570821974932471e-34 3.548810732567027684e-33 4.121350537976812461e-33 5.239500710377436563e-34
2.766825682915017605e+08 1.054641401802949423e-33 2.272825002477835455e-33 1.349514793141205906e-34 9.095708695648782875e-34 1.023266768357589968e-33 1.354250924532281275e-34
3.689621347227101326e+08 2.762689985586368571e-34 5.235338652256641237e-34 3.643478421081893827e-35 2.346275005491362822e-34 2.567637631488368778e-34 3.421344132547008904e-35
4.920189143094656467e+08 7.363126990538666630e-35 1.236129442063769758e-34 9.451810546092019690e-36 5.899860557747378518e-35 6.352108244832866612e-35 9.196468902257725003e-36
6.561177672614024878e+08 1.924866927698148548e-35 2.935529863089734202e-35 2.396989940517035567e-36 1.512119710258659199e-35 1.598952758258617454e-35 2.379665961976039639e-36
8.749471046662279367e+08 5.048024464911930293e-36 7.072943291707058561e-36 6.272506186601401932e-37 3.844077639627623134e-36 4.009580329835976565e-36 5.779568292517325805e-37
1.166760716081662178e+09 1.265117341800718729e-36 1.664021500702174464e-36 1.547784882307397511e-37 9.299656550260230608e-37 9.675770440848518084e-37 1.367885219340432971e-37
1.555900421101123333e+09 3.043881098676863954e-37 3.843383419971622076e-37 3.520775609504868397e-38 2.190358488613326750e-37 2.267759793295263895e-37 3.247851194043436523e-38
2.074826557850289106e+09 7.416332475217231849e-38 9.030766606188960402e-38 7.794629807563212154e-39 5.172886296934208233e-38 5.331163712489736276e-38 7.338925644847772968e-39
2.766825682915017128e+09 1.721939921940852504e-38 2.043670627907346192e-38 1.604846829960785407e-39 1.206493600069090859e-38 1.238922900859668449e-38 1.551838077875451238e-39
3.689621347227100849e+09 4.049794231241029450e-39 4.697411131502808836e-39 3.099551969412110807e-40 2.682582548904135577e-39 2.737483064262607521e-39 3.030123873312042884e-40
4.920189143094656944e+09 8.980908744504523113e-40 1.022263785172920750e-39 5.949108475082322143e-41 5.650120208558528733e-40 5.773222801188284828e-40 5.743240775223412063e-41
6.561177672614025116e+09 2.008604895425789967e-40 2.262407147047684464e-40 1.121565715771259347e-41 1.178790335647867828e-40 1.210958976360386783e-40 1.133700923447851759e-41
8.749471046662279129e+09 4.169661465231295143e-41 4.681119325454049727e-41 1.892263384446155093e-42 2.425979589436086583e-41 2.499257657554415715e-41 2.024774570073589324e-42
1.166760716081661987e+10 8.324013512854576045e-42 9.351438689931932184e-42 2.859466439748311142e-43 4.453334187482016545e-42 4.580259252792916834e-42 3.137130962283859942e-43
1.555900421101123428e+10 1.574878038674662162e-42 1.775871420102438515e-42 4.078084648871676183e-44 7.464414999449621682e-43 7.752072431961911274e-43 4.625745528482078112e-44
2.074826557850289154e+10 2.674089022501637647e-43 3.084094229520418564e-43 4.879283185891457495e-45 1.043891462851550151e-43 1.102992722543167676e-43 5.973547296245053826e-45
2.766825682915017319e+10 4.248826217084727958e-44 5.003531410806904526e-44 4.253395308398000363e-46 1.163416209925572535e-44 1.258880339515622940e-44 5.459360753217230853e-46
3.689621347227101135e+10 5.356034209861657382e-45 6.624605323154283129e-45 2.229088308015712026e-47 9.629391634000516393e-46 1.030514848213801562e-45 3.154159691332241536e-47
4.920189143094656372e+10 4.701177523991019524e-46 6.667221588615052071e-46 8.475237129169258585e-49 2.307395116763068525e-47 3.190398310200302159e-47 7.760596445089109243e-49
6.561177672614024353e+10 1.650209095959493516e-47 3.952938866901754166e-47 4.130016162935148406e-51 2.063998443800807325e-49 5.844993562460920612e-49 2.242264905426971796e-50
8.749471046662280273e+10 4.193308376832111516e-51 1.006669966648599214e-48 4.173351529688778656e-53 2.188607715202757845e-51 8.989230308124549533e-51 2.835351070351798901e-52
