1.166760716081661986e+00 6.510033998176511421e-04 1.215281059460454486e-03 2.069036689307800231e-10 5.646939872997737376e-04 1.216648906460304682e-03 2.289270557513095559e-10
1.555900421101123365e+00 4.392171777745915899e-04 8.290406874034378457e-04 2.076767376130726890e-10 3.795584508388228175e-04 8.283771328606838675e-04 2.248427135769932235e-10
2.074826557850288911e+00 2.890383850107340483e-04 5.484469561696220631e-04 1.942802494550471333e-10 2.480562271474331579e-04 5.484796926707732152e-04 2.034691804877272617e-10
2.766825682915017293e+00 1.842358654961843110e-04 3.506050484158678674e-04 1.605989956310047408e-10 1.567374306235520625e-04 3.511100507452467813e-04 1.628863320226705082e-10
3.689621347227101111e+00 1.133053422881096672e-04 2.159737798498979834e-04 1.301083936083134046e-10 9.538803470703622451e-05 2.165224589793049187e-04 1.274902166044208083e-10
4.920189143094656714e+00 6.714204211163090253e-05 1.278586783381691994e-04 1.050437663056257453e-10 5.580433974521812029e-05 1.283764708788814922e-04 1.005026171525378246e-10
6.561177672614024736e+00 3.826116735182709671e-05 7.260255262259904241e-05 8.161604007832759341e-11 3.133036503669419742e-05 7.305407911410271562e-05 7.763378450872962938e-11
8.749471046662279150e+00 2.091085998026026704e-05 3.943701268906643376e-05 5.963938235245491779e-11 1.685586596443295712e-05 3.982093996779255434e-05 5.626222092268057575e-11
1.166760716081661897e+01 1.093657231201891591e-05 2.046728875945470771e-05 4.026842335303099303e-11 8.691659160547630749e-06 2.077461187513299698e-05 3.804905390586641696e-11
1.555900421101123499e+01 5.478356276963868575e-06 1.020953665334653062e-05 2.663527943243510248e-11 4.310894513482693997e-06 1.039932910659926398e-05 2.540291291805103795e-11
2.074826557850288822e+01 2.647034252477165395e-06 4.961162626419200615e-06 1.735544894266738327e-11 2.074563726750145857e-06 5.036358739516713927e-06 1.675383388681475087e-11
2.766825682915017381e+01 1.250503712317577480e-06 2.377360451258063089e-06 1.104320453782134698e-11 9.810052710748363857e-07 2.388796939802674589e-06 1.072412832679036671e-11
3.689621347227100756e+01 5.853807832149428685e-07 1.132788892273268630e-06 6.665604477029388628e-12 4.611114195896731466e-07 1.122477500116970340e-06 6.527527968772034583e-12
4.920189143094656714e+01 2.734361225701372481e-07 5.369717034762631809e-07 3.774241014075754490e-12 2.165723540444808787e-07 5.261247198144646571e-07 3.734463742443219183e-12
6.561177672614024914e+01 1.274947831547835167e-07 2.535966849880862564e-07 2.092021766123967942e-12 1.015457014473540343e-07 2.464354624902328958e-07 2.096356195982785231e-12
8.749471046662279150e+01 5.915340057243438377e-08 1.195116869058776141e-07 1.142974813432286952e-12 4.736077927972225012e-08 1.151879999856933212e-07 1.152213739952571060e-12
1.166760716081661968e+02 2.720604516994676156e-08 5.603942293855388966e-08 6.148568884199924461e-13 2.187964056579552511e-08 5.359823807199835408e-08 6.196035623778906347e-13
1.555900421101123356e+02 1.234548114005647117e-08 2.608458942632359011e-08 3.240846232397946062e-13 9.963602908655765062e-09 2.474965048311324282e-08 3.267637842575385624e-13
2.074826557850288964e+02 5.498819909577667691e-09 1.201900629551928039e-08 1.670735284855650765e-13 4.448285917154763569e-09 1.130057110428493157e-08 1.694878455281028656e-13
2.766825682915017524e+02 2.392419177378966108e-09 5.467121414505815660e-09 8.666883235836144144e-14 1.937270175344745227e-09 5.083748545369986698e-09 8.660772031762514042e-14
3.689621347227101182e+02 1.012705073158209566e-09 2.451937159141323945e-09 4.462552026837336425e-14 8.198905193015359173e-10 2.246270071995636549e-09 4.385843281584963564e-14
4.920189143094656856e+02 4.160616392171049046e-10 1.083424588774677654e-09 2.255911181470435735e-14 3.364246106347439435e-10 9.729920476198380380e-10 2.206576190102642192e-14
6.561177672614023777e+02 1.657281829609721684e-10 4.715941184007526530e-10 1.118079300479767241e-14 1.336987450311120274e-10 4.130165045682559528e-10 1.103753929063774909e-14
8.749471046662279150e+02 6.400431557469851803e-11 2.023485759521834383e-10 5.470166661642369859e-15 5.146439211471119534e-11 1.718256965431892808e-10 5.418907727177785371e-15
1.166760716081661940e+03 2.399508083081821157e-11 8.571848674267736055e-11 2.636374919279938202e-15 1.921063350932108605e-11 7.015914568896181870e-11 2.662778039981351929e-15
1.555900421101123356e+03 8.752815991702096458e-12 3.592135339261072102e-11 1.267060078424167619e-15 6.971068537870692899e-12 2.817270240866744148e-11 1.315599818295757081e-15
2.074826557850288737e+03 3.117670513704149876e-12 1.491164083997439220e-11 6.126009978416032509e-16 2.469240528857820115e-12 1.116188942769670682e-11 6.453498638668517467e-16
2.766825682915017296e+03 1.089755082447344322e-12 6.153348331510533493e-12 2.960345278605311999e-16 8.583753131411796248e-13 4.377136436047050418e-12 3.100949444276167494e-16
3.689621347227101069e+03 3.764370837575455616e-13 2.532099852501643780e-12 1.423512759236585014e-16 2.948247198995361866e-13 1.706844667033840037e-12 1.467445178713347937e-16
4.920189143094656174e+03 1.295974267804903661e-13 1.041687691235354841e-12 6.882247945651008780e-17 1.008445727253015362e-13 6.657072139138020216e-13 6.987834809174867729e-17
6.561177672614025141e+03 4.482059639195605328e-14 4.290493980465269347e-13 3.366453830335442250e-17 3.460916863996416217e-14 2.610184064984361758e-13 3.343960894668809193e-17
8.749471046662278241e+03 1.567323210643997298e-14 1.769461617593320331e-13 1.633619153010590086e-17 1.198408771289465633e-14 1.030533024853949112e-13 1.611041960016433068e-17
1.166760716081662031e+04 5.563169955181918465e-15 7.308450857869343993e-14 7.853723116248833685e-18 4.199979362964294912e-15 4.091249820595762667e-14 7.743420880979993570e-18
1.555900421101123356e+04 2.003966021643781444e-15 3.019597681015789547e-14 3.746783360885607658e-18 1.489324080831219941e-15 1.629363635022017039e-14 3.710274829715450470e-18
2.074826557850289100e+04 7.301616150263007422e-16 1.242452155768658089e-14 1.781813577813621778e-18 5.326547804176480240e-16 6.476313357103235607e-15 1.772068525152429332e-18
2.766825682915017387e+04 2.676997536072400750e-16 5.065500958947079541e-15 8.394220677489958696e-19 1.911885361621614710e-16 2.550419613600010727e-15 8.385091427039598096e-19
3.689621347227100341e+04 9.811000264106501207e-17 2.042006602755830396e-15 3.922754237687805976e-19 6.848361636474502781e-17 9.894401128487628415e-16 3.912600815288390428e-19
4.920189143094656174e+04 3.573126108015139807e-17 8.088872998462806003e-16 1.807897430398169466e-19 2.435298007453700819e-17 3.754112419833879536e-16 1.811609440302852330e-19
6.561177672614024777e+04 1.287066636686559111e-17 3.134725989044968987e-16 8.131837279506401491e-20 8.569488201793819884e-18 1.385163657178435734e-16 8.226128207002883503e-20
8.749471046662278241e+04 4.563846130916923972e-18 1.185275783962200599e-16 3.576817166673671985e-20 2.973688836208011944e-18 4.961183642852854989e-17 3.624623312736191678e-20
1.166760716081661958e+05 1.589488081770351247e-18 4.355680222436039668e-17 1.543437278792589063e-20 1.015887568906803491e-18 1.720079724718368682e-17 1.550779683534820835e-20
1.555900421101123211e+05 5.429653192759396242e-19 1.554384166740006760e-17 6.546681023997971205e-21 3.407986831117643021e-19 5.754978687917848320e-18 6.420410743935951106e-21
2.074826557850289100e+05 1.814495114447977770e-19 5.397236405638592410e-18 2.675092418370142738e-21 1.119923788131550301e-19 1.855813933777456496e-18 2.617200857940212133e-21
2.766825682915017242e+05 5.921720549888639041e-20 1.816823667509167772e-18 1.035782308978252467e-21 3.604567824904535132e-20 5.753399671769811374e-19 1.042786286132626737e-21
3.689621347227101214e+05 1.888414062462920236e-20 5.907890364197380027e-19 3.827511972271095016e-22 1.135702013491650439e-20 1.712884205601223437e-19 3.957737022387292757e-22
4.920189143094656756e+05 5.862131930328554808e-21 1.867422157812612837e-19 1.414871965372149511e-22 3.492147150524802384e-21 4.922052814461462060e-20 1.419097549548337169e-22
6.561177672614024486e+05 1.757205474738211883e-21 5.724332808244550038e-20 4.983858456928414123e-23 1.041222361814063013e-21 1.358486177679706359e-20 4.951490605516002113e-23
8.749471046662279405e+05 5.064383630927629087e-22 1.688782381254405873e-20 1.634225270426491893e-23 3.015497608825766145e-22 3.584262133767797870e-21 1.665128209793276755e-23
1.166760716081662104e+06 1.407650955680659196e-22 4.751798451723669851e-21 5.370042503627976150e-24 8.501855088449672524e-23 9.099396801797951913e-22 5.343022542030478829e-24
1.555900421101123560e+06 3.767204546396520099e-23 1.272896396520559976e-21 1.699720017406236851e-24 2.325426786141321025e-23 2.221140327039967625e-22 1.648189591146410590e-24
2.074826557850289159e+06 9.778960083639855808e-24 3.247123465052385070e-22 4.969723330049426717e-25 6.179306539233048093e-24 5.218584713759214347e-23 4.915908403653876986e-25
2.766825682915017474e+06 2.488199690371939007e-24 7.886493928766184725e-23 1.445619061228255773e-25 1.610006057616140165e-24 1.187482424282688398e-23 1.451218218419775292e-25
3.689621347227101214e+06 6.233997679781899698e-25 1.833537125639423633e-23 4.198142030886884621e-26 4.194397756061412834e-25 2.645546540162449776e-24 4.134395360127084366e-26
4.920189143094656989e+06 1.557399782778701239e-25 4.104393855073781078e-24 1.126740361197667449e-26 1.078972104179275358e-25 5.821584578568287552e-25 1.180744612164187536e-26
6.561177672614024952e+06 3.921528576191757760e-26 8.930713483674755193e-25 3.082926437412722727e-27 2.753396888235673491e-26 1.267866127282006029e-25 3.318443548387723481e-27
8.749471046662278473e+06 9.873088454006387181e-27 1.907673086676444479e-25 9.076639680905527960e-28 7.185117552568538089e-27 2.769337039688703342e-26 8.714871417483334610e-28
1.166760716081662104e+07 2.497381044757769346e-27 4.013200188497540875e-26 2.520149571989590709e-28 1.895664282597410836e-27 6.099250226173538324e-27 2.395193117574856707e-28
1.555900421101123467e+07 6.305592292119046829e-28 8.400285203008518688e-27 6.967073761003803001e-29 4.976426194393771446e-28 1.364466496320076133e-27 6.678980350577787605e-29
2.074826557850288972e+07 1.633077583175564304e-28 1.758147053282131782e-27 1.893801070412501618e-29 1.308952845593516983e-28 3.074532696377490883e-28 1.733901155713406294e-29
2.766825682915017009e+07 4.281026109013474949e-29 3.688957471993025540e-28 4.978476744706466234e-30 3.427809481563902803e-29 7.014865776927143064e-29 4.605726691261488292e-30
3.689621347227101028e+07 1.145741886888610638e-29 7.789833443159224607e-29 1.364964355377574978e-30 9.032673763957795704e-30 1.629184974267834633e-29 1.221841260725748183e-30
4.920189143094656616e+07 3.027219223784507740e-30 1.665331659185334917e-29 3.674096545461509224e-31 2.396348844714847053e-30 3.861170204051697105e-30 3.254422519050807749e-31
6.561177672614024580e+07 8.003856891854879693e-31 3.560793825402211556e-30 9.684444974330523652e-32 6.337891764716555018e-31 9.292823681307947632e-31 8.826459671132825927e-32
8.749471046662279963e+07 2.134765249971280127e-31 7.744820126574758164e-31 2.554139742873075486e-32 1.718689301498734000e-31 2.316003405204241529e-31 2.479400173365033903e-32
1.166760716081662029e+08 5.713079995343793075e-32 1.722945493769410912e-31 7.029384906620648569e-33 4.717373690735408516e-32 5.892964584379536772e-32 7.065609590614777510e-33
1.555900421101123393e+08 1.497155187035304415e-32 3.852982827620484108e-32 1.836908031986073835e-33 1.270203599956558052e-32 1.505880907144461593e-32 1.915366632170806520e-33
2.074826557850289047e+08 3.939957368061664791e-33 8.737414487276897965e-33 4.822153340937679625e-34 3.458432146246332744e-33 3.895084204291639305e-33 5.126797881780489323e-34
2.766825682915017605e+08 1.025250437534561337e-33 1.996694630131941426e-33 1.310788250703565218e-34 8.810134409036074733e-34 9.676061076389227577e-34 1.315755084335077230e-34
3.689621347227101326e+08 2.670145779170285558e-34 4.641006465766326861e-34 3.506439097710300757e-35 2.255202970687037284e-34 2.423106534984124500e-34 3.291092837691016490e-35
4.920189143094656467e+08 7.068452507308835468e-35 1.104775971110955020e-34 8.988026299486647130e-36 5.615385522684717351e-35 5.962028190314008462e-35 8.741557673416492870e-36
6.561177672614024878e+08 1.832430774629916293e-35 2.637312097587007428e-35 2.243362230668004449e-36 1.423416233869322555e-35 1.489768275954044378e-35 2.229737474395398593e-36
8.749471046662279367e+08 4.762850261536556616e-36 6.371725779122274023e-36 5.763028549496248628e-37 3.574632318192888824e-36 3.701196862548256250e-36 5.314053310259607728e-37
1.166760716081662178e+09 1.181032493212037377e-36 1.496716839709532657e-36 1.391840834775408305e-37 8.530577901032768317e-37 8.832161389216794939e-37 1.228787595705820189e-37
1.555900421101123333e+09 2.805338720454953505e-37 3.437342899691708989e-37 3.082422919432427149e-38 1.980932460420123698e-37 2.044169913928628104e-37 2.839918249196195135e-38
2.074826557850289106e+09 6.756746892618018939e-38 8.034797590448827203e-38 6.626636635560598871e-39 4.611410798349211488e-38 4.742692767596662874e-38 6.234331644389787712e-39
2.766825682915017128e+09 1.547577825477464035e-38 1.801576745729408366e-38 1.322271852318944945e-39 1.060470990580532185e-38 1.087756265420935039e-38 1.277007205337159538e-39
3.689621347227100849e+09 3.597840270619709076e-39 4.109621738912639396e-39 2.468552613384100156e-40 2.328121923638509033e-39 2.373852332406424957e-39 2.414812660068071877e-40
4.920189143094656944e+09 7.879731856233265435e-40 8.854568234804716313e-40 4.588666506521590116e-41 4.845959688200957993e-40 4.948971896709273049e-40 4.423874801263035306e-41
6.561177672614025116e+09 1.744462819232505331e-40 1.944550632252418104e-40 8.413881493878205222e-42 1.001042503436954138e-40 1.028133606157741618e-40 8.490424863077068485e-42
8.749471046662279129e+09 3.584719612956835450e-41 3.988669697871336692e-41 1.386224182803189309e-42 2.045116990744613031e-41 2.106741911110691570e-41 1.481265865795373633e-42
1.166760716081661987e+10 7.093865097868237566e-42 7.909206209791547070e-42 2.048731906534181301e-43 3.729947513098039193e-42 3.835074450820888357e-42 2.246192954118262016e-43
1.555900421101123428e+10 1.333850241763795114e-42 1.493681024126689940e-42 2.873324703125012854e-44 6.218045491357234856e-43 6.455909003433457045e-43 3.253759977974500557e-44
2.074826557850289154e+10 2.252904426972413917e-43 2.580897935218510747e-43 3.391928321766592981e-45 8.662673858527192670e-44 9.149585193403059670e-44 4.149287722084120270e-45
2.766825682915017319e+10 3.566461015934379408e-44 4.171833683786329503e-44 2.926799924364319740e-46 9.627577606530079154e-45 1.041030197459713825e-44 3.748597346308382155e-46
3.689621347227101135e+10 4.484218668872216937e-45 5.503394167387287539e-45 1.517621936338055528e-47 7.942974602408213206e-46 8.488358678798421768e-46 2.142096772416700620e-47
4.920189143094656372e+10 3.926069458709134239e-46 5.514321005502122821e-46 5.718737643591292203e-49 1.893535855067244303e-47 2.608886751117209463e-47 5.156070531093888664e-49
6.561177672614024353e+10 1.376136187761595085e-47 3.248675649129465737e-47 2.659178091104842539e-51 1.660830735949254352e-49 4.695241171290475598e-49 1.466342434898203639e-50
8.749471046662280273e+10 3.395524989775750539e-51 8.235549630058380445e-49 2.681329867298831516e-53 1.756248605738369470e-51 7.169855128390303002e-51 1.845669721457664807e-52
