1.166760716081661986e+00 6.510641420433398987e-04 1.215453653664638062e-03 2.070824569843376069e-10 5.647558667614689231e-04 1.216816745720107314e-03 2.291131048407784080e-10
1.555900421101123365e+00 4.392477295228377869e-04 8.291474728624597139e-04 2.078600235775237910e-10 3.795914389172045343e-04 8.284809863692178941e-04 2.250312750536586796e-10
2.074826557850288911e+00 2.890499056913042788e-04 5.485091229962010904e-04 1.944543512656359698e-10 2.480710017376220266e-04 5.485394410417597684e-04 2.036463118839108681e-10
2.766825682915017293e+00 1.842371026035809775e-04 3.506385495842701417e-04 1.607486158963113494e-10 1.567419776847949755e-04 3.511414895397854089e-04 1.630368358647643410e-10
3.689621347227101111e+00 1.133021051343978988e-04 2.159902394188710647e-04 1.302337934044018914e-10 9.538771575387398948e-05 2.165373233439664468e-04 1.276157918635510474e-10
4.920189143094656714e+00 6.713753641117633250e-05 1.278658042075724803e-04 1.051479396250691364e-10 5.580225405049799709e-05 1.283824043920755629e-04 1.006063267221523536e-10
6.561177672614024736e+00 3.825695457873772503e-05 7.260508876259353479e-05 8.169983709841669806e-11 3.132809051032538563e-05 7.305569139799209248e-05 7.771708220930465091e-11
8.749471046662279150e+00 2.090756262761370629e-05 3.943764916945923155e-05 5.970397874384807917e-11 1.685405947783342662e-05 3.982082108637298039e-05 5.632656122949916678e-11
1.166760716081661897e+01 1.093428541980681859e-05 2.046735713984435925e-05 4.031608048078004356e-11 8.690453284036868381e-06 2.077405573978617059e-05 3.809643388517833474e-11
1.555900421101123499e+01 5.476898240904936539e-06 1.020953164452694709e-05 2.666956956901860649e-11 4.310164272725356488e-06 1.039884657711207701e-05 2.543680377429881799e-11
2.074826557850288822e+01 2.646112393136556872e-06 4.961152150777684979e-06 1.737959528610173850e-11 2.074105157698544409e-06 5.036023948143392289e-06 1.677759437331739902e-11
2.766825682915017381e+01 1.249847102015273123e-06 2.377282617701459357e-06 1.105973668083692001e-11 9.806451214015413351e-07 2.388511355190955409e-06 1.074038342286126867e-11
3.689621347227100756e+01 5.848198954055511774e-07 1.132606350190502921e-06 6.676535672808721889e-12 4.607540772860818963e-07 1.122154363352608140e-06 6.538301197673340467e-12
4.920189143094656714e+01 2.729065264347367197e-07 5.366984797011044930e-07 3.781215257549503777e-12 2.161955532627053418e-07 5.257430377282915807e-07 3.741374582096170082e-12
6.561177672614024914e+01 1.269990310061039489e-07 2.532719901189252884e-07 2.096332494830757757e-12 1.011707050628302852e-07 2.460192370137789103e-07 2.100642722390475168e-12
8.749471046662279150e+01 5.872083153541180493e-08 1.191841258543736198e-07 1.145572907908318400e-12 4.702291202113568425e-08 1.147825362259098815e-07 1.154798573960423672e-12
1.166760716081661968e+02 2.686369811934634130e-08 5.575130543023027714e-08 6.163787912141731778e-13 2.160759811642381988e-08 5.324739826024231149e-08 6.211224532802122685e-13
1.555900421101123356e+02 1.210228030398000412e-08 2.586117207031337723e-08 3.249627007127097051e-13 9.768431460765078617e-09 2.448025249177460955e-08 3.276376201268840783e-13
2.074826557850288964e+02 5.343656756670364121e-09 1.186488810822224785e-08 1.675672937964243403e-13 4.323033143969136047e-09 1.111616978813917427e-08 1.699758499579810284e-13
2.766825682915017524e+02 2.302850423515442303e-09 5.371412339112861041e-09 8.693748902527704473e-14 1.864714285764259699e-09 4.970123910932783910e-09 8.687405087315717072e-14
3.689621347227101182e+02 9.654083997962389303e-10 2.397620831664430923e-09 4.476722339783628343e-14 7.814976570353986004e-10 2.182385919366028896e-09 4.399951756490409616e-14
4.920189143094656856e+02 3.929459224152768070e-10 1.054802384367205893e-09 2.263196909726254162e-14 3.176404632361456574e-10 9.397273581832901522e-10 2.213819458192935269e-14
6.561177672614023777e+02 1.551585412574830636e-10 4.573774900328784779e-10 1.121756257852160556e-14 1.251081047342217830e-10 3.967430301218610452e-10 1.107424462171937897e-14
8.749471046662279150e+02 5.944232308083501732e-11 1.956062190625251143e-10 5.488109778858650002e-15 4.775859105076711083e-11 1.642545455511018790e-10 5.436969784483136473e-15
1.166760716081661940e+03 2.212340503656792749e-11 8.263557205225293608e-11 2.644891004912689750e-15 1.769213149845625007e-11 6.677736616831015423e-11 2.671468317964653576e-15
1.555900421101123356e+03 8.019015748333207503e-12 3.455461286515434782e-11 1.270993383802058265e-15 6.376824624764542441e-12 2.671345952362049870e-11 1.319663344468625483e-15
2.074826557850288737e+03 2.841622901785559644e-12 1.432214936166930705e-11 6.143899688386892809e-16 2.246056282902892553e-12 1.055110149934029216e-11 6.472022167197536927e-16
2.766825682915017296e+03 9.896884299090702517e-13 5.905073367206815531e-12 2.968392734947629597e-16 7.775148132565588937e-13 4.128567903633913530e-12 3.109227678548966157e-16
3.689621347227101069e+03 3.412690319416317565e-13 2.429526530545618010e-12 1.426991547060709551e-16 2.663902543468193583e-13 1.608102474523376955e-12 1.471111840161439665e-16
4.920189143094656174e+03 1.175104432765167230e-13 9.997803572606390242e-13 6.897108816184889182e-17 9.106240423002503843e-14 6.271379165035084215e-13 7.003818327627949283e-17
6.561177672614025141e+03 4.071506940192560322e-14 4.119188317302456525e-13 3.372694527575157719e-17 3.128401021478181849e-14 2.460652180198860810e-13 3.350807575238200745e-17
8.749471046662278241e+03 1.427878694226894146e-14 1.698537234408274097e-13 1.636173900120031271e-17 1.085591353291944748e-14 9.724029227047542146e-14 1.613930995520464118e-17
1.166760716081662031e+04 5.084399809012020721e-15 7.008135156448840956e-14 7.863950307944137601e-18 3.814768876343425059e-15 3.862616179466912903e-14 7.755389283324854833e-18
1.555900421101123356e+04 1.836616049682684028e-15 2.889134419890309349e-14 3.750855752810867254e-18 1.356339573287637525e-15 1.537891902258348358e-14 3.715177733046672484e-18
2.074826557850289100e+04 6.705082722015697175e-16 1.184674335729141362e-14 1.783427084626190670e-18 4.862218180366875229e-16 6.104374828387836669e-15 1.774042932292798584e-18
2.766825682915017387e+04 2.460989501424779304e-16 4.807817230636427538e-15 8.400556207321470995e-19 1.748523555593571744e-16 2.397925556204373181e-15 8.392881392404737801e-19
3.689621347227100341e+04 9.022846720560469674e-17 1.927780175370066787e-15 3.925205053878195342e-19 6.272961326927740265e-17 9.270591784847607760e-16 3.915635093079660772e-19
4.920189143094656174e+04 3.286044579133453192e-17 7.592728877842447108e-16 1.808819434697555459e-19 2.233868902095305814e-17 3.503152215186177024e-16 1.812768279135988288e-19
6.561177672614024777e+04 1.183569352430028416e-17 2.925705487738804358e-16 8.135353207402669048e-20 7.873212513700760447e-18 1.287011628682631609e-16 8.230629930943159772e-20
8.749471046662278241e+04 4.197337277319102015e-18 1.100409028790142686e-16 3.578173329436979062e-20 2.737552852768129441e-18 4.590693293212106247e-17 3.626361193841189553e-20
1.166760716081661958e+05 1.462568158537743826e-18 4.025052323582759145e-17 1.543955034772408917e-20 9.376497447882975050e-19 1.585826578628084159e-17 1.551429856441850881e-20
1.555900421101123211e+05 5.001206677653379558e-19 1.430817820218881002e-17 6.548607450934817293e-21 3.155648870366659764e-19 5.289647030819697140e-18 6.422873656798883112e-21
2.074826557850289100e+05 1.674000817366075492e-19 4.952844504278676957e-18 2.675811726773139023e-21 1.040900912321306588e-19 1.701708418987097968e-18 2.618112101840963900e-21
2.766825682915017242e+05 5.475044656276906163e-20 1.663321579670285420e-18 1.036052493907018903e-21 3.364522357875640286e-20 5.266579145251148305e-19 1.043114897343897019e-21
3.689621347227101214e+05 1.750540512441035494e-20 5.399460914450106374e-19 3.828499619058099306e-22 1.064970328995829406e-20 1.566228463357849049e-19 3.958914865487893507e-22
4.920189143094656756e+05 5.450009910505927701e-21 1.704675938328687757e-19 1.415215031590516810e-22 3.290355882495949418e-21 4.498075045406921857e-20 1.419501514474185760e-22
6.561177672614024486e+05 1.638716871906563792e-21 5.221246082601723923e-20 4.985053040710224498e-23 9.857273632501358025e-22 1.241302690528437309e-20 4.952776569069845237e-23
8.749471046662279405e+05 4.738670322335682110e-22 1.539599082419239780e-20 1.634626026182044999e-23 2.868578464492941714e-22 3.275917233035242811e-21 1.665532900745761799e-23
1.166760716081662104e+06 1.322064658008458673e-22 4.330983379109696227e-21 5.371258660323235946e-24 8.126897548830407094e-23 8.321704552219256981e-22 5.344277032949888361e-24
1.555900421101123560e+06 3.552104884445382003e-23 1.160112495771294328e-21 1.700073053922062726e-24 2.233010369533685919e-23 2.033199327351235049e-22 1.648543364545099053e-24
2.074826557850289159e+06 9.260765740013774704e-24 2.959772032369561026e-22 4.970660666545526057e-25 5.958203403937001432e-24 4.782757401412884109e-23 4.916760213513093024e-25
2.766825682915017474e+06 2.368179551985539451e-24 7.190647248963716125e-23 1.445815320613570638e-25 1.558641610706712106e-24 1.090008533077635344e-23 1.451388378214013864e-25
3.689621347227101214e+06 5.964386772817585367e-25 1.672479753501012349e-23 4.198465784641035819e-26 4.077166402110796515e-25 2.433552337671286497e-24 4.134619719064490855e-26
4.920189143094656989e+06 1.498257058900124744e-25 3.746124647086669703e-24 1.126765207705102066e-26 1.052642485004018418e-25 5.368502968035260129e-25 1.180725240356079758e-26
6.561177672614024952e+06 3.794239121263852975e-26 8.157895544522680760e-25 3.082670169425155004e-27 2.695325623573846469e-26 1.172664068384362761e-25 3.318093126637025621e-27
8.749471046662278473e+06 9.602797977342599705e-27 1.744352276347609671e-25 9.074429313341758482e-28 7.058265799440225541e-27 2.571823704350912284e-26 8.712833960491807986e-28
1.166760716081662104e+07 2.440209536705030800e-27 3.674197088598217972e-26 2.519098694894860524e-28 1.867922061179785573e-27 5.692542788885483282e-27 2.394225088517445100e-28
1.555900421101123467e+07 6.185258349057585550e-28 7.702263723981521123e-27 6.962683344621561381e-29 4.916192715521848113e-28 1.280099157867846321e-27 6.674886200878095469e-29
2.074826557850288972e+07 1.607655826184578678e-28 1.615199729909921087e-27 1.892112192592676550e-29 1.295778164758255318e-28 2.901648041297204924e-28 1.732369687027186100e-29
2.766825682915017009e+07 4.226636200456043344e-29 3.397135467716765906e-28 4.972220893439234603e-30 3.398374301797426261e-29 6.659542885358038538e-29 4.599971027695720387e-30
3.689621347227101028e+07 1.133798130150507616e-29 7.195744744340666060e-29 1.362608958199602744e-30 8.964436806867479074e-30 1.556049500331199050e-29 1.219725631425384283e-30
4.920189143094656616e+07 3.000183138963953615e-30 1.543425737491667389e-29 3.665511240337897229e-31 2.379663710910309105e-30 3.710213700756990944e-30 3.246648813156778389e-31
6.561177672614024580e+07 7.939037843505826309e-31 3.313166222969945827e-30 9.653709006599430527e-32 6.294233406025067325e-31 8.975842059299568030e-31 8.797685842771178833e-32
8.749471046662279963e+07 2.118081619422061291e-31 7.238550062232759812e-31 2.543146496827123706e-32 1.706216801136568033e-31 2.247560975139498769e-31 2.468496542207784671e-32
1.166760716081662029e+08 5.666874035542429190e-32 1.617904431304713798e-31 6.988950485440838332e-33 4.679073904863807409e-32 5.741341310741728718e-32 7.024505802248075437e-33
1.555900421101123393e+08 1.483700024684803642e-32 3.634423354329040349e-32 1.822786812769508054e-33 1.257947780770556474e-32 1.470748155549959704e-32 1.900559996515599285e-33
2.074826557850289047e+08 3.898759350223876043e-33 8.278163237885099698e-33 4.772107509015731913e-34 3.418189125031689064e-33 3.808989990984004007e-33 5.074298803930668104e-34
2.766825682915017605e+08 1.012343826294158625e-33 1.899160153748154415e-33 1.292893969975427865e-34 8.682822960870184126e-34 9.457606958840592635e-34 1.297972255072072154e-34
3.689621347227101326e+08 2.629417140163508209e-34 4.428083314585589861e-34 3.443789698543475444e-35 2.214833993852187073e-34 2.364862931901945642e-34 3.231596441224643832e-35
4.920189143094656467e+08 6.939407878269426843e-35 1.056900863568456899e-34 8.778928569341205472e-36 5.490782353238424757e-35 5.802327312376933869e-35 8.536481974904076059e-36
6.561177672614024878e+08 1.792378475555267372e-35 2.526613749526123657e-35 2.175329442472004381e-36 1.385162807455278513e-35 1.444772610737914620e-35 2.163251594350507635e-36
8.749471046662279367e+08 4.640935156058051419e-36 6.107043890721925072e-36 5.541994430524573409e-37 3.460508062543014472e-36 3.574390014421260793e-36 5.111999005928911830e-37
1.166760716081662178e+09 1.145660516753761136e-36 1.432811233105393644e-36 1.325844351975405806e-37 8.211357859252236543e-37 8.488551326510505853e-37 1.169997396720313150e-37
1.555900421101123333e+09 2.706739747388525601e-37 3.281332295142442114e-37 2.902501797640178993e-38 1.895821028772962833e-37 1.954378623689812634e-37 2.672679218103788572e-38
2.074826557850289106e+09 6.488461229036146437e-38 7.651160977819273886e-38 6.163115859056865278e-39 4.387997518955599595e-38 4.510205381724639415e-38 5.796357952674763562e-39
2.766825682915017128e+09 1.477901267605072285e-38 1.708699227321084391e-38 1.214160147448721943e-39 1.003537704439076725e-38 1.029054263855553262e-38 1.171937524537803944e-39
3.689621347227100849e+09 3.419986227524491869e-39 3.885280874025263121e-39 2.236434672558928710e-40 2.192426801301986536e-39 2.234993162032441753e-39 2.188197868049008382e-40
4.920189143094656944e+09 7.453390461062986025e-40 8.337348126921464417e-40 4.106305925591922000e-41 4.543321955883746414e-40 4.639224886458981544e-40 3.956534560509230968e-41
6.561177672614025116e+09 1.643559026308593034e-40 1.825355273423882946e-40 7.451696323569269086e-42 9.351176419190336535e-41 9.603709428021674704e-41 7.514037520917661888e-42
8.749471046662279129e+09 3.364367390079094177e-41 3.731726536456128655e-41 1.217158056535266971e-42 1.905431079781944120e-41 1.962817181361474103e-41 1.299812910745020026e-42
1.166760716081661987e+10 6.636104627782433415e-42 7.379200733237634713e-42 1.784743479484273928e-43 3.467308660591238679e-42 3.564635166872567528e-42 1.956047114228580638e-43
1.555900421101123428e+10 1.244969491307491330e-42 1.390786107220912959e-42 2.488654756602735717e-44 5.769430252687682830e-43 5.989493093440330904e-43 2.816073429312766937e-44
2.074826557850289154e+10 2.098837880290434669e-43 2.398798608264744131e-43 2.924494241005201088e-45 8.027316840651364278e-44 8.477216350345130420e-44 3.575795522838655086e-45
2.766825682915017319e+10 3.318374269555742831e-44 3.872648283544183832e-44 2.514875169173390226e-46 8.913188178031674591e-45 9.635207171445591240e-45 3.217575513165607760e-46
3.689621347227101135e+10 4.168840282824804356e-45 5.102638488698591202e-45 1.299339796868696126e-47 7.345566726529113869e-46 7.845626721583241372e-46 1.831035360055322885e-47
4.920189143094656372e+10 3.647150005398513121e-46 5.105389223372817128e-46 4.880556112637373503e-49 1.747396233143457999e-47 2.404302397733934408e-47 4.363814138801915686e-49
6.561177672614024353e+10 1.277818445382159701e-47 3.001277608727406701e-47 2.222013674633235665e-51 1.519624896476835685e-49 4.294686089006961880e-49 1.231434692197538809e-50
8.749471046662280273e+10 3.112572444080018503e-51 7.596674926143839973e-49 2.238481843182712371e-53 1.604805176157813965e-51 6.536342280553916006e-51 1.547509027192282485e-52
