1.166760716081661986e+00 8.058100730832940938e-04 1.500119938980940806e-03 2.710857898484746811e-10 6.955490374350494767e-04 1.501377809765299222e-03 2.986825926920028019e-10
1.555900421101123365e+00 5.449014003627758972e-04 1.024984108244663501e-03 2.722349534696813810e-10 4.679755976307165932e-04 1.023820240972321029e-03 2.938867918589724931e-10
2.074826557850288911e+00 3.596335482815784406e-04 6.795698595333170104e-04 2.545865694767197225e-10 3.062570088490232855e-04 6.793375899828550148e-04 2.665346245326472291e-10
2.766825682915017293e+00 2.300864863020825389e-04 4.356535884461423293e-04 2.101124252591572978e-10 1.938753998262876207e-04 4.361185636878850392e-04 2.135832304494725911e-10
3.689621347227101111e+00 1.421490977508065782e-04 2.693006189542059632e-04 1.701711162479253295e-10 1.182812033899360117e-04 2.699281313690738305e-04 1.673110673190258205e-10
4.920189143094656714e+00 8.469084212630317041e-05 1.601087924054531901e-04 1.373485797584054397e-10 6.941495883249298678e-05 1.607714284885151327e-04 1.319194874587184270e-10
6.561177672614024736e+00 4.856994036689284968e-05 9.138408231308223109e-05 1.068893236116846265e-10 3.912577033217289659e-05 9.200190250772102482e-05 1.019313828631862209e-10
8.749471046662279150e+00 2.674514508535030141e-05 4.994866915397323603e-05 7.821808266164016856e-11 2.115269949189444381e-05 5.049183895922506379e-05 7.387439107209280430e-11
1.166760716081661897e+01 1.411178552354456112e-05 2.611502165270719123e-05 5.271661502380042650e-11 1.097087436751482339e-05 2.655562320016742432e-05 4.987320322015239993e-11
1.555900421101123499e+01 7.140267133496134463e-06 1.313349123758991694e-05 3.481233205063444847e-11 5.476538806790916538e-06 1.341493257959360556e-05 3.323777912809825311e-11
2.074826557850288822e+01 3.486968434632097363e-06 6.432525272580863872e-06 2.265672183276930305e-11 2.652144729350888831e-06 6.557572513485680472e-06 2.186871230233364871e-11
2.766825682915017381e+01 1.663719808599989981e-06 3.102476673362139540e-06 1.440712931586884030e-11 1.260331917929418842e-06 3.135923650749631720e-06 1.397287562096321607e-11
3.689621347227100756e+01 7.849004378127325509e-07 1.484456103839554326e-06 8.680405679843617564e-12 5.939608212361241121e-07 1.482130238780290100e-06 8.488663292013464746e-12
4.920189143094656714e+01 3.685259125418253496e-07 7.049734858386811840e-07 4.893075382163854385e-12 2.790860141927076581e-07 6.966909828874505427e-07 4.827816556943544649e-12
6.561177672614024914e+01 1.724247282283634738e-07 3.329261987530303720e-07 2.695679999204470840e-12 1.308216326731781844e-07 3.264338010526358609e-07 2.690789668074854314e-12
8.749471046662279150e+01 8.032912119453650161e-08 1.567378881665152435e-07 1.460599838021203923e-12 6.112006096262996876e-08 1.524804247467750330e-07 1.468800700101518812e-12
1.166760716081661968e+02 3.724378090195000598e-08 7.348803092029232954e-08 7.785009215564922390e-13 2.843738324772076574e-08 7.100491246783093914e-08 7.853021502704874799e-13
1.555900421101123356e+02 1.716070651716670890e-08 3.430925757598585735e-08 4.067899290385018222e-13 1.315558465898974059e-08 3.294783334397435049e-08 4.111344065172997042e-13
2.074826557850288964e+02 7.834333776832804905e-09 1.593241113690800518e-08 2.082665817062433219e-13 6.030069867274853970e-09 1.521276158342726974e-08 2.116046722671008496e-13
2.766825682915017524e+02 3.526572013525992411e-09 7.343566894458645473e-09 1.075618013376706314e-13 2.724281554149214574e-09 6.969178548701020455e-09 1.075078604304740828e-13
3.689621347227101182e+02 1.556044856748160562e-09 3.352768457251390451e-09 5.521957713942378520e-14 1.205979604037585909e-09 3.154719510164822488e-09 5.421850591517983808e-14
4.920189143094656856e+02 6.694401013081395551e-10 1.512711175011241801e-09 2.788687235098947282e-14 5.203368508240279305e-10 1.405454705491309831e-09 2.722649621919406583e-14
6.561177672614023777e+02 2.797574270951344232e-10 6.731284077940586959e-10 1.381698989992018673e-14 2.179692261677644585e-10 6.146529720051870702e-10 1.362125332123887095e-14
8.749471046662279150e+02 1.133438827259730078e-10 2.951750205333226866e-10 6.771696673993302824e-15 8.846525029170342438e-11 2.634980179344526583e-10 6.704702146717405286e-15
1.166760716081661940e+03 4.451466192558172645e-11 1.276552433993753388e-10 3.277141853271034918e-15 3.477322311843549316e-11 1.107796546799825930e-10 3.309479222070457378e-15
1.555900421101123356e+03 1.696606600778686941e-11 5.451591940552753697e-11 1.581559811276776937e-15 1.324965447481167055e-11 4.572942815719005533e-11 1.642629288102455598e-15
2.074826557850288737e+03 6.287152654517598689e-12 2.300634803290808988e-11 7.670652233780409706e-16 4.904072848165879820e-12 1.856863171337065605e-11 8.093461887840353278e-16
2.766825682915017296e+03 2.271172873356812123e-12 9.618055554641174880e-12 3.711175412569600730e-16 1.767971145385829070e-12 7.424472075800965444e-12 3.899998081728954056e-16
3.689621347227101069e+03 8.029892472557576013e-13 3.991006050005464438e-12 1.781478543748297169e-16 6.229246797700055718e-13 2.928279798207134091e-12 1.840832526534889933e-16
4.920189143094656174e+03 2.793501739201251173e-13 1.647073428618994673e-12 8.558712324730065768e-17 2.154757032585957023e-13 1.142740225679235608e-12 8.694078965838936315e-17
6.561177672614025141e+03 9.617726256199196918e-14 6.774708328662788226e-13 4.135082539007061759e-17 7.357340174296913878e-14 4.427541257220520504e-13 4.097330798846145766e-17
8.749471046662278241e+03 3.297382570356411104e-14 2.781514875419592027e-13 1.968450633717306734e-17 2.493704808320843333e-14 1.707149146368276158e-13 1.931320978480008660e-17
1.166760716081662031e+04 1.132122379078049414e-14 1.141920321028501741e-13 9.215053511250603227e-18 8.432823790034491897e-15 6.561261960685270775e-14 9.022152625883744397e-18
1.555900421101123356e+04 3.906163451136136135e-15 4.687572604348798092e-14 4.246317787014761614e-18 2.854781257389546443e-15 2.518086606458888436e-14 4.182150665990898604e-18
2.074826557850289100e+04 1.355663619630850925e-15 1.916182515069682459e-14 1.946635268948674906e-18 9.686438722582253649e-16 9.642606610911189301e-15 1.927737072681297945e-18
2.766825682915017387e+04 4.725248979873348384e-16 7.757376077687416943e-15 8.836619442328467072e-19 3.290726809087938952e-16 3.670264914141508421e-15 8.790590591973135077e-19
3.689621347227100341e+04 1.647567420915953782e-16 3.101006064528424664e-15 3.988548189795017924e-19 1.116339298568726854e-16 1.383835098712182516e-15 3.953922050096428779e-19
4.920189143094656174e+04 5.720769246043310906e-17 1.215777960627637634e-15 1.780902427012584472e-19 3.769089147545254738e-17 5.132485606275918721e-16 1.775315743969016311e-19
6.561177672614024777e+04 1.970124622107413050e-17 4.652788682598507880e-16 7.779360458944073695e-20 1.263817089906436105e-17 1.861103031761747140e-16 7.865673011843524107e-20
8.749471046662278241e+04 6.699118637075105051e-18 1.733207516720052945e-16 3.344360801246459244e-20 4.196445969317159707e-18 6.583130559238781315e-17 3.399630335741737509e-20
1.166760716081661958e+05 2.245336242565721604e-18 6.262000863275890634e-17 1.423260843828136476e-20 1.378850600907984834e-18 2.264926660251678284e-17 1.433710201536682581e-20
1.555900421101123211e+05 7.414928743212770337e-19 2.194270845085817728e-17 6.018315956527267753e-21 4.479591626591388476e-19 7.558812822370663088e-18 5.900737969421710160e-21
2.074826557850289100e+05 2.410631713389940109e-19 7.482717210226556754e-18 2.480442199850299606e-21 1.439682272356775011e-19 2.447652380823722518e-18 2.425789719715413566e-21
2.766825682915017242e+05 7.724428375363935334e-20 2.478074589794803917e-18 9.859804433760175203e-22 4.593713543361860148e-20 7.691162069710093226e-19 9.912618152656041276e-22
3.689621347227101214e+05 2.452798591594937219e-20 7.958467031107188277e-19 3.827031305358287505e-22 1.461832190740112655e-20 2.352017434606102426e-19 3.942945906148270803e-22
4.920189143094656756e+05 7.731608315007372313e-21 2.504990557983974833e-19 1.517489206891367804e-22 4.655715960866079745e-21 7.065290517676868915e-20 1.524218918971718008e-22
6.561177672614024486e+05 2.416750843125846445e-21 7.740696834073788664e-20 5.918601937409744665e-23 1.486529742734849607e-21 2.087333464868809080e-20 5.907237334354210779e-23
8.749471046662279405e+05 7.520388576686497177e-22 2.340817221237163462e-20 2.254901412125295256e-23 4.799020923162917249e-22 6.075464408912009523e-21 2.288037981858397025e-23
1.166760716081662104e+06 2.356329214902177427e-22 6.907987479249885177e-21 8.854655181128623230e-24 1.580247006876173858e-22 1.762676972133791363e-21 8.861590478302373979e-24
1.555900421101123560e+06 7.505898221432234972e-23 2.000324263888955509e-21 3.494959741905412593e-24 5.331748736251664335e-23 5.125933009277322148e-22 3.469916599682495267e-24
2.074826557850289159e+06 2.461265796170879920e-23 5.727560007609354659e-22 1.368827858115496538e-24 1.852587362796997070e-23 1.503482510526069420e-22 1.380136984212545535e-24
2.766825682915017474e+06 8.381296243920963025e-24 1.633778715842662090e-22 5.531437011972808260e-25 6.658911737500942250e-24 4.480141124770060863e-23 5.580248186126808793e-25
3.689621347227101214e+06 2.979783338273093282e-24 4.692921455186522142e-23 2.270516719408379444e-25 2.483984104867056188e-24 1.365052528854584905e-23 2.278479557998781516e-25
4.920189143094656989e+06 1.107804521194126340e-24 1.369697552088897669e-23 9.302917418754803314e-26 9.575662411145306887e-25 4.271209290765456029e-24 9.466614209650590719e-26
6.561177672614024952e+06 4.288219435282454608e-25 4.090258050340728752e-24 3.951361706843338359e-26 3.823944197841940790e-25 1.377012808029449880e-24 3.993304897345602218e-26
8.749471046662278473e+06 1.724659084456476214e-25 1.252513625612200292e-24 1.728023089361185739e-26 1.586642688377810286e-25 4.617452753320828213e-25 1.706770558706577588e-26
1.166760716081662104e+07 7.206634864098823967e-26 3.939482771216104840e-25 7.610179544350278560e-27 6.791933798957323738e-26 1.621509750142238781e-25 7.570228416823556840e-27
1.555900421101123467e+07 3.117711034453882108e-26 1.283377275911110733e-25 3.432948627403297683e-27 2.984629332472685535e-26 5.989174634714771460e-26 3.420095839492278208e-27
2.074826557850288972e+07 1.386790547224233329e-26 4.358315570531585861e-26 1.563179528293433164e-27 1.339351765365528453e-26 2.315911615810579950e-26 1.547462903181524274e-27
2.766825682915017009e+07 6.267339773733499633e-27 1.552622710714284502e-26 7.168796692729696941e-28 6.092889653042318562e-27 9.316725929616488936e-27 7.108366435475162020e-28
3.689621347227101028e+07 2.853001853242660559e-27 5.809946389205052788e-27 3.304140903697771866e-28 2.788770350721483990e-27 3.865911926470547608e-27 3.256725620862682977e-28
4.920189143094656616e+07 1.300228982305319123e-27 2.270137827720480300e-27 1.517705916095053494e-28 1.277593563280889395e-27 1.638078085018928337e-27 1.500349316003576130e-28
6.561177672614024580e+07 5.937503772856548787e-28 9.174143165319485093e-28 6.961666431983984174e-29 5.843973142111355046e-28 7.046736166171380275e-28 6.903426390251016589e-29
8.749471046662279963e+07 2.701180394288320552e-28 3.794170569623951689e-28 3.176755209025130496e-29 2.667546712115446770e-28 3.064077394929215837e-28 3.179295014264473212e-29
1.166760716081662029e+08 1.217281140162148023e-28 1.588095619478328955e-28 1.454627286393218350e-29 1.206843086532820764e-28 1.334696368887179248e-28 1.450399634657031939e-29
1.555900421101123393e+08 5.432182343414824453e-29 6.685606755533284863e-29 6.518370742090079881e-30 5.389719034416788387e-29 5.793814716457204859e-29 6.481379344091301714e-30
2.074826557850289047e+08 2.403695032214499276e-29 2.821679868298937432e-29 2.887275552786137765e-30 2.376903601163098337e-29 2.498316071555641852e-29 2.869418479798076753e-30
2.766825682915017605e+08 1.044477849635802208e-29 1.182518879338585410e-29 1.265364432322520950e-30 1.028580266271112385e-29 1.063624279148749137e-29 1.248058508272478617e-30
3.689621347227101326e+08 4.455264958122797006e-30 4.905856158027048588e-30 5.420657802082533032e-31 4.372872016591882351e-30 4.466645787030882283e-30 5.332406197608488692e-31
4.920189143094656467e+08 1.860499387681222870e-30 2.005218675887719748e-30 2.243064323689873027e-31 1.816694946435404536e-30 1.838848043524848141e-30 2.243048636067615832e-31
6.561177672614024878e+08 7.558905324622332510e-31 8.022608602329764836e-31 9.032642493635648688e-32 7.360280991741590188e-31 7.395956804502357509e-31 9.106117971284839957e-32
8.749471046662279367e+08 2.976794793576875286e-31 3.124049856589706267e-31 3.537747881813674699e-32 2.881328548652435929e-31 2.881174064620544557e-31 3.516287792634923548e-32
1.166760716081662178e+09 1.129363321252146789e-31 1.175227987846622405e-31 1.319506077945078612e-32 1.084714164449410355e-31 1.081793121418373929e-31 1.294796751556632554e-32
1.555900421101123333e+09 4.115097292998033294e-32 4.261091202420299503e-32 4.684389944496417760e-33 3.926572563685848598e-32 3.907655315304424700e-32 4.577887547638328544e-33
2.074826557850289106e+09 1.445861884288313037e-32 1.492953553656944766e-32 1.571035160882599395e-33 1.355496414959672796e-32 1.348370596250306242e-32 1.528767634557820087e-33
2.766825682915017128e+09 4.844356766795999291e-33 4.999717220214759145e-33 4.866228922724133014e-34 4.438389623315873112e-33 4.417551302776641627e-33 4.761355254563612337e-34
3.689621347227100849e+09 1.545118012044472271e-33 1.596068200314922654e-33 1.375840214812591770e-34 1.362526821037891454e-33 1.357457938922537592e-33 1.367835287574880338e-34
4.920189143094656944e+09 4.630801717921415984e-34 4.798397672195791531e-34 3.613433267632773450e-35 3.917320846285217572e-34 3.908576067648602828e-34 3.688363085337741173e-35
6.561177672614025116e+09 1.308628922934176122e-34 1.365155394862476065e-34 9.053371603327436648e-36 1.058815267257208305e-34 1.060382251686489117e-34 9.301330796624039130e-36
8.749471046662279129e+09 3.406174733217557497e-35 3.594862062127542901e-35 1.992145321793170985e-36 2.632249217273843675e-35 2.654544341934781904e-35 2.087250347861383852e-36
1.166760716081661987e+10 8.252350882958025968e-36 8.829124275997169978e-36 3.779580629152757446e-37 5.747006040755272074e-36 5.822182027371158451e-36 4.073709891957494527e-37
1.555900421101123428e+10 1.827291830823905731e-36 1.989789134364682952e-36 6.211109690240551122e-38 1.090331745696635960e-36 1.116007650240649717e-36 7.107012703812880841e-38
2.074826557850289154e+10 3.598951152679731554e-37 4.039289921578816850e-37 8.396248458158152948e-39 1.668315887951933159e-37 1.736858500321979127e-37 1.020862755210665027e-38
2.766825682915017319e+10 6.396634750726620737e-38 7.403591927370263693e-38 8.223365990174133891e-40 1.979353707971955649e-38 2.125565407931647876e-38 1.014644498952257233e-39
3.689621347227101135e+10 8.972041708667441243e-39 1.096434806492865955e-38 4.684225493482855477e-41 1.715269276874903299e-39 1.831654135359743750e-39 5.697277504339580500e-41
4.920189143094656372e+10 8.479855091111531363e-40 1.196266023307691537e-39 1.843210081865769875e-42 4.053689725349308611e-41 5.681200936998083062e-41 1.107087117790503790e-42
6.561177672614024353e+10 3.055956677215204309e-41 7.547206569152711112e-41 8.221412969793073111e-45 3.567782775349419605e-43 1.050182894637994341e-42 4.840044294704182132e-44
8.749471046662280273e+10 7.811384825026322727e-45 2.001516485534997638e-42 8.544204281679697566e-47 4.148908601268150086e-45 1.655505151020914074e-44 6.180409766349962165e-46
