1.166760716081661986e+00 8.062036184771614314e-04 1.501158357429410338e-03 2.721215202162076266e-10 6.959418624671626259e-04 1.502395675303248987e-03 2.997597151302017739e-10
1.555900421101123365e+00 5.451081694404956912e-04 1.025632219998285494e-03 2.732970671311981564e-10 4.681917392931354621e-04 1.024455466529533175e-03 2.949789607830512178e-10
2.074826557850288911e+00 3.597216579960090996e-04 6.799521483312592198e-04 2.555960064749080770e-10 3.063608009865822785e-04 6.797086329665336839e-04 2.675613545632839904e-10
2.766825682915017293e+00 2.301086462264249650e-04 4.358639836645970258e-04 2.109810118933480564e-10 1.939147977504496840e-04 4.363188565648712706e-04 2.144570399429675244e-10
3.689621347227101111e+00 1.421405822598051946e-04 2.694076058785332072e-04 1.709001674444788575e-10 1.182885577128315544e-04 2.700269955873424183e-04 1.680412985505308404e-10
4.920189143094656714e+00 8.467166969491062717e-05 1.601581202122824641e-04 1.379551141662965371e-10 6.940929895223106562e-05 1.608145112851355762e-04 1.325235726751710197e-10
6.561177672614024736e+00 4.855025877133283360e-05 9.140419596665602339e-05 1.073781904613495149e-10 3.911705694532519652e-05 9.201710646956635497e-05 1.024174889664813344e-10
8.749471046662279150e+00 2.672931800140594690e-05 4.995592203449387254e-05 7.859590035359250898e-11 2.114533497422719439e-05 5.049508427033115463e-05 7.425083090157119110e-11
1.166760716081661897e+01 1.410086941185157904e-05 2.611773738048857232e-05 5.299637635224127325e-11 1.096607197031944375e-05 2.655507051655700576e-05 5.015134235695125467e-11
1.555900421101123499e+01 7.133558486929998290e-06 1.313501790831851380e-05 3.501444269099978979e-11 5.473915765372340146e-06 1.341401074373732982e-05 3.343755263729703635e-11
2.074826557850288822e+01 3.483029206659106200e-06 6.433614954813009692e-06 2.279966709966653622e-11 2.650776456525338971e-06 6.557047891002023821e-06 2.200941026073924769e-11
2.766825682915017381e+01 1.661157782161029468e-06 3.103004035407574154e-06 1.450548361503542507e-11 1.259385055777726235e-06 3.135460881239044728e-06 1.406963211794929150e-11
3.689621347227100756e+01 7.828153319361929804e-07 1.484326893513171056e-06 8.745846025492800186e-12 5.929594709568109784e-07 1.481359326153516425e-06 8.553184299740953700e-12
4.920189143094656714e+01 3.665351225272946711e-07 7.042963890865967349e-07 4.935146125662840478e-12 2.778956781699914250e-07 6.955247845481237684e-07 4.869501835491302198e-12
6.561177672614024914e+01 1.704748014613716621e-07 3.318874120826723462e-07 2.721910311828844957e-12 1.295069376479635611e-07 3.249720444423962894e-07 2.716871055073859754e-12
8.749471046662279150e+01 7.851395267858094613e-08 1.555462213419981713e-07 1.476568269848233369e-12 5.981886097653205208e-08 1.509090203386999259e-07 1.484690360679786250e-12
1.166760716081661968e+02 3.568810865230824161e-08 7.232892025906286929e-08 7.879578934348692310e-13 2.728550920042705945e-08 6.951625826858621468e-08 7.947465811065912638e-13
1.555900421101123356e+02 1.595045047064339668e-08 3.331833756559780586e-08 4.123100105551595850e-13 1.224275963871770427e-08 3.169244537414178798e-08 4.166327703398814217e-13
2.074826557850288964e+02 6.983728254173821948e-09 1.517781785912132491e-08 2.114093906825352801e-13 5.381118850965133835e-09 1.426564842195748678e-08 2.147171721116711721e-13
2.766825682915017524e+02 2.985810675049507855e-09 6.827190958528211610e-09 1.092966334540026966e-13 2.308488122931417308e-09 6.326573227407892360e-09 1.092306303844686593e-13
3.689621347227101182e+02 1.243359494755654218e-09 3.032132240242874707e-09 5.614960015933593244e-14 9.641091070407444621e-10 2.759572236932572199e-09 5.514482480177392228e-14
4.920189143094656856e+02 5.036279168031476124e-10 1.329967911646033279e-09 2.837307827488859890e-14 3.914334733031315483e-10 1.182965093417870117e-09 2.770985439102943391e-14
6.561177672614023777e+02 1.983480441435480193e-10 5.762988399028880321e-10 1.406609937264221589e-14 1.544090651321803435e-10 4.985509239665310739e-10 1.387011452466461189e-14
8.749471046662279150e+02 7.598192426135941594e-11 2.468444570661830617e-10 6.895182599671140930e-15 5.918885118667609827e-11 2.066461110953599813e-10 6.828916893201618320e-15
1.166760716081661940e+03 2.834697338797761993e-11 1.046571994224949660e-10 3.336616520485784497e-15 2.206891021422604810e-11 8.434932646648516877e-11 3.370054611785591750e-15
1.555900421101123356e+03 1.032211579414543983e-11 4.398928969845677995e-11 1.609351999132120914e-15 8.019762644403296444e-12 3.395419436064695431e-11 1.671251958152176290e-15
2.074826557850288737e+03 3.680446466594397126e-12 1.834264337285891711e-11 7.797948043458860222e-16 2.849988229047144969e-12 1.350733092068430480e-11 8.224704540329666239e-16
2.766825682915017296e+03 1.290611346717571294e-12 7.609500120549131672e-12 3.768548764520098339e-16 9.947121680723504073e-13 5.318581796485280871e-12 3.958752149583571267e-16
3.689621347227101069e+03 4.477636821886709246e-13 3.148025199329822067e-12 1.806157684067912345e-16 3.427745380458211721e-13 2.078156779876688799e-12 1.866741971936949669e-16
4.920189143094656174e+03 1.547512352708716946e-13 1.300937255967097909e-12 8.663098786824619614e-17 1.173313139260943800e-13 8.086587508799952615e-13 8.805911266102405765e-17
6.561177672614025141e+03 5.358708075446968481e-14 5.373772456892725431e-13 4.178278579643731837e-17 4.010972673580125397e-14 3.143535316641399969e-13 4.144574737678218421e-17
8.749471046662278241e+03 1.866951760137158865e-14 2.216580906022789834e-13 1.985762438443721698e-17 1.374396878064280822e-14 1.221167107564159905e-13 1.950911943947558938e-17
1.166760716081662031e+04 6.555911794314486322e-15 9.119480849108897944e-14 9.282676232805581295e-18 4.729607826812703308e-15 4.733014194223603099e-14 9.101770291416097184e-18
1.555900421101123356e+04 2.317095045953835611e-15 3.731959805752387801e-14 4.272531291716252681e-18 1.633872697665670621e-15 1.827555039745936780e-14 4.214078703371611863e-18
2.074826557850289100e+04 8.214967944933277776e-16 1.509792746711352880e-14 1.956746151411969230e-18 5.654430910255489657e-16 7.004577090582259467e-15 1.940319283358577500e-18
2.766825682915017387e+04 2.909763941129063436e-16 6.000749319407658210e-15 8.875329076567087297e-19 1.954454429699812717e-16 2.649993556266874766e-15 8.839207575954288316e-19
3.689621347227100341e+04 1.024950924259667699e-16 2.339107459731837704e-15 4.003142844841382354e-19 6.725918644892148900e-17 9.860061727525819428e-16 3.972465376067138333e-19
4.920189143094656174e+04 3.577998094946811333e-17 8.898444209857811690e-16 1.786247419559389439e-19 2.298088091616751354e-17 3.588122702578965196e-16 1.782249794140835085e-19
6.561177672614024777e+04 1.235283166531658971e-17 3.296427472848537843e-16 7.799260353878247013e-20 7.791934495471724462e-18 1.271666219532162938e-16 7.892100634670989864e-20
8.749471046662278241e+04 4.207073009893232325e-18 1.189242742726905458e-16 3.351893201663211300e-20 2.618490091755505161e-18 4.392208070531541587e-17 3.409687337255922215e-20
1.166760716081661958e+05 1.413671697660676650e-18 4.171693421706487010e-17 1.426121408401242309e-20 8.728836007792179539e-19 1.477457134482888055e-17 1.437432378783989807e-20
1.555900421101123211e+05 4.692235617379836019e-19 1.424832932141719541e-17 6.029103828480289949e-21 2.886333025754339844e-19 4.833763190501684890e-18 5.914819171915157073e-21
2.074826557850289100e+05 1.538611438350591239e-19 4.758155280010691387e-18 2.484620422084284715e-21 9.474244238712032328e-20 1.540052671432764463e-18 2.431108854538805490e-21
2.766825682915017242e+05 4.992829685980551989e-20 1.550356893877482014e-18 9.876442759111976731e-22 3.099654836350895633e-20 4.779977227022554248e-19 9.932735151570358340e-22
3.689621347227101214e+05 1.612122208529767904e-20 4.919087647682071536e-19 3.833687562397336531e-22 1.014875097935008528e-20 1.449554956700787351e-19 3.950684140374979696e-22
4.920189143094656756e+05 5.186759115660601507e-21 1.535201514367459981e-19 1.520126510908325784e-22 3.334465882412860482e-21 4.333372648297652372e-20 1.527185087084889355e-22
6.561177672614024486e+05 1.660833858505507095e-21 4.717035248195004320e-20 5.929223474123575490e-23 1.100375648074388614e-21 1.278016636376635339e-20 5.918335605644707140e-23
8.749471046662279405e+05 5.317296197358875453e-22 1.421725009455893587e-20 2.259113717059359710e-23 3.678364979982783496e-22 3.724384934179999082e-21 2.292252958057244092e-23
1.166760716081662104e+06 1.722233182819214613e-22 4.190425782916592340e-21 8.870551615100186607e-24 1.254960819519158954e-22 1.085137092348203343e-21 8.877371486663842121e-24
1.555900421101123560e+06 5.689773250474094109e-23 1.214176472498037377e-21 3.500804343394638696e-24 4.380737835053356921e-23 3.178810201237183762e-22 3.475483299869027007e-24
2.074826557850289159e+06 1.939320680548786041e-23 3.485584913407596283e-22 1.370862444549712530e-24 1.570513820050177139e-23 9.423785080386073982e-23 1.381972489127711306e-24
2.766825682915017474e+06 6.864966257723372662e-24 9.990676289127054939e-23 5.537687546325051237e-25 5.808072182262041398e-24 2.849861398516262881e-23 5.585716336947563804e-25
3.689621347227101214e+06 2.531256849214936124e-24 2.891414963918757241e-23 2.272177350928456888e-25 2.221929789088282918e-24 8.855512067527277694e-24 2.279745127473294011e-25
4.920189143094656989e+06 9.725542354669295345e-25 8.532096157111096009e-24 9.305128695480477772e-26 8.753603845446677950e-25 2.840665739810171454e-24 9.467258208177006916e-26
6.561177672614024952e+06 3.873379950296930704e-25 2.586939305039630209e-24 3.949507321276879423e-26 3.561612575759744426e-25 9.447784522732493618e-25 3.991094210864501760e-26
8.749471046662278473e+06 1.595057444272032381e-25 8.085575037556178084e-25 1.725683563980304635e-26 1.501012796806991646e-25 3.289578197934109603e-25 1.704398220902992825e-26
1.166760716081662104e+07 6.791126582886118991e-26 2.613376727666414624e-25 7.591741986183105396e-27 6.503425885936544914e-26 1.204365140606733017e-25 7.551714628776360474e-27
1.555900421101123467e+07 2.979500739977628364e-26 8.815006033087305705e-26 3.420020705085793603e-27 2.883333803909261865e-26 4.641017884099461191e-26 3.407147890045854085e-27
2.074826557850288972e+07 1.338167254449548062e-26 3.120073904519475860e-26 1.554579207780020136e-27 1.301650165660326159e-26 1.869436570166769478e-26 1.538909464093169136e-27
2.766825682915017009e+07 6.082953138866736999e-27 1.161951402815777928e-26 7.112923320371419917e-28 5.941686934865247520e-27 7.799405567448344912e-27 7.052712041952130455e-28
3.689621347227101028e+07 2.776740179153690602e-27 4.537796204690146620e-27 3.268493652927649204e-28 2.722840357156277567e-27 3.336250791422820871e-27 3.221348778003016480e-28
4.920189143094656616e+07 1.265771173715125128e-27 1.840431085124658473e-27 1.495256041864195176e-28 1.246348235002135052e-27 1.448359321154169936e-27 1.478051232685873846e-28
6.561177672614024580e+07 5.768644202507153541e-28 7.673493824813972326e-28 6.822240368732641819e-29 5.684808379582719320e-28 6.343786379403771355e-28 6.764396867670986987e-29
8.749471046662279963e+07 2.613333102893260768e-28 3.250873727859788678e-28 3.091263885698762731e-29 2.582124917154093335e-28 2.792326876300000078e-28 3.093624818322859822e-29
1.166760716081662029e+08 1.169935351954935162e-28 1.383968783779201545e-28 1.402737918449584227e-29 1.159770988932312031e-28 1.224247717641766351e-28 1.398717901722421196e-29
1.555900421101123393e+08 5.172844132388904765e-29 5.887360277643219786e-29 6.212252262484249392e-30 5.128630871206716066e-29 5.319337480046293986e-29 6.176898923991025217e-30
2.074826557850289047e+08 2.261766183669400962e-29 2.495601977249933101e-29 2.710746593168032362e-30 2.233296596798395243e-29 2.283964072953106022e-29 2.693476637441480657e-30
2.766825682915017605e+08 9.682584903961569351e-30 1.043932847405330322e-29 1.165995164239877392e-30 9.512432960853590898e-30 9.633306474717390615e-30 1.149452646324758637e-30
3.689621347227101326e+08 4.056859329058612393e-30 4.298243901815678849e-30 4.879828636742010234e-31 3.967928043162523461e-30 3.989535868901349558e-30 4.795611829794327279e-31
4.920189143094656467e+08 1.659423574570500360e-30 1.735049246475225577e-30 1.961281059541167229e-31 1.612365655347992697e-30 1.612788601176789607e-30 1.960355174895555257e-31
6.561177672614024878e+08 6.587536798036164423e-31 6.826304111236682884e-31 7.622966933630670163e-32 6.373300182146713019e-31 6.347866599231202050e-31 7.691436442952428685e-32
8.749471046662279367e+08 2.530246230166502467e-31 2.605393937877342811e-31 2.864882129657005470e-32 2.429046807440949451e-31 2.413292607949091003e-31 2.850403013135698407e-32
1.166760716081662178e+09 9.350297219771217652e-32 9.582293914073082753e-32 1.018102286870198136e-32 8.889920063815583334e-32 8.825911113807313414e-32 9.993745397593366147e-33
1.555900421101123333e+09 3.317402286805903525e-32 3.392377394613807073e-32 3.421615375358135495e-33 3.127572011634607081e-32 3.102830336259179152e-32 3.343357300506975288e-33
2.074826557850289106e+09 1.136005168070010567e-32 1.160828867143397760e-32 1.081621235746535210e-33 1.049447921695550876e-32 1.041848803374827962e-32 1.051758947357847294e-33
2.766825682915017128e+09 3.712180928071970061e-33 3.796952767895380913e-33 3.147420595312572144e-34 3.343533109187357781e-33 3.323997828460033000e-33 3.075085138777142953e-34
3.689621347227100849e+09 1.157638177536783456e-33 1.186154125227995135e-33 8.340805024075215398e-35 1.000623384675737829e-33 9.962519007173734960e-34 8.276149450334122253e-35
4.920189143094656944e+09 3.397761895041080049e-34 3.493502114709092150e-34 2.054018644278964327e-35 2.811354956805782689e-34 2.803943902667001789e-34 2.094040085993699872e-35
6.561177672614025116e+09 9.432949896079192889e-35 9.765317871105741751e-35 4.860279754300701555e-36 7.453100107859386065e-35 7.462362712677234348e-35 4.987031578736001568e-36
8.749471046662279129e+09 2.416100332597506273e-35 2.529942241348245928e-35 1.018396164816592437e-36 1.823811443780275970e-35 1.839280939850469276e-35 1.064735277267252551e-36
1.166760716081661987e+10 5.782084331524687749e-36 6.134670681059496763e-36 1.847038232990144854e-37 3.927746008038291539e-36 3.978118489598042724e-36 1.987420331692575939e-37
1.555900421101123428e+10 1.269271368701698689e-36 1.368982099145371877e-36 2.926537720740096636e-38 7.364511332800927518e-37 7.535653961298091083e-37 3.340432145082063093e-38
2.074826557850289154e+10 2.480163916523573111e-37 2.753027016208839877e-37 3.837411790928576461e-39 1.117059062326819303e-37 1.162238280818742338e-37 4.663811553380789309e-39
2.766825682915017319e+10 4.382532168666150783e-38 5.007815062925139170e-38 3.674573367786312847e-40 1.316230859869034505e-38 1.411945751790934612e-38 4.522022450073792641e-40
3.689621347227101135e+10 6.117285166959891401e-39 7.356121328999798917e-39 2.043616026044351151e-41 1.132192124326462610e-39 1.206055188847242257e-39 2.480436786222745967e-41
4.920189143094656372e+10 5.748775136440848735e-40 7.938354206109736893e-40 7.889917883398176360e-43 2.649608143137480549e-41 3.688983695987253163e-41 4.575494173541872572e-43
6.561177672614024353e+10 2.064403976132124087e-41 4.931898268000446262e-41 3.239821872474980523e-45 2.246198227763734158e-43 6.595360886229769831e-43 1.982198693824162529e-44
8.749471046662280273e+10 5.013272360320791689e-45 1.294224462939104698e-42 3.356229198905976474e-47 2.608551540425784467e-45 1.028171551043001361e-44 2.504878533271582183e-46
