1.166760716081661986e+00 8.062121277882258004e-04 1.501183874946744514e-03 2.721476118752694643e-10 6.959505361892278676e-04 1.502420472969904315e-03 2.997868806182005279e-10
1.555900421101123365e+00 5.451122303627080161e-04 1.025647801760062828e-03 2.733238100950988951e-10 4.681961686851454293e-04 1.024470592894125703e-03 2.950064830643132569e-10
2.074826557850288911e+00 3.597230352028830871e-04 6.799611427854391566e-04 2.556213991867966449e-10 3.063626715807389015e-04 6.797172536226416982e-04 2.675871918958986330e-10
2.766825682915017293e+00 2.301086294733937923e-04 4.358688026385541532e-04 2.110028184442686837e-10 1.939152838859310279e-04 4.363233608942823573e-04 2.144789728327571476e-10
3.689621347227101111e+00 1.421399911454545304e-04 2.694099591192489424e-04 1.709184252458755386e-10 1.182884117435944636e-04 2.700291087600480860e-04 1.680595822757350126e-10
4.920189143094656714e+00 8.467093906294403754e-05 1.601591240257909895e-04 1.379702723359534005e-10 6.940893982234814272e-05 1.608153378450781371e-04 1.325386631162690747e-10
6.561177672614024736e+00 4.854959311304027478e-05 9.140453345932252722e-05 1.073903749149005958e-10 3.911669130559414567e-05 9.201730756395600321e-05 1.024295984084073502e-10
8.749471046662279150e+00 2.672879573432818015e-05 4.995598181468266052e-05 7.860528215374403200e-11 2.114504596560545213e-05 5.049503242326500418e-05 7.426017472478203197e-11
1.166760716081661897e+01 1.410049938801181763e-05 2.611771417711698871e-05 5.300328892337685415e-11 1.096587376119421398e-05 2.655495419368791361e-05 5.015821444342490886e-11
1.555900421101123499e+01 7.133312923744217901e-06 1.313498615509894985e-05 3.501940992690243794e-11 5.473788884247319138e-06 1.341390639219270922e-05 3.344246077604774632e-11
2.074826557850288822e+01 3.482865390904907067e-06 6.433586454690184364e-06 2.280316116899606928e-11 2.650691347759707599e-06 6.556968234945229301e-06 2.201284670149484660e-11
2.766825682915017381e+01 1.661036290150817173e-06 3.102970453515164221e-06 1.450787293640661156e-11 1.259316806368266140e-06 3.135392455093170162e-06 1.407197974400227841e-11
3.689621347227100756e+01 7.827114855875964823e-07 1.484282660127655609e-06 8.747423228706257197e-12 5.928943341347743329e-07 1.481289522193823172e-06 8.554737677710209848e-12
4.920189143094656714e+01 3.664397619895320769e-07 7.042431144944042160e-07 4.936150522825655215e-12 2.778305622322742425e-07 6.954503716157351620e-07 4.870496690974275302e-12
6.561177672614024914e+01 1.703886945603736049e-07 3.318303995055502305e-07 2.722529851862619319e-12 1.294450791633567897e-07 3.248965783445752052e-07 2.717487053562571456e-12
8.749471046662279150e+01 7.844152485329691707e-08 1.554922203415020098e-07 1.476940905869520429e-12 5.976531912497334398e-08 1.508392762921264569e-07 1.485061192233750490e-12
1.166760716081661968e+02 3.563281706502181922e-08 7.228358209037913648e-08 7.881757077218287831e-13 2.724394715443001987e-08 6.945846520846143071e-08 7.949640777768107902e-13
1.555900421101123356e+02 1.591251650885908584e-08 3.328451607406180259e-08 4.124353995673748741e-13 1.221393562472984856e-08 3.164974968262959439e-08 4.167576122906620322e-13
2.074826557850288964e+02 6.960301880053644052e-09 1.515524955008304068e-08 2.114797397508283699e-13 5.363179403367740854e-09 1.423743276557599309e-08 2.147867106094945197e-13
2.766825682915017524e+02 2.972675716820906343e-09 6.813557690306972971e-09 1.093348052002412959e-13 2.298367351677802881e-09 6.309720427753147144e-09 1.092684765540818337e-13
3.689621347227101182e+02 1.236592793833725700e-09 3.024558221914442607e-09 5.616966702669091192e-14 9.588668755971984031e-10 2.750342076423321487e-09 5.516480935304339585e-14
4.920189143094656856e+02 5.003853121986130429e-10 1.326033712320907710e-09 2.838335327079210649e-14 3.889089337571885980e-10 1.178256477214142817e-09 2.772007366735464187e-14
6.561177672614023777e+02 1.968868040621411371e-10 5.743591527498641403e-10 1.407125863317203421e-14 1.532663801875769124e-10 4.962804428027449226e-10 1.387526796605228436e-14
8.749471046662279150e+02 7.535726413973777549e-11 2.459255754531612655e-10 6.897683802129693903e-15 5.869854030904700581e-11 2.055987356133679883e-10 6.831437640336144736e-15
1.166760716081661940e+03 2.809201220463509851e-11 1.042354147324473740e-10 3.337793683335232788e-15 2.186822695953094331e-11 8.388304053742934704e-11 3.371258152342968378e-15
1.555900421101123356e+03 1.022230563803976584e-11 4.380096770208728647e-11 1.609889846065988178e-15 7.941074794958442969e-12 3.375285917128716100e-11 1.671809303248743158e-15
2.074826557850288737e+03 3.642850880435676105e-12 1.826072739840797135e-11 7.800362334945550432e-16 2.820324049929816631e-12 1.342281617691622706e-11 8.227214637039012546e-16
2.766825682915017296e+03 1.276942698274964464e-12 7.574721300324023168e-12 3.769617995628940826e-16 9.839210680137176944e-13 5.284083056295262072e-12 3.959857067725181778e-16
3.689621347227101069e+03 4.429438896797641978e-13 3.133571143373305664e-12 1.806610833446207873e-16 3.389694586796023852e-13 2.064441479449676418e-12 1.867223064883322185e-16
4.920189143094656174e+03 1.530912513538404568e-13 1.295017795606311240e-12 8.664990305577948252e-17 1.160226134933717575e-13 8.033226429371864660e-13 8.807967685856642739e-17
6.561177672614025141e+03 5.302382936675188191e-14 5.349622394979346645e-13 4.179052280904916045e-17 3.966707565183039480e-14 3.123070273809469092e-13 4.145437114130948963e-17
8.749471046662278241e+03 1.847937097936836556e-14 2.206642836918072682e-13 1.986070101428549338e-17 1.359543880653102451e-14 1.213359148939912818e-13 1.951267964305081260e-17
1.166760716081662031e+04 6.491448423791632814e-15 9.077780924037654771e-14 9.283869748270475709e-18 4.679797889896101125e-15 4.703095388962084153e-14 9.103210686202841798e-18
1.555900421101123356e+04 2.295006102546111390e-15 3.714045824600449323e-14 4.272992123476472030e-18 1.617100399394765911e-15 1.815955574130608502e-14 4.214654749055931231e-18
2.074826557850289100e+04 8.138306358638650477e-16 1.501969865671864721e-14 1.956923653119033042e-18 5.597656980405641821e-16 6.959011512896649098e-15 1.940545780493506695e-18
2.766825682915017387e+04 2.882890054499359664e-16 5.966515216744709310e-15 8.876010256103306658e-19 1.935179484436343417e-16 2.631972679058462916e-15 8.840078884378269031e-19
3.689621347227100341e+04 1.015497721658596571e-16 2.324314088006856295e-15 4.003401754626835058e-19 6.660578842496839539e-17 9.788981874036208420e-16 3.972797527649108294e-19
4.920189143094656174e+04 3.544884007302202615e-17 8.836242657527370615e-16 1.786343712774046822e-19 2.276085330677497153e-17 3.560549133068732033e-16 1.782374274535416883e-19
6.561177672614024777e+04 1.223809107374192486e-17 3.271204974638584734e-16 7.799627750516148568e-20 7.718639435337150050e-18 1.261257657021067049e-16 7.892579702292208880e-20
8.749471046662278241e+04 4.167981082085827182e-18 1.179418908399924576e-16 3.352036860929697363e-20 2.594448150513016652e-18 4.354175310478444055e-17 3.409872406195809188e-20
1.166760716081661958e+05 1.400610494809464496e-18 4.135013814008611672e-17 1.426177748589581314e-20 8.651359420790544476e-19 1.464048631456472234e-17 1.437502441664651154e-20
1.555900421101123211e+05 4.649490710514915615e-19 1.411675299875683080e-17 6.029323032652279227e-21 2.861841345238584042e-19 4.788229187903820490e-18 5.915091658790743922e-21
2.074826557850289100e+05 1.524930581662439589e-19 4.712556114772920556e-18 2.484707420638587066e-21 9.398296835717277558e-20 1.525136460565405115e-18 2.431214220236215284e-21
2.766825682915017242e+05 4.949991053079307325e-20 1.535091882341501602e-18 9.876795493412367111e-22 3.076510891597136553e-20 4.732779979517834900e-19 9.933140419519914954e-22
3.689621347227101214e+05 1.598933729777126411e-20 4.869719553005219264e-19 3.833829349607515217e-22 1.007919043816648433e-20 1.435076066597310521e-19 3.950841772551860794e-22
4.920189143094656756e+05 5.146790064473070163e-21 1.519596947885282115e-19 1.520182167257184554e-22 3.313789582891586599e-21 4.289875437867297007e-20 1.527245395725429075e-22
6.561177672614024486e+05 1.648936353350076096e-21 4.668707333755619786e-20 5.929443923916523560e-23 1.094291970149652440e-21 1.265199913809171996e-20 5.918558472657774615e-23
8.749471046662279405e+05 5.282511020214432439e-22 1.407101665247062426e-20 2.259198928351971698e-23 3.660566463096563358e-22 3.687286457283910374e-21 2.292335782051393480e-23
1.166760716081662104e+06 1.712178399767959340e-22 4.147313551923883279e-21 8.870861310782929653e-24 1.249746827976817337e-22 1.074468794440006049e-21 8.877672966228298469e-24
1.555900421101123560e+06 5.660825177316138560e-23 1.201725912196003107e-21 3.500912416461452335e-24 4.365346118943595957e-23 3.148184739911992921e-22 3.475584426254492185e-24
2.074826557850289159e+06 1.930953616028737275e-23 3.450105590918908147e-22 1.370897041947202120e-24 1.565906892373712697e-23 9.335565547583895103e-23 1.382002700303626464e-24
2.766825682915017474e+06 6.840521620625084138e-24 9.890245068037155072e-23 5.537776264337368972e-25 5.794071375410256523e-24 2.824227832642718722e-23 5.585789217100753830e-25
3.689621347227101214e+06 2.523989455038238462e-24 2.862899039677213122e-23 2.272190431490680828e-25 2.217594793789960991e-24 8.780099572594436441e-24 2.279750797757254495e-25
4.920189143094656989e+06 9.703530875420158227e-25 8.450279421805635539e-24 9.305064179128039236e-26 8.739957499080286150e-25 2.818159831442642887e-24 9.467164464215786600e-26
6.561177672614024952e+06 3.866596991926442443e-25 2.563099607789184146e-24 3.949410662575068453e-26 3.557241901343600029e-25 9.379753565588334920e-25 3.990991310495194819e-26
8.749471046662278473e+06 1.592923382986233868e-25 8.015079167332458082e-25 1.725603320354989536e-26 1.499575918794573602e-25 3.268662606947729165e-25 1.704317752816007470e-26
1.166760716081662104e+07 6.784193403225956951e-26 2.592285329228444671e-25 7.591180097166320001e-27 6.498508881302058165e-26 1.197783666509546793e-25 7.551151634879338089e-27
1.555900421101123467e+07 2.977136015801650842e-26 8.750950783231498747e-26 3.419646798207429134e-27 2.881555140873321957e-26 4.619673970375712128e-26 3.406773767997321746e-27
2.074826557850288972e+07 1.337299483758076179e-26 3.100274424434775619e-26 1.554336870326593868e-27 1.300955454175559166e-26 1.862322128113251186e-26 1.538668420771266414e-27
2.766825682915017009e+07 6.079457540815555806e-27 1.155672103534820471e-26 7.111371942173998085e-28 5.938713636672725375e-27 7.774954304412945713e-27 7.051166867296965548e-28
3.689621347227101028e+07 2.775186152619118858e-27 4.517170735354563584e-27 3.267513210344395500e-28 2.721445843043019995e-27 3.327556903464657814e-27 3.220376191704801697e-28
4.920189143094656616e+07 1.265016527421963550e-27 1.833365510660080402e-27 1.494643294241831402e-28 1.245640955115489504e-27 1.445155085344830425e-27 1.477442962595274193e-28
6.561177672614024580e+07 5.764716766707754744e-28 7.648276937181717189e-28 6.818462542302112894e-29 5.681010040345866320e-28 6.331416688262689857e-28 6.760631414534237867e-29
8.749471046662279963e+07 2.611202684093157604e-28 3.241456408400474933e-28 3.088966138068939076e-29 2.580015173688586630e-28 2.787282969242241694e-28 3.091323228934074199e-29
1.166760716081662029e+08 1.168759802490211789e-28 1.380284410021139920e-28 1.401356724037663376e-29 1.158588127687755142e-28 1.222070126784723390e-28 1.397342684731786923e-29
1.555900421101123393e+08 5.166349381108629465e-29 5.872250832965362049e-29 6.204198594262224737e-30 5.122043929322480121e-29 5.309424276210223691e-29 6.168892062319818201e-30
2.074826557850289047e+08 2.258221356768058112e-29 2.489122367335155915e-29 2.706167343269460985e-30 2.229694984729290558e-29 2.279274015381511500e-29 2.688915898458733855e-30
2.766825682915017605e+08 9.663761256770162815e-30 1.041061890713772947e-29 1.163461087761136943e-30 9.493296697109102344e-30 9.610713689659144116e-30 1.146940186930242373e-30
3.689621347227101326e+08 4.047191566688402200e-30 4.285287361895733963e-30 4.866317132840171085e-31 3.958098808234088240e-30 3.978657654836048819e-30 4.782213008680950961e-31
4.920189143094656467e+08 1.654651816960764579e-30 1.729203573386887040e-30 1.954413003046172348e-31 1.607522303846748309e-30 1.607646720408579867e-30 1.953466597720728494e-31
6.561177672614024878e+08 6.565070195629515914e-31 6.800386357489937392e-31 7.589593664684766212e-32 6.350528210643196374e-31 6.324332758201369401e-31 7.657921059477656934e-32
8.749471046662279367e+08 2.520202032340750387e-31 2.594257506187797818e-31 2.849479588609665915e-32 2.418912916585981612e-31 2.402995468306377619e-31 2.835147702524772302e-32
1.166760716081662178e+09 9.307830161730290445e-32 9.536432600552279384e-32 1.011470336286086906e-32 8.847390067706163786e-32 8.783132303356172217e-32 9.928708454695575136e-33
1.555900421101123333e+09 3.300466048845105572e-32 3.374380117293565626e-32 3.395049098288934962e-33 3.110736666692138751e-32 3.086002209225350641e-32 3.317380672468217738e-33
2.074826557850289106e+09 1.129606142007609555e-32 1.154095069321148885e-32 1.071817217735242130e-33 1.043193017866441696e-32 1.035614629352117036e-32 1.042205645842740072e-33
2.766825682915017128e+09 3.689407869434616425e-33 3.773103695166285316e-33 3.114755438525290691e-34 3.321803617914538463e-33 3.302357430282300320e-33 3.043063087439579562e-34
3.689621347227100849e+09 1.150029341570308782e-33 1.178198669288348955e-33 8.243403430301157567e-35 9.936355417011608517e-34 9.892892541217379758e-34 8.179108018772084371e-35
4.920189143094656944e+09 3.374076393798453046e-34 3.468693276082807954e-34 2.027495018294005690e-35 2.790533099531569806e-34 2.783166959500067468e-34 2.066927628045204653e-35
6.561177672614025116e+09 9.364102474568492120e-35 9.692780013945948839e-35 4.792428221024271984e-36 7.395359033177736651e-35 7.404530276668306435e-35 4.917230613425884485e-36
8.749471046662279129e+09 2.397764641125792799e-35 2.510406097634647280e-35 1.003312407304336970e-36 1.809196067049001496e-35 1.824542162788252909e-35 1.048909488081207530e-36
1.166760716081661987e+10 5.736964786290517720e-36 6.085941706861124111e-36 1.818297643257826440e-37 3.895398961386595775e-36 3.945333727373097542e-36 1.956402177821781088e-37
1.555900421101123428e+10 1.259184653481367588e-36 1.357885977370436884e-36 2.879303168998298466e-38 7.302498875276314491e-37 7.472140910377014342e-37 3.286303811984585968e-38
2.074826557850289154e+10 2.460138710309245912e-37 2.730299915597785533e-37 3.773689505701822338e-39 1.107504907657466983e-37 1.152281046266405161e-37 4.586167675431148405e-39
2.766825682915017319e+10 4.346773979790521832e-38 4.965911585627804233e-38 3.612320399509588549e-40 1.304838593618555784e-38 1.399691332878000069e-38 4.444904333056936245e-40
3.689621347227101135e+10 6.067011653099318127e-39 7.293737395345543422e-39 2.008239249230394147e-41 1.122261887776967485e-39 1.195414090337433222e-39 2.436941637132254118e-41
4.920189143094656372e+10 5.701139070571185609e-40 7.869786224913439089e-40 7.750752760047038333e-43 2.625718800717829476e-41 3.655249055606459101e-41 4.487440948972602227e-43
6.561177672614024353e+10 2.047210409409203038e-41 4.888116138014777280e-41 3.174840382194677952e-45 2.223626622008820104e-43 6.529479345440617737e-43 1.943585024860476064e-44
8.749471046662280273e+10 4.964351634576386445e-45 1.282525828210688692e-42 3.288707607199970122e-47 2.582188293427184765e-45 1.017523511265376268e-44 2.455660384266037136e-46
