1.166760716081661986e+00 8.060179749132780546e-04 1.500669383200147877e-03 2.716414705611407553e-10 6.957568964733695620e-04 1.501916041534897758e-03 2.992601831431619239e-10
1.555900421101123365e+00 5.450107325594274674e-04 1.025327508634612432e-03 2.728049230685422108e-10 4.680902086927090006e-04 1.024156427448390076e-03 2.944726724799313384e-10
2.074826557850288911e+00 3.596803453934317631e-04 6.797728903943570230e-04 2.551285115333993032e-10 3.063123515877118970e-04 6.795343230077891114e-04 2.670857521559470512e-10
2.766825682915017293e+00 2.300985792081314946e-04 4.357658223261101594e-04 2.105791732555531259e-10 1.938967897875443799e-04 4.362251747733514903e-04 2.140528260111101630e-10
3.689621347227101111e+00 1.421450894970512785e-04 2.693581905852427153e-04 1.705633297503888410e-10 1.182857035163265035e-04 2.699811948926173735e-04 1.677039516334840319e-10
4.920189143094656714e+00 8.468127629362278482e-05 1.601358365703001456e-04 1.376751950192656132e-10 6.941259264127122759e-05 1.607950250116175139e-04 1.322448492278897852e-10
6.561177672614024736e+00 4.856014132014657339e-05 9.139559948918152396e-05 1.071529065510174827e-10 3.912176995582790264e-05 9.201074336995480679e-05 1.021935377229379460e-10
8.749471046662279150e+00 2.673738169076453393e-05 4.995327965199105219e-05 7.842213919778533341e-11 2.114936605586583592e-05 5.049430818502488485e-05 7.407774002820003965e-11
1.166760716081661897e+01 1.410658813078554989e-05 2.611711724689443152e-05 5.286805600797533591e-11 1.096883663373649951e-05 2.655601333066952302e-05 5.002377007018780394e-11
1.555900421101123499e+01 7.137249926942601225e-06 1.313484967049363808e-05 3.492200781010082816e-11 5.475595577716470527e-06 1.341504699981565484e-05 3.334620238348564118e-11
2.074826557850288822e+01 3.485371961152934288e-06 6.433563489077274521e-06 2.273448539706748940e-11 2.651817560877486245e-06 6.557821153401471695e-06 2.194527971436058386e-11
2.766825682915017381e+01 1.662816050584113048e-06 3.103151403936974080e-06 1.446078593546678955e-11 1.260192229879431212e-06 3.136144279380936691e-06 1.402568893380186004e-11
3.689621347227100756e+01 7.842170559250135282e-07 1.484736036556934764e-06 8.716234674039764662e-12 5.937630481267297177e-07 1.482142284046670069e-06 8.524005266424941147e-12
4.920189143094656714e+01 3.678527402640584863e-07 7.049245949135244815e-07 4.916207859437197870e-12 2.787548348674727956e-07 6.964538594229026282e-07 4.850740349467859312e-12
6.561177672614024914e+01 1.717152190682865254e-07 3.326442331768061060e-07 2.710172020861066005e-12 1.303782409444885099e-07 3.259931728737892239e-07 2.705199625238760362e-12
8.749471046662279150e+01 7.961285498161590728e-08 1.563225484589287418e-07 1.469469658212701686e-12 6.062246440786301441e-08 1.519184107433858161e-07 1.477626588257672081e-12
1.166760716081661968e+02 3.657732064712711674e-08 7.302706227525456215e-08 7.837843127988645194e-13 2.795047680719632435e-08 7.040844082517864905e-08 7.905789647559098036e-13
1.555900421101123356e+02 1.659865402503257396e-08 3.387407651192098521e-08 4.098925913255771103e-13 1.273409029543934208e-08 3.239511816053308996e-08 4.142254786768013701e-13
2.074826557850288964e+02 7.408268564162950520e-09 1.557184961250520444e-08 2.100443633485804027e-13 5.705820615779245909e-09 1.475938212316308644e-08 2.133666835696092232e-13
2.766825682915017524e+02 3.236913164073482935e-09 7.078378592197868352e-09 1.085503836395661793e-13 2.501818474711208791e-09 6.638257526261271168e-09 1.084901906910438608e-13
3.689621347227101182e+02 1.378818970756006233e-09 3.178051994832743766e-09 5.575393158634006686e-14 1.068981348864886495e-09 2.938462375055030399e-09 5.475075943018388422e-14
4.920189143094656856e+02 5.710659533792387963e-10 1.408425478314579375e-09 2.816864511270460092e-14 4.439006245740417204e-10 1.277678085196591184e-09 2.750658223239730033e-14
6.561177672614023777e+02 2.296899816634520163e-10 6.159543312077028051e-10 1.396256123838242573e-14 1.788994837238211278e-10 5.455067608484570961e-10 1.376669365162976908e-14
8.749471046662279150e+02 8.971534179204026787e-11 2.659491617280092797e-10 6.844511603111615467e-15 6.995994375279198480e-11 2.287386185829186434e-10 6.777897412867937372e-15
1.166760716081661940e+03 3.406555863069911540e-11 1.135249795856410410e-10 3.312537610292073402e-15 2.656663654244160525e-11 9.432122560044703967e-11 3.345479953741235647e-15
1.555900421101123356e+03 1.259808259040035438e-11 4.798004346140619013e-11 1.598248557488423615e-15 9.812851316545892732e-12 3.830331323054567907e-11 1.659777666761211793e-15
2.074826557850288737e+03 4.549733242576926520e-12 2.008966392204397081e-11 7.747700846416154122e-16 3.535480127760013996e-12 1.534769051411735125e-11 8.172658000752499668e-16
2.766825682915017296e+03 1.610318862252257082e-12 8.355205925716739045e-12 3.746139829290444957e-16 1.246983250639935136e-12 6.075039530070372454e-12 3.935690999052930258e-16
3.689621347227101069e+03 5.614915285859130114e-13 3.459042092489950652e-12 1.796606328494080447e-16 4.325174459551157347e-13 2.380596266943735053e-12 1.856652682211820942e-16
4.920189143094656174e+03 1.941259176140727027e-13 1.428345659087562700e-12 8.623028217703076458e-17 1.483632711408292249e-13 9.267269828395399358e-13 8.762631295903387557e-17
6.561177672614025141e+03 6.695898782089808523e-14 5.891304907986763393e-13 4.161814780772291674e-17 5.061979937769517364e-14 3.596334080794760279e-13 4.126375508530227178e-17
8.749471046662278241e+03 2.316618109196858531e-14 2.427583053607515582e-13 1.979196621407977087e-17 1.726079834746853299e-14 1.393193055860376213e-13 1.943386159338758706e-17
1.166760716081662031e+04 8.067890764764560613e-15 9.993758586809141935e-14 9.257142408462757520e-18 5.901664637442660156e-15 5.386847032474795126e-14 9.071266912238763185e-18
1.555900421101123356e+04 2.829468574771812580e-15 4.102886975790591951e-14 4.262660476930914994e-18 2.025247980795613449e-15 2.078405448456748230e-14 4.201866397362656679e-18
2.074826557850289100e+04 9.972288682898160599e-16 1.670416426438473708e-14 1.952944220122577104e-18 6.967502266143359912e-16 7.980111528443160854e-15 1.935513685353217107e-18
2.766825682915017387e+04 3.519396232092105805e-16 6.702273182672309864e-15 8.860764603567028617e-19 2.396694974941370864e-16 3.033173890596473144e-15 8.820693157681255134e-19
3.689621347227100341e+04 1.237754881326283693e-16 2.643583079037344451e-15 3.997631124259209088e-19 8.215676850312073169e-17 1.136834965547932992e-15 3.965409904347313076e-19
4.920189143094656174e+04 4.320024215676349315e-17 1.019045083885783630e-15 1.784213111315041125e-19 2.797577941710040575e-17 4.174772044261801044e-16 1.779610399741263732e-19
6.561177672614024777e+04 1.491878139431937378e-17 3.826530140440271607e-16 7.791586638678731087e-20 9.451264921527614705e-18 1.494485362767594290e-16 7.881993242783461534e-20
8.749471046662278241e+04 5.081068743516319200e-18 1.398265405663278074e-16 3.348935467738722877e-20 3.161895614251312683e-18 5.212813047315525803e-17 3.405810592958618213e-20
1.166760716081661958e+05 1.705874871622214553e-18 4.961174063538775240e-17 1.424977073254200365e-20 1.047821166395072339e-18 1.769125097154732639e-17 1.435979790528347900e-20
1.555900421101123211e+05 5.649342934821101732e-19 1.710877354164105138e-17 6.024706305093011069e-21 3.438865969357554011e-19 5.831725571922656823e-18 5.909236483211004360e-21
2.074826557850289100e+05 1.845164038402273357e-19 5.757553726445924482e-18 2.482890652802850211e-21 1.118591064046040739e-19 1.869064629917688461e-18 2.428970187568709193e-21
2.766825682915017242e+05 5.953135967184092512e-20 1.887029932009533469e-18 9.869470466028699218e-22 3.620573873862869174e-20 5.826365079908968098e-19 9.924558386826675728e-22
3.689621347227101214e+05 1.907769316671549023e-20 6.013049778318240148e-19 3.830885236905469607e-22 1.171173080621203181e-20 1.771797592635732191e-19 3.947513857341170873e-22
4.920189143094656756e+05 6.082394251368973166e-21 1.882156604442943745e-19 1.519020177425396095e-22 3.798052528223434900e-21 5.304123987644625022e-20 1.525969089174502248e-22
6.561177672614024486e+05 1.927209352181054755e-21 5.794117261350310781e-20 5.924803409347024030e-23 1.236410642576407978e-21 1.564602765882034296e-20 5.913809571887614357e-23
8.749471046662279405e+05 6.095082522748146364e-22 1.748150085469335040e-20 2.257383812688086576e-23 4.075049362881833675e-22 4.554966145444523813e-21 2.290552229956126345e-23
1.166760716081662104e+06 1.946656768643188835e-22 5.153730118919399095e-21 8.864150872585744027e-24 1.370738062293639380e-22 1.324158165866561505e-21 8.871094226107125440e-24
1.555900421101123560e+06 6.334527602720285196e-23 1.492522884227574779e-21 3.498514637358259568e-24 4.721215016220858466e-23 3.865209676365653281e-22 3.473325481186863701e-24
2.074826557850289159e+06 2.125257538132531641e-23 4.278931388099043787e-22 1.370098930674112778e-24 1.672072981199621663e-23 1.140125386081015197e-22 1.381295355586290990e-24
2.766825682915017474e+06 7.407017501762502977e-24 1.223633481801208533e-22 5.535535800407216930e-25 6.115891528978312536e-24 3.424429678433528917e-23 5.583886241221661659e-25
3.689621347227101214e+06 2.692104173540587154e-24 3.528905990200836148e-23 2.271720499931785588e-25 2.317069403280000672e-24 1.054571835576507318e-23 2.279443367413823271e-25
4.920189143094656989e+06 1.021189434169404246e-24 1.036052086314331327e-23 9.305411827432950249e-26 9.052738074514724288e-25 3.345030244142883345e-24 9.468153053699033097e-26
6.561177672614024952e+06 4.022953293959188036e-25 3.119452534628230047e-24 3.950907130512668765e-26 3.657264306942938614e-25 1.097211931214450274e-24 3.992628346493658467e-26
8.749471046662278473e+06 1.641959126647866706e-25 9.659349745240147230e-25 1.726995556038250170e-26 1.532345155071847563e-25 3.758067845000796591e-25 1.705718686004859549e-26
1.166760716081662104e+07 6.942515255515792901e-26 3.083890710516589835e-25 7.601309076721274213e-27 6.609809097768161457e-26 1.351670429629757584e-25 7.561308030657230371e-27
1.555900421101123467e+07 3.030511003211162699e-26 1.024257774899475235e-25 3.426507650997512274e-27 2.921259965174093922e-26 5.117961628263098149e-26 3.413641196058347565e-27
2.074826557850288972e+07 1.356515536628808141e-26 3.560683400995267270e-26 1.558823870034249067e-27 1.316130475524523820e-26 2.027928322358515865e-26 1.543131626471390647e-27
2.766825682915017009e+07 6.154845263291939643e-27 1.301347597903893994e-26 7.140246996751113667e-28 6.001864412045144064e-27 8.341222934100947261e-27 7.079929348383222833e-28
3.689621347227101028e+07 2.807702446345014381e-27 4.993790056035086018e-27 3.285826160281359428e-28 2.750189763671977795e-27 3.527227502777622089e-27 3.238546261422877247e-28
4.920189143094656616e+07 1.280359723552931449e-27 1.995601482569254889e-27 1.506123088619929275e-28 1.259838581059613992e-27 1.517808627853426031e-27 1.488841459021901393e-28
6.561177672614024580e+07 5.842774288926285626e-28 8.221661740579881586e-28 6.889455668672172073e-29 5.755782069757147531e-28 6.606861507316398082e-28 6.831406206027407111e-29
8.749471046662279963e+07 2.652919874116132634e-28 3.452666017278823380e-28 3.132297553578610370e-29 2.621055301776555790e-28 2.897064219304774135e-28 3.134735794198314872e-29
1.166760716081662029e+08 1.191604819302962421e-28 1.461485724024176928e-28 1.427514473875857038e-29 1.181477550248063494e-28 1.268304555089086098e-28 1.423392226624640422e-29
1.555900421101123393e+08 5.292330614643542411e-29 6.198723276344559577e-29 6.357515193735979312e-30 5.249485564052930061e-29 5.515193319671199707e-29 6.321359669386129005e-30
2.074826557850289047e+08 2.327148051748290680e-29 2.626447317394197590e-29 2.793888397158253649e-30 2.299628172443330018e-29 2.374997185966902001e-29 2.776318251180579732e-30
2.766825682915017605e+08 1.003184859739326267e-29 1.100966221119312497e-29 1.212372433909380567e-30 9.867283033733399124e-30 1.006742584080901583e-29 1.195457679496751878e-30
3.689621347227101326e+08 4.237765890947488949e-30 4.552970332476785400e-30 5.129482741512193648e-31 4.151864552652254837e-30 4.197939218248422523e-30 5.043313308548452805e-31
4.920189143094656467e+08 1.749636818144126731e-30 1.849487463273044165e-30 2.089641463256863134e-31 1.703991931443350380e-30 1.711569150265187709e-30 2.089124402429078414e-31
6.561177672614024878e+08 7.017196526030464427e-31 7.334235134072954933e-31 8.255088191332960120e-32 6.809320872580492424e-31 6.803034177295719566e-31 8.326088754669216518e-32
8.749471046662279367e+08 2.724684261132406318e-31 2.824727623682804227e-31 3.161112965228133846e-32 2.625576533264886725e-31 2.614311028688529434e-31 3.143724230151572302e-32
1.166760716081662178e+09 1.018255647356748705e-31 1.049223495857473722e-31 1.147934523226940810e-32 9.725557285596174473e-32 9.670058037364415197e-32 1.126688556063278819e-32
1.555900421101123333e+09 3.653320594016878241e-32 3.752575856478792366e-32 3.952094246841952378e-33 3.462626211094629983e-32 3.438670230070285707e-32 3.862131609826124594e-33
2.074826557850289106e+09 1.264361865214749786e-32 1.296817551689529095e-32 1.281575791442517441e-33 1.175489824970594259e-32 1.167689690350848012e-32 1.246663757397304287e-33
2.766825682915017128e+09 4.173801677887953570e-33 4.282942615165923889e-33 3.828551953840694953e-34 3.786557261962132959e-33 3.765653264370438297e-33 3.743183851054391286e-34
3.689621347227100849e+09 1.313324940371643555e-33 1.349644973953705561e-33 1.041831203718657305e-34 1.144626829139894861e-33 1.139820070292176630e-33 1.034726908151280159e-34
4.920189143094656944e+09 3.886507182865024859e-34 4.007414196721915781e-34 2.632268565818494205e-35 3.244576873894902910e-34 3.236382841838093575e-34 2.685351549971958498e-35
6.561177672614025116e+09 1.086379235253112953e-34 1.127835011383133104e-34 6.367826997757247120e-36 8.664169295004953933e-35 8.675591613981586310e-35 6.538567352916853505e-36
8.749471046662279129e+09 2.799616829319846237e-35 2.940042509429666425e-35 1.358947671283837196e-36 2.132377216960512300e-35 2.150469046456304695e-35 1.422299988222959568e-36
1.166760716081661987e+10 6.730442466271173060e-36 7.162757241777984657e-36 2.505431687638656238e-37 4.614574741376990710e-36 4.674334687372971744e-36 2.698384247017950098e-37
1.555900421101123428e+10 1.482016077836834740e-36 1.604014887904811930e-36 4.021209934905587993e-38 8.687653810458524924e-37 8.890999530136063957e-37 4.595844914309117202e-38
2.074826557850289154e+10 2.903883169353659011e-37 3.236259114261733858e-37 5.328347924269393240e-39 1.321649391391287519e-37 1.375514848696028165e-37 6.480713353516730308e-39
2.766825682915017319e+10 5.140983107562666320e-38 5.901599413218555417e-38 5.141351854340216032e-40 1.560874760399659196e-38 1.675218195981874654e-38 6.340502038742808464e-40
3.689621347227101135e+10 7.185895477302128507e-39 8.691389344769832611e-39 2.883306536732239728e-41 1.346083216685029335e-39 1.435478303722275486e-39 3.513413843977667896e-41
4.920189143094656372e+10 6.763956047004857561e-40 9.412808955832434983e-40 1.121236307545026827e-42 3.165879061997128308e-41 4.419910173589782699e-41 6.697619182872996641e-43
6.561177672614024353e+10 2.431411006408346150e-41 5.879202979718656241e-41 4.828370392244793367e-45 2.739298438862320906e-43 8.037644960133351624e-43 2.915140586382785357e-44
8.749471046662280273e+10 6.073925238970080933e-45 1.548387350543706999e-42 5.008193892526081568e-47 3.184531177126661763e-45 1.261846705777271382e-44 3.697637863441834258e-46
