1.166760716081661986e+00 8.061578489280057458e-04 1.501042714079366559e-03 2.720113497617073505e-10 6.958966244876759735e-04 1.502281814630947177e-03 2.996450274448088771e-10
1.555900421101123365e+00 5.450836077528390744e-04 1.025559826530588435e-03 2.731841399423840972e-10 4.681665068061127049e-04 1.024384090337040511e-03 2.948627548887654792e-10
2.074826557850288911e+00 3.597108177982045454e-04 6.799094518726553132e-04 2.554887690996445756e-10 3.063485039991060825e-04 6.796668608354518521e-04 2.674522440948852362e-10
2.766825682915017293e+00 2.301055928219051790e-04 4.358405878486393964e-04 2.108888972598885789e-10 1.939100348909676566e-04 4.362963412694359131e-04 2.143643885812458546e-10
3.689621347227101111e+00 1.421412735409112015e-04 2.693958557729376666e-04 1.708230194598853327e-10 1.182876229326246465e-04 2.700159786244187205e-04 1.679640391690488786e-10
4.920189143094656714e+00 8.467376625440312967e-05 1.601528684357792832e-04 1.378910476161512431e-10 6.940997582848596771e-05 1.608098430997559011e-04 1.324597890996047224e-10
6.561177672614024736e+00 4.855254470773198917e-05 9.140222829679396188e-05 1.073266757357421217e-10 3.911816248056413959e-05 9.201562065537691149e-05 1.023662880842422389e-10
8.749471046662279150e+00 2.673124644828026955e-05 4.995538479290730717e-05 7.855621718312110684e-11 2.114632902333190247e-05 5.049496483368952717e-05 7.421130635383546310e-11
1.166760716081661897e+01 1.410228189906969148e-05 2.611768463571249288e-05 5.296712006664045278e-11 1.096678922611373393e-05 2.655537983145217509e-05 5.012225720647667690e-11
1.555900421101123499e+01 7.134508271848018980e-06 1.313506834600155429e-05 3.499340621242056467e-11 5.474383305862223160e-06 1.341434895570365173e-05 3.341676549999339207e-11
2.074826557850288822e+01 3.483663965292104643e-06 6.433684157079503294e-06 2.278486002774608891e-11 2.651091653281070961e-06 6.557321040667188342e-06 2.199484595054301561e-11
2.766825682915017381e+01 1.661628093349227080e-06 3.103110067435220963e-06 1.449535082876456248e-11 1.259640214140540716e-06 3.135705369211771996e-06 1.405967461010365155e-11
3.689621347227100756e+01 7.832188039078128490e-07 1.484485418143496463e-06 8.739151061869981788e-12 5.932074096738715408e-07 1.481618789888394840e-06 8.546589558461175132e-12
4.920189143094656714e+01 3.669089820676980571e-07 7.044978331974521310e-07 4.930877864163097579e-12 2.781483221006811819e-07 6.958094774153354492e-07 4.865273927670587920e-12
6.561177672614024914e+01 1.708165998914679662e-07 3.321092877212405955e-07 2.719274220740493212e-12 1.297512448176316065e-07 3.252669258927554312e-07 2.714250016840810077e-12
8.749471046662279150e+01 7.880569175441849895e-08 1.557607783083518654e-07 1.474980508109114812e-12 6.003400785224142467e-08 1.511865237960697336e-07 1.483110320341617183e-12
1.166760716081661968e+02 3.591439382507626778e-08 7.251239046732900763e-08 7.870284123216440496e-13 2.745541320435829491e-08 6.975026407769662892e-08 7.938184530382208170e-13
1.555900421101123356e+02 1.610820106466384740e-08 3.345756645011610886e-08 4.117740892758579297e-13 1.236256267118771024e-08 3.186828331034826491e-08 4.160991649281145582e-13
2.074826557850288964e+02 7.082616019930509534e-09 1.527217590917977667e-08 2.111082197029255485e-13 5.456824427019641232e-09 1.438369725074832572e-08 2.144194022990352611e-13
2.766825682915017524e+02 3.041989750623282329e-09 6.884953787053512781e-09 1.091329031497594233e-13 2.351767331123866241e-09 6.398056131623607122e-09 1.090682642662245317e-13
3.689621347227101182e+02 1.272621396410089626e-09 3.064565421842364659e-09 5.606333940405748524e-14 9.867747008855625491e-10 2.799164018095356461e-09 5.505891680407366539e-14
4.920189143094656856e+02 5.177756058946776301e-10 1.346948801756245285e-09 2.832880801538028626e-14 4.024461285285598079e-10 1.203336632532647107e-09 2.766582754695945140e-14
6.561177672614023777e+02 2.047687129427256342e-10 5.847172220554294088e-10 1.404382212017973634e-14 1.594289774216236612e-10 5.084353842561026934e-10 1.384786267239421225e-14
8.749471046662279150e+02 7.874207226008441413e-11 2.508469744364708875e-10 6.884357008049128301e-15 6.135490437705377790e-11 2.112255614924125733e-10 6.818009484883699638e-15
1.166760716081661940e+03 2.947864466913918460e-11 1.064988420282434335e-10 3.331509324403526982e-15 2.295948644195233389e-11 8.639418004208570327e-11 3.364835451071910208e-15
1.555900421101123356e+03 1.076678951981725073e-11 4.481301023144627671e-11 1.607013222604840272e-15 8.370270257437407251e-12 3.483909500428189438e-11 1.668830132167258784e-15
2.074826557850288737e+03 3.848468744120724681e-12 1.870148121665114844e-11 7.787428943206324758e-16 2.982542915447696884e-12 1.387947422219221543e-11 8.213778567983750202e-16
2.766825682915017296e+03 1.351857001514197876e-12 7.762044760175229725e-12 3.763882222970657915e-16 1.043057596909716066e-12 5.470738463242937531e-12 3.953935082989040030e-16
3.689621347227101069e+03 4.694010944792109286e-13 3.211472860257959548e-12 1.804177277374136513e-16 3.598545481371534931e-13 2.138727669609379045e-12 1.864642197462021043e-16
4.920189143094656174e+03 1.622110413715040652e-13 1.326919376548719201e-12 8.654822319976982237e-17 1.232120491796028431e-13 8.322417014659042662e-13 8.796928411714563574e-17
6.561177672614025141e+03 5.611818977140681126e-14 5.479640289913766977e-13 4.174889568555967667e-17 4.209902177360314069e-14 3.233966675232525904e-13 4.140805292247812794e-17
8.749471046662278241e+03 1.952300083538442312e-14 2.260040990969376985e-13 1.984413883598830363e-17 1.441090954689638828e-14 1.255628190287861789e-13 1.949355165644001127e-17
1.166760716081662031e+04 6.844644746265516560e-15 9.301270804773990981e-14 9.277441853798472432e-18 4.952912611522131350e-15 4.864787972892622267e-14 9.095469016368706990e-18
1.555900421101123356e+04 2.415764775127197472e-15 3.809829209489661078e-14 4.270509757854849021e-18 1.708914340072222782e-15 1.878513873773123843e-14 4.211558022089363060e-18
2.074826557850289100e+04 8.556468544415975944e-16 1.543738266062290618e-14 1.955967578395629647e-18 5.907926324358509167e-16 7.204296486833931783e-15 1.939328002717549514e-18
2.766825682915017387e+04 3.029200437550723182e-16 6.149283475040038409e-15 8.872342897383685355e-19 2.040364768730738498e-16 2.728870229112476719e-15 8.835393035832171924e-19
3.689621347227100341e+04 1.066896533420734831e-16 2.403382739488410999e-15 4.002009220571526768e-19 7.016756616661257910e-17 1.017111283290445372e-15 3.971011490628096777e-19
4.920189143094656174e+04 3.724802946349440268e-17 9.169371143802077569e-16 1.785826675133349397e-19 2.395940078030766139e-17 3.708895254191312993e-16 1.781705238221117242e-19
6.561177672614024777e+04 1.286136049805561041e-17 3.406617375965507377e-16 7.797659840572302286e-20 8.117727525876830950e-18 1.317332176785285514e-16 7.890007751049716101e-20
8.749471046662278241e+04 4.380340969282444025e-18 1.232290944891952562e-16 3.351269662562677554e-20 2.725325043550985056e-18 4.559405470968874866e-17 3.408880363758538876e-20
1.166760716081661958e+05 1.471577297480594821e-18 4.332873342784524210e-17 1.425877691210804785e-20 9.073059018048593508e-19 1.536521069319667408e-17 1.437127689924002289e-20
1.555900421101123211e+05 4.881790983632258128e-19 1.482789166083181022e-17 6.028158399764427763e-21 2.995130452154384310e-19 5.034703436616569796e-18 5.913637697670222409e-21
2.074826557850289100e+05 1.599292750587112435e-19 4.959394527695376000e-18 2.484245960004114203e-21 9.811547178965675096e-20 1.605977591756731721e-18 2.430653019739270811e-21
2.766825682915017242e+05 5.182862440688931325e-20 1.617824153172015718e-18 9.874926373410585252e-22 3.202411767554629161e-20 4.988825517889438301e-19 9.930984199227078699e-22
3.689621347227101214e+05 1.670627010323022532e-20 5.137521079297673081e-19 3.833077887046201919e-22 1.045746545466888047e-20 1.513681782669516363e-19 3.950003490410070838e-22
4.920189143094656756e+05 5.364046853940745870e-21 1.604299397907828339e-19 1.519886790827178727e-22 3.426180168570913828e-21 4.526144551527084335e-20 1.526924448146153024e-22
6.561177672614024486e+05 1.713595537911198720e-21 4.931151302463949889e-20 5.928271702628884881e-23 1.127343065025344304e-21 1.334843101206745997e-20 5.917370435719072093e-23
8.749471046662279405e+05 5.471506694093494320e-22 1.486537098963147128e-20 2.258744591270624134e-23 3.757197403430302693e-22 3.888918539453460059e-21 2.291893178399757329e-23
1.166760716081662104e+06 1.766788688795387827e-22 4.381546405248797576e-21 8.869203603936710493e-24 1.278033453127991697e-22 1.132459257702644160e-21 8.876056924081610432e-24
1.555900421101123560e+06 5.817983534299568093e-23 1.269377741943700946e-21 3.500330784384773250e-24 4.448785883365194905e-23 3.314668485932748856e-22 3.475039398512591616e-24
2.074826557850289159e+06 1.976358050077634214e-23 3.642894640730300691e-22 1.370709136642254359e-24 1.590864968470022806e-23 9.815147736458758856e-23 1.381838047273332163e-24
2.766825682915017474e+06 6.973117135680324144e-24 1.043596863533181346e-22 5.537283522838581711e-25 5.869883132418795681e-24 2.963577274615753372e-23 5.585380923077507306e-25
3.689621347227101214e+06 2.563395926309065541e-24 3.017842787830054937e-23 2.272109904406263652e-25 2.241060479903169094e-24 9.190051823138962760e-24 2.279710017322063266e-25
4.920189143094656989e+06 9.822845761479505795e-25 8.894807597731971683e-24 9.305350012044783094e-26 8.813809378884926727e-25 2.940502417538943516e-24 9.467607021187008776e-26
6.561177672614024952e+06 3.903349115654719254e-25 2.692613959341064158e-24 3.949893948458372896e-26 3.580886821841312183e-25 9.749558341289735601e-25 3.991508263077447989e-26
8.749471046662278473e+06 1.604477823692868431e-25 8.398019684526689977e-25 1.726012960210247481e-26 1.507342851961151202e-25 3.382347966827688933e-25 1.704728803810997430e-26
1.166760716081662104e+07 6.821677409233846577e-26 2.706839267243001796e-25 7.594069768784533998e-27 6.525040495343199397e-26 1.233550777747636434e-25 7.554047396257764446e-27
1.555900421101123467e+07 2.989886532647162072e-26 9.098784129513519882e-26 3.421576439563363167e-27 2.891121807997186403e-26 4.735626640058855118e-26 3.408704665181464508e-27
2.074826557850288972e+07 1.341958201623387219e-26 3.207755765182466480e-26 1.555589767940123346e-27 1.304673738979752973e-26 1.900946095013692072e-26 1.539914638635859708e-27
2.766825682915017009e+07 6.098114002100479207e-27 1.189741220098815021e-26 7.119401190240890397e-28 5.954529508025877802e-27 7.907544463188773209e-27 7.059164187002279749e-28
3.689621347227101028e+07 2.783426006243590719e-27 4.628976787156492303e-27 3.272591321779741690e-28 2.728816227513284866e-27 3.374611225448552259e-27 3.225413838381739300e-28
4.920189143094656616e+07 1.268993739033132491e-27 1.871611013472186477e-27 1.497819075597777364e-28 1.249358595865358195e-27 1.462447338626888857e-27 1.480595689497308504e-28
6.561177672614024580e+07 5.785319678783628937e-28 7.784473281578678586e-28 6.838055961179584536e-29 5.700896647441411312e-28 6.397903114941511945e-28 6.780161539716993962e-29
8.749471046662279963e+07 2.622345966861081596e-28 3.292163298699740696e-28 3.100892866580098306e-29 2.591035594041547443e-28 2.814258543920434837e-28 3.103270437111294324e-29
1.166760716081662029e+08 1.174900032401799108e-28 1.400046552073520216e-28 1.408532996792772682e-29 1.164761301811552840e-28 1.233654710228267335e-28 1.404488206573978802e-29
1.555900421101123393e+08 5.200266662034551719e-29 5.952949614815004092e-29 6.246092983131468214e-30 5.156425253340881942e-29 5.361915391878419130e-29 6.210545515204425376e-30
2.074826557850289047e+08 2.276746132769743355e-29 2.523589815331814202e-29 2.730022337331397664e-30 2.248511487185005795e-29 2.304025143110835652e-29 2.712676622391899187e-30
2.766825682915017605e+08 9.762264987510954455e-30 1.056285641404949152e-29 1.176684827414771163e-30 9.593426614250491069e-30 9.729733707277678575e-30 1.160052529205086957e-30
3.689621347227101326e+08 4.097876615466082332e-30 4.353862814747120660e-30 4.936970668643700300e-31 4.009632062267856606e-30 4.035945051904651958e-30 4.852285099018374442e-31
4.920189143094656467e+08 1.679723781368454929e-30 1.760123647078370486e-30 1.990415405010724797e-31 1.632974403557070586e-30 1.634746210242758101e-30 1.989578029418892717e-31
6.561177672614024878e+08 6.683402059348629710e-31 6.937532843630800132e-31 7.765038237890297613e-32 6.470500696106568725e-31 6.448554519633824161e-31 7.834102785381361107e-32
8.749471046662279367e+08 2.573239201467986231e-31 2.653255139797792763e-31 2.930715385852792806e-32 2.472444928302490432e-31 2.457457281430186926e-31 2.915602333196512649e-32
1.166760716081662178e+09 9.532642185061850932e-32 9.779781901231795630e-32 1.046579949382620665e-32 9.072660026305762066e-32 9.009901837194497778e-32 1.027301082399422775e-32
1.555900421101123333e+09 3.390343340241096353e-32 3.470051460274526019e-32 3.536276077462048663e-33 3.200143219087020749e-32 3.175416205486511344e-32 3.455477153109796706e-33
2.074826557850289106e+09 1.163642163072731894e-32 1.189957645885239841e-32 1.124164670796226162e-33 1.076494513725248892e-32 1.068816191039915752e-32 1.093217965757736941e-33
2.766825682915017128e+09 3.810793109602936038e-33 3.900351696325443966e-33 3.289958811273918216e-34 3.437765673279276872e-33 3.417864968820746868e-33 3.214837365965962862e-34
3.689621347227100849e+09 1.190662214558795871e-33 1.220717919167978926e-33 8.768216108669873801e-35 1.031006800003568242e-33 1.026529581359492426e-33 8.702048779707519181e-35
4.920189143094656944e+09 3.500775246652150264e-34 3.601499665317659853e-34 2.171030772565566125e-35 2.902100377843291900e-34 2.894500396469970391e-34 2.213662016050559039e-35
6.561177672614025116e+09 9.732903306712350448e-35 1.008162167726616364e-34 5.160980818023136211e-36 7.705233349686813966e-35 7.714905888732503180e-35 5.296407406963679498e-36
8.749471046662279129e+09 2.496109011750134628e-35 2.615261926027739849e-35 1.085497738883232124e-36 1.887731008867332078e-35 1.903740921538316135e-35 1.135150927955317024e-36
1.166760716081661987e+10 5.979196539605777206e-36 6.347740940964742109e-36 1.975329393912603260e-37 4.069404097906572050e-36 4.121698225812277032e-36 2.125898268750128627e-37
1.555900421101123428e+10 1.313372989076195133e-36 1.417545890503954390e-36 3.137947293816032378e-38 7.636392800255962791e-37 7.814124485118182302e-37 3.582745379629144691e-38
2.074826557850289154e+10 2.567785175396949883e-37 2.852584511812132604e-37 4.123239645825880009e-39 1.158982399156711917e-37 1.205933219979562708e-37 5.012106862409138568e-39
2.766825682915017319e+10 4.539081062054851188e-38 5.191509644103512915e-38 3.954254794262168672e-40 1.366252476461434663e-38 1.465758928983512262e-38 4.868573962754247102e-40
3.689621347227101135e+10 6.337486477576834624e-39 7.629814084393539568e-39 2.202819403554828017e-41 1.175824852289082917e-39 1.252822808196468349e-39 2.676234088738332765e-41
4.920189143094656372e+10 5.957544203333088559e-40 8.239497540270636534e-40 8.517043146294926706e-43 2.754671045447944727e-41 3.837439761092115016e-41 4.973495174458105240e-43
6.561177672614024353e+10 2.139783172047906120e-41 5.124462183814053899e-41 3.534503220355317592e-45 2.345771166119634417e-43 6.886100725895372526e-43 2.156845074447332022e-44
8.749471046662280273e+10 5.228707727148765883e-45 1.345726924374951569e-42 3.662488815616050137e-47 2.724858244133852999e-45 1.075198969448762346e-44 2.727642507293480237e-46
