1.166760716081661986e+00 8.061290859179543302e-04 1.500956732953960667e-03 2.719216573633045459e-10 6.958672360715813070e-04 1.502198467531856490e-03 2.995516777074042080e-10
1.555900421101123365e+00 5.450690487677981987e-04 1.025506365764298870e-03 2.730921951255950114e-10 4.681507415628871280e-04 1.024332183199905526e-03 2.947681550803423548e-10
2.074826557850288911e+00 3.597052563621663986e-04 6.798780597142462141e-04 2.554014424212107176e-10 3.063413344666667784e-04 6.796366931049040465e-04 2.673633977591320415e-10
2.766825682915017293e+00 2.301049332458629038e-04 4.358234608612296087e-04 2.108138586687626113e-10 1.939077244122589373e-04 4.362802343525999248e-04 2.142889092085959780e-10
3.689621347227101111e+00 1.421427785084703854e-04 2.693872948191156818e-04 1.707601442260342555e-10 1.182876554172412870e-04 2.700081981469268930e-04 1.679010708918064958e-10
4.920189143094656714e+00 8.467591365953310630e-05 1.601490676900773399e-04 1.378388142714238725e-10 6.941088818944057576e-05 1.608066225553877668e-04 1.324077824655714578e-10
6.561177672614024736e+00 4.855458120414091590e-05 9.140081883229543797e-05 1.072846555743760409e-10 3.911920050466244321e-05 9.201465973737848743e-05 1.023245199498750911e-10
8.749471046662279150e+00 2.673286138035196207e-05 4.995500194123069664e-05 7.852382632675447769e-11 2.114717010393705245e-05 5.049494852354681728e-05 7.417904254875022137e-11
1.166760716081661897e+01 1.410341831152297209e-05 2.611763584847775967e-05 5.294321879236649657e-11 1.096735978422101126e-05 2.655563448150649388e-05 5.009849549002395066e-11
1.555900421101123499e+01 7.135245804298049318e-06 1.313508152938838583e-05 3.497620378656061334e-11 5.474734658844847190e-06 1.341459546829224112e-05 3.339976585794224694e-11
2.074826557850288822e+01 3.484139318247389026e-06 6.433707437818392749e-06 2.277274002699621641e-11 2.651315501590428272e-06 6.557505048566919148e-06 2.198292291106686421e-11
2.766825682915017381e+01 1.661970195539201816e-06 3.103164227777673372e-06 1.448704783979458015e-11 1.259816116152180276e-06 3.135865464910352463e-06 1.405151338884555882e-11
3.689621347227100756e+01 7.835095520393719134e-07 1.484584859584285200e-06 8.733657436516684505e-12 5.933799572711851550e-07 1.481793415128760320e-06 8.541177078754862486e-12
4.920189143094656714e+01 3.671806021530853727e-07 7.046355026735227255e-07 4.927369665923627897e-12 2.783285978794860858e-07 6.960083334390550132e-07 4.861798667699278252e-12
6.561177672614024914e+01 1.710692325585591243e-07 3.322680438031594910e-07 2.717103489862840812e-12 1.299302514675870785e-07 3.254794716396000448e-07 2.712091663508385833e-12
8.749471046662279150e+01 7.902605623362768818e-08 1.559193584694645267e-07 1.473670303867056532e-12 6.019584798531056572e-08 1.513921488723315888e-07 1.481806523840485780e-12
1.166760716081661968e+02 3.608947304579478500e-08 7.265188144493849218e-08 7.862596903453855356e-13 2.758661660714925024e-08 6.992834780995172814e-08 7.930508437716772623e-13
1.555900421101123356e+02 1.623326674489494103e-08 3.356624442272457984e-08 4.113298111631765373e-13 1.245745834315475453e-08 3.200562581184690590e-08 4.156567778603934604e-13
2.074826557850288964e+02 7.162836535707676611e-09 1.534761639913991712e-08 2.108579352692778307e-13 5.518211290341646966e-09 1.447816674554518082e-08 2.141718599943053871e-13
2.766825682915017524e+02 3.088499128795835429e-09 6.932100289757980527e-09 1.089964468733042482e-13 2.387586939681727411e-09 6.456491424110918095e-09 1.089329055755286797e-13
3.689621347227101182e+02 1.297264396285508735e-09 3.091483160130440772e-09 5.599121361168877199e-14 1.005857780719468787e-09 2.832101299970083537e-09 5.498708459348084921e-14
4.920189143094656856e+02 5.298566734890137251e-10 1.361220453157972835e-09 2.829166502153583505e-14 4.118475734606468983e-10 1.220515753384352535e-09 2.762889262938921685e-14
6.561177672614023777e+02 2.103123402034046970e-10 5.918554266125224823e-10 1.402507046442800766e-14 1.637619146546132286e-10 5.168539826283392813e-10 1.382913255172521305e-14
8.749471046662279150e+02 8.114612438939869584e-11 2.542608793249266319e-10 6.875212276871609114e-15 6.324094041716700225e-11 2.151530242126919580e-10 6.808798976857513328e-15
1.166760716081661940e+03 3.047126469340991895e-11 1.080757485420094286e-10 3.327179511224611744e-15 2.374041208227722140e-11 8.815633675611803068e-11 3.360413743702445913e-15
1.555900421101123356e+03 1.115908993669102405e-11 4.552028134446937748e-11 1.605023645266010338e-15 8.679416784438503529e-12 3.560434043649053954e-11 1.666772061228879914e-15
2.074826557850288737e+03 3.997423138839783730e-12 1.901029866564754978e-11 7.778453584642493913e-16 3.100028906744541363e-12 1.420221625277110665e-11 8.204469209378720093e-16
2.766825682915017296e+03 1.406369919628579657e-12 7.893580289558811085e-12 3.759890299738425547e-16 1.086080045812937938e-12 5.603025743566256017e-12 3.949820879597533910e-16
3.689621347227101069e+03 4.887178582185239937e-13 3.266251066657548244e-12 1.802479647884933917e-16 3.751000627892415664e-13 2.191495378287436138e-12 1.862845680212411573e-16
4.920189143094656174e+03 1.688822234607081661e-13 1.349351606344896578e-12 8.647714598192873068e-17 1.284704793725075690e-13 8.528106553619047382e-13 8.789233046396840227e-17
6.561177672614025141e+03 5.838204712703129737e-14 5.570885884556591642e-13 4.171974383078158748e-17 4.387838914057569295e-14 3.312832104585433550e-13 4.137572933627518044e-17
8.749471046662278241e+03 2.028518858933733597e-14 2.297366560759491902e-13 1.983252663117500529e-17 1.500680344765708014e-14 1.285632388833522999e-13 1.948019399337473513e-17
1.166760716081662031e+04 7.101706611932308280e-15 9.456672023905884953e-14 9.272930635034788394e-18 5.151970938286885800e-15 4.979170425320083400e-14 9.090058684933982538e-18
1.555900421101123356e+04 2.503259305275357521e-15 3.876094811211284561e-14 4.268766806017831420e-18 1.775607318822081538e-15 1.922578130065941470e-14 4.209392876499133400e-18
2.074826557850289100e+04 8.858022113687809689e-16 1.572541314443397129e-14 1.955296341541616359e-18 6.132514276472763818e-16 7.376374963113083650e-15 1.938476303843218225e-18
2.766825682915017387e+04 3.134283077827995900e-16 6.275255239303224605e-15 8.869770277087185333e-19 2.116267486148162525e-16 2.796671444046329367e-15 8.832113907959678808e-19
3.689621347227100341e+04 1.103704963009322410e-16 2.457995687598554062e-15 4.001034259029340216e-19 7.273166283623210074e-17 1.043834107408463433e-15 3.969761902172607666e-19
4.920189143094656174e+04 3.853435538679616421e-17 9.400390051621866155e-16 1.785465881431276934e-19 2.482083947888037670e-17 3.812771951077664038e-16 1.781237555047170406e-19
6.561177672614024777e+04 1.330667655287057197e-17 3.500993504096263571e-16 7.796293322520823391e-20 8.404284530016385368e-18 1.356703354519666957e-16 7.888213776578245930e-20
8.749471046662278241e+04 4.532072098618803322e-18 1.269329473957459034e-16 3.350740164807133526e-20 2.819245982966318941e-18 4.703981108396472839e-17 3.408190533410872040e-20
1.166760716081661958e+05 1.522300526051298937e-18 4.472138137866277631e-17 1.425671777838479539e-20 9.375578400071940116e-19 1.587746865840133732e-17 1.436868246842381397e-20
1.555900421101123211e+05 5.047893370772533969e-19 1.533047083623517903e-17 6.027363261409975724e-21 3.090720508124769622e-19 5.209455966680870198e-18 5.912636134732885345e-21
2.074826557850289100e+05 1.652481447984333885e-19 5.134414412126023576e-18 2.483932042459796231e-21 1.010780289054637634e-19 1.663443168097631454e-18 2.430267925032127487e-21
2.766825682915017242e+05 5.349458358061111723e-20 1.676633448491392306e-18 9.873657774869746321e-22 3.292621764450927708e-20 5.171209382762796832e-19 9.929508140735823466e-22
3.689621347227101214e+05 1.721916856044019843e-20 5.328243540160776790e-19 3.832567771834319399e-22 1.072831766725769808e-20 1.569759704909404207e-19 3.949430309172585333e-22
4.920189143094656756e+05 5.519448757641062217e-21 1.664703848116987158e-19 1.519685751610432081e-22 3.506583186041615229e-21 4.694886101720143637e-20 1.526704718559443490e-22
6.561177672614024486e+05 1.759829455939980730e-21 5.118486176499630340e-20 5.927470798003612538e-23 1.150961166264370103e-21 1.384619485168369019e-20 5.916554419395601193e-23
8.749471046662279405e+05 5.606572521191691600e-22 1.543274330628136885e-20 2.258432475140729645e-23 3.826156148614855333e-22 4.033103616225694189e-21 2.291587681131505245e-23
1.166760716081662104e+06 1.805787399095463581e-22 4.548913392378860237e-21 8.868055908062381693e-24 1.298188989144590311e-22 1.173939429526948692e-21 8.874934679524901660e-24
1.555900421101123560e+06 5.930117036798495541e-23 1.317727354164218181e-21 3.499923742275541121e-24 4.508148545788884650e-23 3.433769428399296538e-22 3.474656846422519622e-24
2.074826557850289159e+06 2.008724615009982737e-23 3.780688694759798757e-22 1.370575283202457014e-24 1.608596657410400062e-23 1.015825171436909450e-22 1.381719970841080281e-24
2.766825682915017474e+06 7.067555889101333682e-24 1.082601337269030238e-22 5.536917683736481179e-25 5.923687040354414836e-24 3.063269908601834857e-23 5.585073105015895590e-25
3.689621347227101214e+06 2.591441206729772891e-24 3.128576352258113491e-23 2.272039650434313081e-25 2.257702650757114284e-24 9.483328261826669978e-24 2.279667414113582349e-25
4.920189143094656989e+06 9.907703131042131278e-25 9.212453089205608754e-24 9.305466037858091650e-26 8.866160965065162880e-25 3.028021458165917922e-24 9.467832045575155996e-26
6.561177672614024952e+06 3.929465540116210006e-25 2.785142931814065845e-24 3.950181792708697614e-26 3.597636372820446690e-25 1.001408338703126055e-24 3.991819801143446042e-26
8.749471046662278473e+06 1.612676688250116860e-25 8.671539358526894668e-25 1.726269397738393330e-26 1.512836041565134662e-25 3.463656734243933872e-25 1.704986512073945678e-26
1.166760716081662104e+07 6.848200707653368518e-26 2.788636475247649743e-25 7.595909572279507402e-27 6.543740943123202713e-26 1.259123280402359572e-25 7.555891672739566944e-27
1.555900421101123467e+07 2.998861281210389820e-26 9.347053000436207027e-26 3.422814702717759078e-27 2.897822247429486300e-26 4.818472243874093230e-26 3.409943944279023497e-27
2.074826557850288972e+07 1.345209193467022764e-26 3.284423360838957780e-26 1.556396994024938222e-27 1.307252607672773569e-26 1.928505962776312015e-26 1.540717575974293574e-27
2.766825682915017009e+07 6.110979267146399194e-27 1.214017796202376379e-26 7.124586460642630116e-28 5.965361476246199168e-27 8.001937484768250604e-27 7.064329083085456789e-28
3.689621347227101028e+07 2.789031762993547441e-27 4.708506334807184212e-27 3.275876018330177433e-28 2.733796957593683012e-27 3.407985056904770266e-27 3.228672677602014704e-28
4.920189143094656616e+07 1.271665216727381982e-27 1.898738209805443541e-27 1.499876166672963392e-28 1.251841572411343592e-27 1.474641877299717350e-27 1.482638058901669306e-28
6.561177672614024580e+07 5.799020672389045850e-28 7.880654609770908082e-28 6.850765638974783295e-29 5.714065307134257349e-28 6.444411976717656495e-28 6.792831352734042457e-29
8.749471046662279963e+07 2.629708498656155796e-28 3.327753174370230619e-28 3.108642268067411577e-29 2.598295748017303280e-28 2.832937746995900082e-28 3.111033876721219665e-29
1.166760716081662029e+08 1.178943983057228196e-28 1.413809644525453758e-28 1.413205176800929829e-29 1.168819352399362695e-28 1.241588835815331494e-28 1.409140785537668215e-29
1.555900421101123393e+08 5.222590335665090393e-29 6.008660589122763342e-29 6.273435632195856532e-30 5.179028983977064378e-29 5.397510823616699253e-29 6.237734429622351594e-30
2.074826557850289047e+08 2.288954318997409233e-29 2.547183501965334436e-29 2.745637405139077390e-30 2.260904480064850119e-29 2.320687458000281116e-29 2.728232966423590461e-30
2.766825682915017605e+08 9.827357636029164987e-30 1.066636493419521766e-29 1.185371631555568271e-30 9.659578427193470748e-30 9.809536107285108194e-30 1.168668095665066215e-30
3.689621347227101326e+08 4.131496760192010903e-30 4.400293818638149950e-30 4.983580873999938014e-31 4.043816292351454670e-30 4.074317512128166254e-30 4.898522432948353428e-31
4.920189143094656467e+08 1.696429810747192025e-30 1.781026135821206499e-30 2.014286476550342835e-31 1.649938846272523080e-30 1.652923601576981041e-30 2.013523457718280265e-31
6.561177672614024878e+08 6.762645697148705530e-31 7.030307742054292131e-31 7.882051222877220937e-32 6.550886104398917448e-31 6.532132287604788200e-31 7.951594232938194283e-32
8.749471046662279367e+08 2.608943816095255566e-31 2.693255191737069479e-31 2.985259042814351272e-32 2.508511492853458683e-31 2.494249579283093431e-31 2.969615264283525427e-32
1.166760716081662178e+09 9.684785575454804223e-32 9.945305923340227944e-32 1.070335715033668203e-32 9.225284615920709776e-32 9.163811393116164993e-32 1.050596673350034636e-32
1.555900421101123333e+09 3.451479835367119777e-32 3.535369618258686272e-32 3.632650801618692439e-33 3.261049134884860430e-32 3.236395433936409684e-32 3.549721490619843760e-33
2.074826557850289106e+09 1.186904585452947125e-32 1.214536171047200159e-32 1.160210862933762208e-33 1.099299749694240339e-32 1.091568688630310399e-32 1.128349861065954446e-33
2.766825682915017128e+09 3.894122387241415412e-33 3.987893644983395496e-33 3.411734495888414612e-34 3.517568560826789069e-33 3.497386979943965292e-33 3.334258767352796793e-34
3.689621347227100849e+09 1.218665470630686532e-33 1.250073365140745700e-33 9.136442971087553071e-35 1.056839952397652583e-33 1.052278125936482511e-33 9.069060974876165804e-35
4.920189143094656944e+09 3.588400185476254213e-34 3.693493818291796749e-34 2.272651427227809826e-35 2.979528145779893637e-34 2.971776472961089125e-34 2.317564603100167833e-35
6.561177672614025116e+09 9.988720402331392168e-35 1.035174060657012675e-34 5.423926872670992450e-36 7.920996871997390650e-35 7.931035589508000961e-35 5.566984755104075689e-36
8.749471046662279129e+09 2.564505261326729663e-35 2.688293990769702661e-35 1.144512410196414917e-36 1.942560788940469457e-35 1.959035367459117492e-35 1.197097301535686067e-36
1.166760716081661987e+10 6.147999791323610257e-36 6.530460043886632492e-36 2.088744071703845416e-37 4.191167364438417174e-36 4.245119553673930241e-36 2.248344712322507799e-37
1.555900421101123428e+10 1.351187959039597915e-36 1.459251285411101494e-36 3.325607233124726320e-38 7.870498725293158768e-37 8.053916894059235106e-37 3.797900795721149059e-38
2.074826557850289154e+10 2.643002713190614857e-37 2.938199114430737230e-37 4.377806389024846509e-39 1.195127307344793252e-37 1.243609286191998663e-37 5.322332783150693765e-39
2.766825682915017319e+10 4.673584094829004725e-38 5.349655357516161796e-38 4.203954825060016068e-40 1.409422963625195776e-38 1.512209398019946166e-38 5.178081172838144739e-40
3.689621347227101135e+10 6.526818444786449837e-39 7.865730420992787793e-39 2.345322321527136468e-41 1.213522175567913182e-39 1.293243345084661223e-39 2.851555267859256646e-41
4.920189143094656372e+10 6.137208362584901655e-40 8.499502655118153133e-40 9.079539010051134199e-43 2.845561695212908960e-41 3.965993779625629358e-41 5.331939548114826204e-43
6.561177672614024353e+10 2.204689977895150491e-41 5.291089141686674290e-41 3.801221517311171203e-45 2.432292298798613363e-43 7.138893653189721984e-43 2.314280329335614323e-44
8.749471046662280273e+10 5.415402135432540988e-45 1.390357806926193045e-42 3.939765116026250689e-47 2.825926548342670581e-45 1.116132360590324895e-44 2.928664676862013607e-46
