1.166760716081661986e+00 8.059329058666558649e-04 1.500447164323868337e-03 2.714205052519302170e-10 6.956721274836987715e-04 1.501697978609075040e-03 2.990304239350421652e-10
1.555900421101123365e+00 5.449661361550940620e-04 1.025188940147641172e-03 2.725783151130797713e-10 4.680436545968407803e-04 1.024020538930571662e-03 2.942396782182265225e-10
2.074826557850288911e+00 3.596613750090812403e-04 6.796912400119693460e-04 2.549131176861294753e-10 3.062900355668988963e-04 6.794550690756823814e-04 2.668666775642378283e-10
2.766825682915017293e+00 2.300938030203070769e-04 4.357209149807707380e-04 2.103937869665435478e-10 1.938883205363214684e-04 4.361824469606970971e-04 2.138663175863958525e-10
3.689621347227101111e+00 1.421468849557252947e-04 2.693353469629623711e-04 1.704076739929838259e-10 1.182840963586340247e-04 2.699601162339130352e-04 1.675480399277944594e-10
4.920189143094656714e+00 8.468532959832971482e-05 1.601252711598013482e-04 1.375456635430494649e-10 6.941375304145828594e-05 1.607858199967586313e-04 1.321158339189108036e-10
6.561177672614024736e+00 4.856427677514476589e-05 9.139124243206882465e-05 1.070484693785354093e-10 3.912356525737978731e-05 9.200745177179122964e-05 1.020896832126468850e-10
8.749471046662279150e+00 2.674067400682068725e-05 4.995165141888467127e-05 7.834138842364733389e-11 2.115086211748297895e-05 5.049354118688595367e-05 7.399727939263800487e-11
1.166760716081661897e+01 1.410882283172904702e-05 2.611645305991181385e-05 5.280822657204011945e-11 1.096978266155467199e-05 2.655604248206603986e-05 4.996428713794393559e-11
1.555900421101123499e+01 7.138586688580210504e-06 1.313444313790806683e-05 3.487875706734560083e-11 5.476079369654043251e-06 1.341515220151870142e-05 3.330344979987658057e-11
2.074826557850288822e+01 3.486123082423492380e-06 6.433257754773440768e-06 2.270387667189014914e-11 2.652039301977345077e-06 6.557846101964745506e-06 2.191514920378341903e-11
2.766825682915017381e+01 1.663280547066652891e-06 3.102973654352118496e-06 1.443971077215701509e-11 1.260330375607052414e-06 3.136163300763992378e-06 1.400495297711500764e-11
3.689621347227100756e+01 7.845879664181867769e-07 1.484705637333983358e-06 8.702199971103492017e-12 5.939193936085287804e-07 1.482234720874429303e-06 8.510165861986923364e-12
4.920189143094656714e+01 3.682138300975451708e-07 7.050182283782063258e-07 4.907175947683991001e-12 2.789595171663021072e-07 6.966388733161414003e-07 4.841790812939790864e-12
6.561177672614024914e+01 1.720814782973875017e-07 3.328236376225417370e-07 2.704534587227696636e-12 1.306201874861631936e-07 3.262517536878424282e-07 2.699594174356488014e-12
8.749471046662279150e+01 7.996724518320105635e-08 1.565457047794639802e-07 1.466033656031912756e-12 6.087458750119282755e-08 1.522143556924789015e-07 1.474207628784158117e-12
1.166760716081661968e+02 3.689281758687249112e-08 7.325578255891670953e-08 7.817469663512966284e-13 2.818348621549252819e-08 7.070260382393548083e-08 7.885443351751034412e-13
1.555900421101123356e+02 1.685243902706922939e-08 3.407773627703799837e-08 4.087019573792987728e-13 1.292537514268464585e-08 3.265330437150281963e-08 4.130394977389279370e-13
2.074826557850288964e+02 7.591210943288362578e-09 1.573177546452811414e-08 2.093657105631202393e-13 5.845377077516327502e-09 1.496030310766019404e-08 2.126944506761890957e-13
2.766825682915017524e+02 3.355060707249707855e-09 7.190036699989086491e-09 1.081752963197726320e-13 2.592660871757721545e-09 6.777414469272205475e-09 1.081176529062630009e-13
3.689621347227101182e+02 1.447615626715471119e-09 3.248095738565336321e-09 5.555258515905282634e-14 1.122194405546146317e-09 3.024944310228366853e-09 5.455021385755827461e-14
4.920189143094656856e+02 6.075683300447969039e-10 1.448453752591280843e-09 2.806325106388497982e-14 4.722751598879859875e-10 1.326512562712018998e-09 2.740181360120270403e-14
6.561177672614023777e+02 2.475523586280237664e-10 6.371244023310913582e-10 1.390850826853467784e-14 1.928441965943942251e-10 5.709409075504292263e-10 1.371269632293333630e-14
8.749471046662279150e+02 9.787123679226410056e-11 2.764759137400018998e-10 6.817692212949411444e-15 7.635041178008450092e-11 2.411419478528563245e-10 6.750924129081220509e-15
1.166760716081661940e+03 3.757529216948167939e-11 1.185150155450222160e-10 3.299611338934046321e-15 2.932446801165607606e-11 1.000622329366652277e-10 3.332317636407157177e-15
1.555900421101123356e+03 1.403274515571556154e-11 5.025751017882709094e-11 1.592205713468752820e-15 1.094217320157910621e-11 4.085178832862933632e-11 1.653555968606511653e-15
2.074826557850288737e+03 5.109915614985218098e-12 2.109692329774751734e-11 7.720019305964331468e-16 3.976906975743209800e-12 1.644031859338454547e-11 8.144127864702185541e-16
2.766825682915017296e+03 1.820134566747746978e-12 8.788612863710597897e-12 3.733664132299249055e-16 1.412441088495083342e-12 6.528915451425805538e-12 3.922920587371413548e-16
3.689621347227101069e+03 6.372063254006342739e-13 3.640827547902288694e-12 1.791241532835746315e-16 4.922302305407725418e-13 2.563611993202235544e-12 1.851022936107753651e-16
4.920189143094656174e+03 2.205935924393562267e-13 1.502936478299626736e-12 8.600344441435782441e-17 1.692121855445266733e-13 9.985788241666330017e-13 8.738341196932903273e-17
6.561177672614025141e+03 7.598184684665901832e-14 6.192950707641274154e-13 4.152430885037317802e-17 5.771013724063868223e-14 3.872242833295065514e-13 4.116117102475649487e-17
8.749471046662278241e+03 2.619163695722330930e-14 2.549135891311612649e-13 1.975437063490710623e-17 1.962887064532584815e-14 1.497551183933799353e-13 1.939133020235428551e-17
1.166760716081662031e+04 9.075514168799188698e-15 1.048848155300512691e-13 9.242462177546515749e-18 6.685023666270597789e-15 5.779368169810495622e-14 9.053982887626482431e-18
1.555900421101123356e+04 3.165887537925995051e-15 4.308617067712573564e-14 4.256971903563817732e-18 2.283826126042882581e-15 2.226749486456653511e-14 4.194935369515675844e-18
2.074826557850289100e+04 1.110604141696822635e-15 1.758069103201337767e-14 1.950751134948478787e-18 7.823419229506400038e-16 8.547683926611720306e-15 1.932782525000394056e-18
2.766825682915017387e+04 3.906041606387804800e-16 7.082174655489992682e-15 8.852373668312963778e-19 2.681195462716530379e-16 3.253188019297309799e-15 8.810142363805055472e-19
3.689621347227100341e+04 1.370841690525683050e-16 2.808835849918997849e-15 3.994470145206099078e-19 9.163366035371752983e-17 1.222851430448870414e-15 3.961387387638620657e-19
4.920189143094656174e+04 4.779603881576776478e-17 1.089911473986707699e-15 1.783056746666268323e-19 3.112628464010771762e-17 4.509498971742483496e-16 1.778107329548209563e-19
6.561177672614024777e+04 1.649920808599328811e-17 4.121892996658133521e-16 7.787286832581644324e-20 1.049168453329994817e-17 1.622465440031190177e-16 7.876269435938837792e-20
8.749471046662278241e+04 5.618111319859159495e-18 1.516785307564834651e-16 3.347310013446578996e-20 3.501290363381925336e-18 5.688945370324479171e-17 3.403634451941665352e-20
1.166760716081661958e+05 1.885343280403741185e-18 5.416498124047354758e-17 1.424360386097106030e-20 1.156797292488705939e-18 1.940284276019566669e-17 1.435175310623125808e-20
1.555900421101123211e+05 6.237394468384390111e-19 1.878353501175312933e-17 6.022381875898412652e-21 3.782370523795946307e-19 6.423798937824900236e-18 5.906195993569665237e-21
2.074826557850289100e+05 2.033605907240320171e-19 6.350002372961275568e-18 2.481990327317851439e-21 1.224799709263172588e-19 2.066130075591786311e-18 2.427822090318292164e-21
2.766825682915017242e+05 6.543625196753696657e-20 2.088560191385993036e-18 9.865883083580918537e-22 3.943108237991324999e-20 6.458000360331340667e-19 9.920215163866239633e-22
3.689621347227101214e+05 2.089537945338017726e-20 6.672715743237338466e-19 3.829448084240252771e-22 1.267702476068841451e-20 1.967470334061942613e-19 3.945841870122478845e-22
4.920189143094656756e+05 6.632716454184300094e-21 2.092486298519672248e-19 1.518449613796598046e-22 4.083499964563205021e-21 5.896126928151409861e-20 1.525327218551259442e-22
6.561177672614024486e+05 2.090694152714668016e-21 6.449520915638571290e-20 5.922500596588139982e-23 1.319861497237020471e-21 1.739903582916485641e-20 5.911402905660163686e-23
8.749471046662279405e+05 6.571598218939031221e-22 1.947284763445619184e-20 2.256468379728658868e-23 4.317302066514160033e-22 5.064051719702804953e-21 2.289636110934444479e-23
1.166760716081662104e+06 2.083822316387945762e-22 5.742341033816341925e-21 8.860686481176109510e-24 1.441077751273580101e-22 1.470835740671513002e-21 8.867656149271117009e-24
1.555900421101123560e+06 6.727441116630867422e-23 1.662759524764699344e-21 3.497236826549080097e-24 4.926939282139899391e-23 4.286679181531861634e-22 3.472108658795616482e-24
2.074826557850289159e+06 2.238201416462713283e-23 4.764342945585099077e-22 1.369652165026340440e-24 1.733119674503697703e-23 1.261573428198852084e-22 1.380891946529107109e-24
2.766825682915017474e+06 7.735222550315692909e-24 1.361040465869114019e-22 5.534151709559958370e-25 6.300126129498790345e-24 3.777292632099637885e-23 5.582672421077971356e-25
3.689621347227101214e+06 2.789214355089267886e-24 3.918882731505939860e-23 2.271345542430029440e-25 2.373840411048147906e-24 1.158358921775810929e-23 2.279154401433105936e-25
4.920189143094656989e+06 1.050479322673557228e-24 1.147852891468192395e-23 9.304853973007509413e-26 9.230887757797860842e-25 3.654679098967406369e-24 9.467935708097803764e-26
6.561177672614024952e+06 4.112798903168320743e-25 3.444857590738490232e-24 3.951265898405454660e-26 3.714117927503805046e-25 1.190774490818473040e-24 3.993064654730845281e-26
8.749471046662278473e+06 1.670023294416053755e-25 1.062030607126663565e-24 1.727477842746571499e-26 1.550896672686257900e-25 4.045508604446463377e-25 1.706208331041680627e-26
1.166760716081662104e+07 7.032439931053914328e-26 3.370922698781305011e-25 7.605157696537417356e-27 6.672258034970183685e-26 1.441968146953605037e-25 7.565173484456040996e-27
1.555900421101123467e+07 3.060389023119057421e-26 1.111239281273892806e-25 3.429219110897780008e-27 2.943151215497596551e-26 5.409778600474056638e-26 3.416357272112036701e-27
2.074826557850288972e+07 1.367006922843270239e-26 3.828667095727720867e-26 1.560631590095555728e-27 1.324258553080789052e-26 2.124558178765721130e-26 1.544929658994144460e-27
2.766825682915017009e+07 6.194520738074098323e-27 1.385886403373207843e-26 7.152005200037912228e-28 6.034356989510410823e-27 8.669522308158058658e-27 7.091642618538125603e-28
3.689621347227101028e+07 2.824056375339206292e-27 5.269006265513596015e-27 3.293334135154181259e-28 2.764305567791361458e-27 3.641768455712295493e-27 3.245998089088078298e-28
4.920189143094656616e+07 1.287723163245720893e-27 2.088522884401317818e-27 1.510855114494571712e-28 1.266504963350862243e-27 1.558798772415373763e-27 1.493541845842355117e-28
6.561177672614024580e+07 5.878753253777986037e-28 8.545933474784996731e-28 6.918868709668597782e-29 5.789650815404937182e-28 6.758527574715127637e-28 6.860737875042757964e-29
8.749471046662279963e+07 2.671603242016531895e-28 3.569941432208125463e-28 3.150351339667276717e-29 2.639205439733229515e-28 2.955585616512045486e-28 3.152828870285184182e-29
1.166760716081662029e+08 1.201668175736838534e-28 1.505487800456691642e-28 1.438486265895246168e-29 1.191476538558634043e-28 1.292038565700592668e-28 1.434321355128994293e-29
1.555900421101123393e+08 5.347479028235608554e-29 6.370530516338750425e-29 6.422345045936891279e-30 5.304986427792331096e-29 5.616955004484885944e-29 6.385853360635426217e-30
2.074826557850289047e+08 2.357368882780054230e-29 2.696531828029146823e-29 2.831343862557946826e-30 2.330201506691803865e-29 2.420914131591703389e-29 2.813657799307126835e-30
2.766825682915017605e+08 1.019445566637192733e-29 1.130727732621364074e-29 1.233503243142146169e-30 1.003227281263020314e-29 1.028223157912260755e-29 1.216431556751576882e-30
3.689621347227101326e+08 4.322959267738624719e-30 4.683449249199578124e-30 5.244784623681531917e-31 4.238464463994204960e-30 4.300208205226631767e-30 5.157783852675705728e-31
4.920189143094656467e+08 1.792740309516102034e-30 1.907544561142538928e-30 2.149890596010717084e-31 1.747801584396310379e-30 1.760099241887323051e-30 2.149576717365192682e-31
6.561177672614024878e+08 7.225925134455167857e-31 7.591624756182592229e-31 8.557444758146804428e-32 7.021463359728977275e-31 7.028453850451798317e-31 8.629526944250154371e-32
8.749471046662279367e+08 2.820845140052589152e-31 2.936475958188309533e-31 3.305900044534554311e-32 2.723006835556662556e-31 2.715128064796965889e-31 3.287018996292462053e-32
1.166760716081662178e+09 1.060176887488737677e-31 1.096039095327113688e-31 1.213003259329960697e-32 1.014794784289229013e-31 1.009997959106754259e-31 1.190477441216018659e-32
1.555900421101123333e+09 3.825613121759042856e-32 3.940185850232520132e-32 4.225525365505352031e-33 3.635284025413891143e-32 3.612577468915780608e-32 4.129516347493860515e-33
2.074826557850289106e+09 1.331335783414806742e-32 1.368589182215199562e-32 1.387800209898310816e-33 1.241677267461687947e-32 1.233973343295916007e-32 1.350227000779579657e-33
2.766825682915017128e+09 4.418584627701294496e-33 4.542924938155259747e-33 4.202136042738943864e-34 4.023403998708971597e-33 4.002197020561717870e-33 4.109815312217593411e-34
3.689621347227100849e+09 1.397091555633687140e-33 1.438241541343038487e-33 1.159602376250055307e-34 1.222901107599304526e-33 1.217939219855019299e-33 1.152204033653507429e-34
4.920189143094656944e+09 4.152968465377734548e-34 4.289345689527614942e-34 2.970842227543065147e-35 3.483633694215449377e-34 3.475149517022986070e-34 3.031638051197783398e-35
6.561177672614025116e+09 1.165278566884750937e-34 1.211747626281308340e-34 7.275990767009120189e-36 9.341158107900949334e-35 9.353990092021782324e-35 7.473422177233298349e-36
8.749471046662279129e+09 3.013274789903228388e-35 3.169802377347865861e-35 1.569181812619924028e-36 2.306745953676977594e-35 2.326324423612255542e-35 1.643166944379489190e-36
1.166760716081661987e+10 7.263047820702987540e-36 7.743541901430948957e-36 2.921108746143578077e-37 5.006443447295651775e-36 5.071596359919196916e-36 3.147379398246103219e-37
1.555900421101123428e+10 1.602212948740738121e-36 1.737688506671127749e-36 4.725024902414874487e-38 9.448883592996775033e-37 9.670788004340764251e-37 5.403427886103882036e-38
2.074826557850289154e+10 3.144629031954848102e-37 3.512910625238100980e-37 6.301609413648795754e-39 1.440093936118485112e-37 1.499008314811957052e-37 7.665853749613037470e-39
2.766825682915017319e+10 5.573903048396889333e-38 6.416243995771136673e-38 6.109607994910710153e-40 1.703214230971750935e-38 1.828446914588050931e-38 7.540181841591568712e-40
3.689621347227101135e+10 7.798621316903397116e-39 9.465268822815900127e-39 3.443897811501610618e-41 1.471148725643660085e-39 1.569740683036111826e-39 4.200366693758055874e-41
4.920189143094656372e+10 7.349183733369319422e-40 1.027444331273348535e-39 1.344825914951829865e-42 3.468128757197091202e-41 4.849108226749988389e-41 8.112811383995711501e-43
6.561177672614024353e+10 2.643679350777933895e-41 6.438354227305500549e-41 5.909929309827445830e-45 3.028171669888130986e-43 8.888294334939318545e-43 3.538592976100264156e-44
8.749471046662280273e+10 6.687063345804408388e-45 1.699428630750448661e-42 6.134164906692437175e-47 3.521602830691622553e-45 1.399314175005415975e-44 4.498452002019497851e-46
