1.166760716081661986e+00 8.061920663507728124e-04 1.501118238462660929e-03 2.720767978614600999e-10 6.959296545492627429e-04 1.502357340638885977e-03 2.997131557553364967e-10
1.555900421101123365e+00 5.451023174984226264e-04 1.025607001224143394e-03 2.732512270167432509e-10 4.681851411418222735e-04 1.024431214213357899e-03 2.949317873918782761e-10
2.074826557850288911e+00 3.597195928362328932e-04 6.799372266891469787e-04 2.555524783365747842e-10 3.063578717902613944e-04 6.796944010873171146e-04 2.675170652214273864e-10
2.766825682915017293e+00 2.301086780516065609e-04 4.358558233288903827e-04 2.109436264855430093e-10 1.939139815201851541e-04 4.363112343685019725e-04 2.144194372903156564e-10
3.689621347227101111e+00 1.421415239656364290e-04 2.694035442480795825e-04 1.708688610321748786e-10 1.182887561656909654e-04 2.700233302395927651e-04 1.680099472974963330e-10
4.920189143094656714e+00 8.467285178124269850e-05 1.601563478777393945e-04 1.379291192933950414e-10 6.940986074952730338e-05 1.608130276963776282e-04 1.324976932622364045e-10
6.561177672614024736e+00 4.855134825210682248e-05 9.140357377386796884e-05 1.073572917370994142e-10 3.911764387102921849e-05 9.201670686637777625e-05 1.023967182080336707e-10
8.749471046662279150e+00 2.673017892855640589e-05 4.995578883939777280e-05 7.857980499293114604e-11 2.114580388683854394e-05 5.049513489607921447e-05 7.423480027069491069e-11
1.166760716081661897e+01 1.410148125192809513e-05 2.611775678113326102e-05 5.298451352157688872e-11 1.096639446226187905e-05 2.655524461104221572e-05 5.013954895902328088e-11
1.555900421101123499e+01 7.133964247868029429e-06 1.313505877521428651e-05 3.500591546803310255e-11 5.474121582319272519e-06 1.341417278370292415e-05 3.342912666803249155e-11
2.074826557850288822e+01 3.483298958699548413e-06 6.433654308255169283e-06 2.279366685820550076e-11 2.650913813909259720e-06 6.557172652882379616e-06 2.200350867660377584e-11
2.766825682915017381e+01 1.661357236604776840e-06 3.103054375677788324e-06 1.450137897202856243e-11 1.259495234412918018e-06 3.135569205217614292e-06 1.406559877881562207e-11
3.689621347227100756e+01 7.829859428507187008e-07 1.484396785477853229e-06 8.743135219733563903e-12 5.930653931134443071e-07 1.481471584422735052e-06 8.550514251594070860e-12
4.920189143094656714e+01 3.666924697415988052e-07 7.043827162150098545e-07 4.933418829588440655e-12 2.780025556678266416e-07 6.956460760454049020e-07 4.867790907494557168e-12
6.561177672614024914e+01 1.706177908582192139e-07 3.319811359141013072e-07 2.720844176248981265e-12 1.296093962174580935e-07 3.250963598414101243e-07 2.715811010499531639e-12
8.749471046662279150e+01 7.863514655579263525e-08 1.556359459074883262e-07 1.475926554312211259e-12 5.990834311116711497e-08 1.510249874454170894e-07 1.484051759648874359e-12
1.166760716081661968e+02 3.578139605044541949e-08 7.240497014889656265e-08 7.875825045845405953e-13 2.735559215049731598e-08 6.961322891681743341e-08 7.943717393342061333e-13
1.555900421101123356e+02 1.601498341452625387e-08 3.337557387790342707e-08 4.120937342277484203e-13 1.229178170789776834e-08 3.176471657058666101e-08 4.164174330250399175e-13
2.074826557850288964e+02 7.023888431821725573e-09 1.521631660259027017e-08 2.112879468947509340e-13 5.411868437833300811e-09 1.431379803056204074e-08 2.145971132273338831e-13
2.766825682915017524e+02 3.008479938756569776e-09 6.850606143759365437e-09 1.092306723869062319e-13 2.325953625111773333e-09 6.355534902067965370e-09 1.091652251706730593e-13
3.689621347227101182e+02 1.255103559920912099e-09 3.045211117680275471e-09 5.611488551163249973e-14 9.732065407778873544e-10 2.775525045081914850e-09 5.511025233093434744e-14
4.920189143094656856e+02 5.092811416471004762e-10 1.336788789938985586e-09 2.835528204826380625e-14 3.958343780782942980e-10 1.191138671576891370e-09 2.769215537876860071e-14
6.561177672614023777e+02 2.009047190474693000e-10 5.796710850892127728e-10 1.405715358004736183e-14 1.564081636200410279e-10 5.025045883918525770e-10 1.386117888782122253e-14
8.749471046662279150e+02 7.707796109433462332e-11 2.484448883494020743e-10 6.890840412505379335e-15 6.004906371732447188e-11 2.084739014583935634e-10 6.824541355915745246e-15
1.166760716081661940e+03 2.879535101221145559e-11 1.053927120612764532e-10 3.334570399392830322e-15 2.242179781593923644e-11 8.516427151517117121e-11 3.367963156394527628e-15
1.555900421101123356e+03 1.049797419067919754e-11 4.431797953828134548e-11 1.608416039189577885e-15 8.158392335074018680e-12 3.430646958665064898e-11 1.670282426748642482e-15
2.074826557850288737e+03 3.746792320642430063e-12 1.848572535938034929e-11 7.793742450022740947e-16 2.902333132034730862e-12 1.365534470509274640e-11 8.220334236889479275e-16
2.766825682915017296e+03 1.314764121254606059e-12 7.670287363028513600e-12 3.766684599040824974e-16 1.013778888897209748e-12 5.379050985436415754e-12 3.956826845276086054e-16
3.689621347227101069e+03 4.562884879350381371e-13 3.173298383260831129e-12 1.805367088264505535e-16 3.495041914694652450e-13 2.102212906257988318e-12 1.865903191963326512e-16
4.920189143094656174e+03 1.576887473145693171e-13 1.311286996451795883e-12 8.659796694032993572e-17 1.196471074331082873e-13 8.180214683019208683e-13 8.802324418166593838e-17
6.561177672614025141e+03 5.458377460087018441e-14 5.415969181754020702e-13 4.176927163168589378e-17 4.089304349089406589e-14 3.179439916966321612e-13 4.143070073896248799e-17
8.749471046662278241e+03 1.900578469445052220e-14 2.233923577543775800e-13 1.985224861994836370e-17 1.400669193084359766e-14 1.234857187742673701e-13 1.950290639135693478e-17
1.166760716081662031e+04 6.669788016063116503e-15 9.192134244632051058e-14 9.280590224440665049e-18 4.817640676949047909e-15 4.785415931160217954e-14 9.099256024942984198e-18
1.555900421101123356e+04 2.356061883524203678e-15 3.763125322776897167e-14 4.271725765019226302e-18 1.663485314062654561e-15 1.847844767043672361e-14 4.213073058112515979e-18
2.074826557850289100e+04 8.350017091261379000e-16 1.523390656066665895e-14 1.956435899030966389e-18 5.754565290406261400e-16 7.084187664120947909e-15 1.939923837756029383e-18
2.766825682915017387e+04 2.957050483943529876e-16 6.060254230556401586e-15 8.874138807182406169e-19 1.988420119501533736e-16 2.681457063667432618e-15 8.837686105767327700e-19
3.689621347227100341e+04 1.041571172374076074e-16 2.364840086013169136e-15 4.002690725512872903e-19 6.840981624974937136e-17 9.984153599536530492e-16 3.971885433312124184e-19
4.920189143094656174e+04 3.636193011583902685e-17 9.006780830981754990e-16 1.786079448840753591e-19 2.336817973308549452e-17 3.636283943919722905e-16 1.782032516311978753e-19
6.561177672614024777e+04 1.255444974030810729e-17 3.340425413861096529e-16 7.798620469485593558e-20 7.920917699747028287e-18 1.289862070207338374e-16 7.891265027281140902e-20
8.749471046662278241e+04 4.275767255306153672e-18 1.206406066822024817e-16 3.351643466749921591e-20 2.660792818565922697e-18 4.458764000038441605e-17 3.409364849593020054e-20
1.166760716081661958e+05 1.436626488979904635e-18 4.235868142286677224e-17 1.426023636381131600e-20 8.865147832612881397e-19 1.500945599864670916e-17 1.437310459967218946e-20
1.555900421101123211e+05 4.767369269770950218e-19 1.447881553062552292e-17 6.028723998700511751e-21 2.929420154650217837e-19 4.913601756503386353e-18 5.914345730195129661e-21
2.074826557850289100e+05 1.562661168692226742e-19 4.838110722671236128e-18 2.484469828736034630e-21 9.607840770949380790e-20 1.566226751387228496e-18 2.430925991469259646e-21
2.766825682915017242e+05 5.068140795695850992e-20 1.577143244203083509e-18 9.875832553683963578e-22 3.140360204559538056e-20 4.862846877052751736e-19 9.932032273823525074e-22
3.689621347227101214e+05 1.635307910581232427e-20 5.005764843234327004e-19 3.833442246447277341e-22 1.027106754942730953e-20 1.474988812601621040e-19 3.950410827293518003e-22
4.920189143094656756e+05 5.257022299100970826e-21 1.562609862223933070e-19 1.520030131112984993e-22 3.370813610402184535e-21 4.409805355520087568e-20 1.527080470760267071e-22
6.561177672614024486e+05 1.681746674185506333e-21 4.801943516378302515e-20 5.928841248768209312e-23 1.111066722423781289e-21 1.300543033126759665e-20 5.917948582614868516e-23
8.749471046662279405e+05 5.378429433122348109e-22 1.447421795049777641e-20 2.258965716872558373e-23 3.709629981447750087e-22 3.789597904243868602e-21 2.292108900376372284e-23
1.166760716081662104e+06 1.739899983512577030e-22 4.266193135645807167e-21 8.870012376637577308e-24 1.264115500584568209e-22 1.103891736954856156e-21 8.876846082629912148e-24
1.555900421101123560e+06 5.740623083285750395e-23 1.236058995908178961e-21 3.500615513837046077e-24 4.407749835188586409e-23 3.232651244935339875e-22 3.475306447915796112e-24
2.074826557850289159e+06 1.954014088500078984e-23 3.547943171034428589e-22 1.370801640203975979e-24 1.578595519396652391e-23 9.578881291478159587e-23 1.381919275538096090e-24
2.766825682915017474e+06 6.907882420761575337e-24 1.016719284767098934e-22 5.537529362675195987e-25 5.832625508039685126e-24 2.894926897950318915e-23 5.585585661493485636e-25
3.689621347227101214e+06 2.544012970183097085e-24 2.941532918941095506e-23 2.272152391099171921e-25 2.229530603508091092e-24 8.988091038960426909e-24 2.279733086343432011e-25
4.920189143094656989e+06 9.764170098555394118e-25 8.675886488691188682e-24 9.305228654826573008e-26 8.777527400524634893e-25 2.880231761605057833e-24 9.467409110718272996e-26
6.561177672614024952e+06 3.885280138560333021e-25 2.628834415140605679e-24 3.949668522534979805e-26 3.569273093042239708e-25 9.567382221235654900e-25 3.991266331976194840e-26
8.749471046662278473e+06 1.598799725472543091e-25 8.209453358765198658e-25 1.725819139930172392e-26 1.503529885069425322e-25 3.326345879978564016e-25 1.704534231038475394e-26
1.166760716081662104e+07 6.803273336171949321e-26 2.650436047573467905e-25 7.592695739590945123e-27 6.512029641180886891e-26 1.215933512855309790e-25 7.552670341803098087e-27
1.555900421101123467e+07 2.983636579222642880e-26 8.927541946378267016e-26 3.420656770881721831e-27 2.886439718166367307e-26 4.678525978082340863e-26 3.407784351982399201e-27
2.074826557850288972e+07 1.339680768497677356e-26 3.154851791576697438e-26 1.554991924168041754e-27 1.302859494677223091e-26 1.881933594829176671e-26 1.539319978802583384e-27
2.766825682915017009e+07 6.089027209669510222e-27 1.172977317079668106e-26 7.115567195815594080e-28 5.946842479069490858e-27 7.842324093616289806e-27 7.055345382760116072e-28
3.689621347227101028e+07 2.779429315221501975e-27 4.573992175634666336e-27 3.270165323768546768e-28 2.725248569317105385e-27 3.351492465305034805e-27 3.223007101001167981e-28
4.920189143094656616e+07 1.267072059805909193e-27 1.852819162587779425e-27 1.496301231557836928e-28 1.247565415475919421e-27 1.453966478353958894e-27 1.479088816670950031e-28
6.561177672614024580e+07 5.775394711693643822e-28 7.717644578413021299e-28 6.828687223959666827e-29 5.691328923048388850e-28 6.365376936847011622e-28 6.770822793577247379e-29
8.749471046662279963e+07 2.616988181895971435e-28 3.267329813024890254e-28 3.095187029842346196e-29 2.585741485811652998e-28 2.801102880096495419e-28 3.097554635421900054e-29
1.166760716081662029e+08 1.171950464557043901e-28 1.390391294315044405e-28 1.405097639680713134e-29 1.161797553463892473e-28 1.228023905215302173e-28 1.401067474994231465e-29
1.555900421101123393e+08 5.183976203167691215e-29 5.913627803724251683e-29 6.226022240933129552e-30 5.139917378515279420e-29 5.336477562882851405e-29 6.190589407040688519e-30
2.074826557850289047e+08 2.267844826461463660e-29 2.506837996211001157e-29 2.718583319530144136e-30 2.239471586924633755e-29 2.292056289665800920e-29 2.701282136970048212e-30
2.766825682915017605e+08 9.714891985475803460e-30 1.048901463243754783e-29 1.170336685026970955e-30 9.545274648858250908e-30 9.672245613096144098e-30 1.153757426301487089e-30
3.689621347227101326e+08 4.073471914155036694e-30 4.320641046381240013e-30 4.903007967154520947e-31 3.984818481205342190e-30 4.008281141303816747e-30 4.818599479866780779e-31
4.920189143094656467e+08 1.667634680270724389e-30 1.745150506338780792e-30 1.973081970172554612e-31 1.620700803650369997e-30 1.621653625099201491e-30 1.972191646596610380e-31
6.561177672614024878e+08 6.626256640298556286e-31 6.871102470214910544e-31 7.680415168457736738e-32 6.412553113499101049e-31 6.388480998487495690e-31 7.749127200131254588e-32
8.749471046662279367e+08 2.547584757913715104e-31 2.624657420004410163e-31 2.891451056218888661e-32 2.446544620057779905e-31 2.431086075448750936e-31 2.876716988735761473e-32
1.166760716081662178e+09 9.423723126027570311e-32 9.661704746515510133e-32 1.029569614861553528e-32 8.963480852919147862e-32 8.899939271506488311e-32 1.010620014446169032e-32
1.555900421101123333e+09 3.346730774473150057e-32 3.423576608740283272e-32 3.467672623368435549e-33 3.156739244651458281e-32 3.131994360877507472e-32 3.388393115570884462e-33
2.074826557850289106e+09 1.147102391571280512e-32 1.172516012106925084e-32 1.098665529429248679e-33 1.060301853002171781e-32 1.052668873195345862e-32 1.068368091733067372e-33
2.766825682915017128e+09 3.751726971249559809e-33 3.838393270951173396e-33 3.204371700217183663e-34 3.381295734840037250e-33 3.361609836492275168e-33 3.130919136669155743e-34
3.689621347227100849e+09 1.170866783491843269e-33 1.199992552295686866e-33 8.511111276577944061e-35 1.012783589829457341e-33 1.008369023470194031e-33 8.445839946079918231e-35
4.920189143094656944e+09 3.438984853968414851e-34 3.536700214143235563e-34 2.100521860108431311e-35 2.847632260542587866e-34 2.840144312082050774e-34 2.141578139123731880e-35
6.561177672614025116e+09 9.552880752034920237e-35 9.891732697252300381e-35 4.979518894844737433e-36 7.553800157245819328e-35 7.563224277996908055e-35 5.109703686581010378e-36
8.749471046662279129e+09 2.448066111631145704e-35 2.564015635320867819e-35 1.044954923817624593e-36 1.849320898330718120e-35 1.865005914775968057e-35 1.092603204222018172e-36
1.166760716081661987e+10 5.860791274435045566e-36 6.219712459259764412e-36 1.897730902239415506e-37 3.984242696433592283e-36 4.035380635917208808e-36 2.042134246577833374e-37
1.555900421101123428e+10 1.286874100615670071e-36 1.388356288805793916e-36 3.009963430928797745e-38 7.472883784341674385e-37 7.646650853446180093e-37 3.436043486855647898e-38
2.074826557850289154e+10 2.515124179940682474e-37 2.792727391403075892e-37 3.950082785118270117e-39 1.133762925725855355e-37 1.179647449770029723e-37 4.801102570915568717e-39
2.766825682915017319e+10 4.444977029074740090e-38 5.081040473723475414e-38 3.784735004139740516e-40 1.336154984370027913e-38 1.433378921908679983e-38 4.658506558578400381e-40
3.689621347227101135e+10 6.205099498456446718e-39 7.465179849462061040e-39 2.106271394667301846e-41 1.149565486962355892e-39 1.224674547095196737e-39 2.557482730073916609e-41
4.920189143094656372e+10 5.832006859575618398e-40 8.058288303778561366e-40 8.136561136797459971e-43 2.691422833619447425e-41 3.748050226611994887e-41 4.731795024833668063e-43
6.561177672614024353e+10 2.094450748710405501e-41 5.008534912153150612e-41 3.355360345657652685e-45 2.285768541820448888e-43 6.710879454000426840e-43 2.050763280917257475e-44
8.749471046662280273e+10 5.098959671888415400e-45 1.314711806176727552e-42 3.476295880280392781e-47 2.654770498980551086e-45 1.046849659409193699e-44 2.592303736481356397e-46
