1.166760716081661986e+00 8.060605880063450484e-04 1.500903138221181292e-03 6.654200549632586985e-13 6.957985172727932516e-04 1.502138954838777357e-03 6.691229430256571260e-13
1.555900421101123365e+00 5.450032878804797216e-04 1.025444545285476199e-03 7.164316779192939213e-13 4.680866338149999861e-04 1.024267433813924166e-03 7.183066919233260124e-13
2.074826557850288911e+00 3.596478005288822723e-04 6.798193708775262991e-04 7.463733211536228545e-13 3.062868901883705687e-04 6.795761889971934245e-04 7.476913811260597357e-13
2.766825682915017293e+00 2.300585434236557367e-04 4.357734800105793837e-04 7.471363171950769317e-13 1.938647660807199643e-04 4.362288628612152430e-04 7.472239845388395172e-13
3.689621347227101111e+00 1.421077653713540630e-04 2.693482134470721748e-04 7.467225133673777425e-13 1.182558729286936291e-04 2.699679654862280473e-04 7.471851017727607082e-13
4.920189143094656714e+00 8.465087819307554897e-05 1.601205454000300483e-04 7.467992048373389453e-13 6.938868254535430873e-05 1.607771123656311725e-04 7.468650547260127196e-13
6.561177672614024736e+00 4.853751530366028338e-05 9.138128071127460340e-05 7.464890438684983041e-13 3.910451629310941068e-05 9.199422801582285750e-05 7.465801870455259917e-13
8.749471046662279150e+00 2.672177361937581563e-05 4.994248048162473996e-05 7.457076929306364479e-13 2.113799539713368046e-05 5.048159483221375843e-05 7.464253903611409421e-13
1.166760716081661897e+01 1.409656632239863771e-05 2.611017318064218229e-05 7.407227686199475390e-13 1.096194426070088764e-05 2.654742780444043065e-05 7.417122689089474945e-13
1.555900421101123499e+01 7.131197608304655109e-06 1.313094825137689127e-05 7.318461822574289160e-13 5.471685161266518406e-06 1.340986588980061254e-05 7.327981950122603835e-13
2.074826557850288822e+01 3.481777503321850161e-06 6.431525803579011251e-06 6.968739399986858317e-13 2.649613240241884837e-06 6.554900605046293835e-06 6.977037790901536781e-13
2.766825682915017381e+01 1.660502889492229716e-06 3.101976646439040784e-06 6.094945304588275445e-13 1.258789882075392768e-06 3.134391291490990558e-06 6.101603969006217216e-13
3.689621347227100756e+01 7.824613426289962682e-07 1.483835061585828429e-06 5.111585676494788028e-13 5.926492163185789030e-07 1.480835521021856702e-06 5.116175256358084399e-13
4.920189143094656714e+01 3.663264345992574999e-07 7.040591235547315265e-07 4.183639277002881860e-13 2.777215763843001460e-07 6.952604939008790253e-07 4.186288899166821418e-13
6.561177672614024914e+01 1.703380266090033364e-07 3.317646137469060351e-07 3.352796804688548147e-13 1.293980919962049429e-07 3.248251045478981850e-07 3.353992460343156378e-13
8.749471046662279150e+01 7.841839836914460384e-08 1.554743873703966361e-07 2.609390793114996815e-13 5.974525139753715976e-08 1.508163482085811324e-07 2.609550682747889907e-13
1.166760716081661968e+02 3.562185998050037642e-08 7.228259830444049955e-08 1.941072571673183832e-13 2.723534631085019583e-08 6.945336895453698401e-08 1.940735883840825769e-13
1.555900421101123356e+02 1.590728727305476231e-08 3.328803651022487228e-08 1.385782223463966295e-13 1.221029000975419281e-08 3.165028816875678416e-08 1.385264458769761574e-13
2.074826557850288964e+02 6.957941220237826131e-09 1.515902067986554900e-08 9.545112988001636236e-14 5.361733908411749218e-09 1.423926400031596059e-08 9.539448086097460509e-14
2.766825682915017524e+02 2.971742698926300901e-09 6.816439155310970844e-09 6.356385217416421533e-14 2.297893228844288403e-09 6.311465077425972675e-09 6.351360969120848195e-14
3.689621347227101182e+02 1.236313457865598104e-09 3.026469592785155821e-09 4.096828750751698951e-14 9.587819023870708403e-10 2.751640951484916704e-09 4.092761796315743963e-14
4.920189143094656856e+02 5.003597236849610133e-10 1.327189869013398196e-09 2.558076390235252014e-14 3.889478074651831823e-10 1.179103594420638543e-09 2.555040441845066021e-14
6.561177672614023777e+02 1.969341811588956977e-10 5.750110549286169062e-10 1.548424192650440171e-14 1.533250831785224952e-10 4.967834651338350760e-10 1.546328170822799316e-14
8.749471046662279150e+02 7.540979869195732744e-11 2.462733129800862077e-10 9.076160903098480945e-15 5.874526714888014662e-11 2.058766078230960499e-10 9.062763499601810555e-15
1.166760716081661940e+03 2.813076363766579404e-11 1.044126329688800623e-10 5.130935714937373605e-15 2.189866503029174013e-11 8.402810828970411172e-11 5.122815306471350172e-15
1.555900421101123356e+03 1.024657542062769931e-11 4.388813604922288782e-11 2.784468983815935409e-15 7.958772902341764552e-12 3.382536702461279989e-11 2.779885119154088266e-15
2.074826557850288737e+03 3.656665223199220615e-12 1.830249252070002855e-11 1.449912934007996950e-15 2.829903874712185680e-12 1.345797873138603632e-11 1.447470858964100670e-15
2.766825682915017296e+03 1.284337426136899860e-12 7.594395731084173503e-12 7.291020344136150206e-16 9.888692501099618861e-13 5.300839302163896666e-12 7.278598775291696906e-16
3.689621347227101069e+03 4.467444173877087054e-13 3.142758416016937424e-12 3.582263542586157720e-16 3.414540409028159436e-13 2.072362732249524610e-12 3.576081774939741279e-16
4.920189143094656174e+03 1.549942515426836722e-13 1.299285294059273581e-12 1.737981511567319118e-16 1.172460993203583645e-13 8.070454824803506807e-13 1.734950150213018765e-16
6.561177672614025141e+03 5.395898224025614454e-14 5.369300220146578422e-13 8.363266087950731385e-17 4.026031449006585610e-14 3.140419579363637961e-13 8.348559247349508123e-17
8.749471046662278241e+03 1.893185985656519309e-14 2.215606699802283539e-13 3.992488980915865690e-17 1.387936926124623761e-14 1.221341006628951158e-13 3.985414583377111635e-17
1.166760716081662031e+04 6.707190542441439239e-15 9.117889496635479159e-14 1.889444702281129083e-17 4.813951062635737190e-15 4.739176721218555123e-14 1.886068055839599974e-17
1.555900421101123356e+04 2.396608774699737383e-15 3.731624653688087821e-14 8.856918188247814441e-18 1.679636358614991662e-15 1.831919818195594304e-14 8.840970199128488442e-18
2.074826557850289100e+04 8.611280980024921690e-16 1.509511074423404044e-14 4.108443437748188730e-18 5.885108383869627787e-16 7.027959045700756276e-15 4.100960064996523597e-18
2.766825682915017387e+04 3.100755550181569288e-16 5.998255544392855355e-15 1.883944446472622783e-18 2.065247539079217523e-16 2.660992408335603119e-15 1.880466452629194913e-18
3.689621347227100341e+04 1.114607743189294179e-16 2.337459012773513954e-15 8.530454088801692792e-19 7.241968410717618490e-17 9.908240116749239332e-16 8.514509716011732309e-19
4.920189143094656174e+04 3.989407942273169777e-17 8.890045279650250461e-16 3.809645698968044486e-19 2.533340526790298147e-17 3.608578040805870635e-16 3.802450790191365010e-19
6.561177672614024777e+04 1.420272786549365447e-17 3.293081588445461202e-16 1.676062795630939888e-19 8.840732174268435901e-18 1.280258716858422833e-16 1.672864848098035723e-19
8.749471046662278241e+04 5.023413196302721841e-18 1.188300929276657377e-16 7.255757576417281452e-20 3.075275876754738027e-18 4.428192105507905942e-17 7.241796247809781629e-20
1.166760716081661958e+05 1.766971504482363481e-18 4.171069836532987192e-17 3.087538883854682674e-20 1.066919544551020151e-18 1.492483522911948147e-17 3.081554161668571858e-20
1.555900421101123211e+05 6.188606719884695804e-19 1.426269719824764524e-17 1.290524249520492707e-20 3.694058325459736367e-19 4.896540367167404150e-18 1.288007936618691759e-20
2.074826557850289100e+05 2.158646826013174483e-19 4.771236802189639123e-18 5.297739445424142770e-21 1.277939116856239145e-19 1.566203914198970454e-18 5.287371568414587996e-21
2.766825682915017242e+05 7.509890291473472545e-20 1.558502281457693173e-18 2.137705345254865884e-21 4.426255087040786351e-20 4.887770562295902008e-19 2.133515767554146051e-21
3.689621347227101214e+05 2.616308078965261231e-20 4.962468669777107465e-19 8.496886111934652881e-22 1.539191370036577858e-20 1.493494227093069218e-19 8.480259418338392185e-22
4.920189143094656756e+05 9.146780163830916805e-21 1.556155660392024471e-19 3.339132437351810889e-22 5.389579081359573555e-21 4.510865309856873288e-20 3.332625004426861218e-22
6.561177672614024486e+05 3.216064610383685787e-21 4.812817091451008953e-20 1.304169103981695805e-22 1.906961076633911086e-21 1.349596266684142225e-20 1.301639790729259744e-22
8.749471046662279405e+05 1.142640508144524204e-21 1.464027037618691397e-20 5.093830328188504262e-23 6.854381907724198843e-22 4.013077188852117891e-21 5.084011576900810047e-23
1.166760716081662104e+06 4.130682227609708392e-22 4.373289019636681690e-21 2.001590484854409512e-23 2.515750448574815444e-22 1.201889461013643024e-21 1.997757031975599078e-23
1.555900421101123560e+06 1.527038672839836993e-22 1.292213252193131327e-21 7.948488698879794526e-24 9.454535817759830409e-23 3.654751376143757985e-22 7.933378117056309485e-24
2.074826557850289159e+06 5.786826262923958608e-23 3.815488657368062553e-22 3.197437378152982027e-24 3.640321363754178307e-23 1.138350318955696830e-22 3.191413696595120871e-24
2.766825682915017474e+06 2.248143619182287776e-23 1.137940806819940537e-22 1.304110321555020777e-24 1.434862920245882641e-23 3.663676518684975219e-23 1.301681507371362715e-24
3.689621347227101214e+06 8.951595393956428210e-24 3.476957364343607001e-23 5.398033498118649240e-25 5.792607376633310652e-24 1.227152424644154148e-23 5.388120840235525413e-25
4.920189143094656989e+06 3.655022441791481192e-24 1.102188002431485458e-23 2.272552843700277657e-25 2.399064115567327340e-24 4.302627912369986611e-24 2.268441322618021026e-25
6.561177672614024952e+06 1.533015980213322474e-24 3.663324158743291676e-24 9.760900376266247154e-26 1.021634674191367429e-24 1.584720528197658020e-24 9.743480501427935277e-26
8.749471046662278473e+06 6.613692482639199065e-25 1.284188881997087719e-24 4.286602547666563940e-26 4.474890196052976996e-25 6.152437159419784188e-25 4.279027491829637907e-26
1.166760716081662104e+07 2.930614423378554954e-25 4.760319210686832037e-25 1.923422606016029234e-26 2.008973083568962336e-25 2.512916634410289397e-25 1.920040660725311480e-26
1.555900421101123467e+07 1.327085457328671002e-25 1.866641524914940669e-25 8.780799571634203492e-27 9.181022727409759703e-26 1.070793194714876654e-25 8.765369583060943417e-27
2.074826557850288972e+07 6.097520070382411566e-26 7.687608838480886967e-26 4.052132116807769328e-27 4.237974078890912768e-26 4.697315292316472294e-26 4.044991478199208557e-27
2.766825682915017009e+07 2.822321732251198056e-26 3.290006881714197101e-26 1.877942858547327368e-27 1.962873400115271303e-26 2.097931220152405471e-26 1.874617577086787202e-27
3.689621347227101028e+07 1.308625132008688261e-26 1.445495226535430809e-26 8.696133142593481441e-28 9.080385485216066605e-27 9.456792920826216367e-27 8.680640006179871135e-28
4.920189143094656616e+07 6.055018441057155703e-27 6.449014945750554799e-27 4.010071429286824288e-28 4.183232698531800154e-27 4.274969886839732236e-27 4.002874157203565137e-28
6.561177672614024580e+07 2.788398021836233864e-27 2.895591373178933364e-27 1.836939884498538280e-28 1.914788724560226904e-27 1.929780675524948425e-27 1.833614224687933536e-28
8.749471046662279963e+07 1.275270779870089425e-27 1.300799467908270645e-27 8.340130441852514627e-29 8.689564104901291119e-28 8.667322827251322686e-28 8.324881732936258048e-29
1.166760716081662029e+08 5.780670266075062959e-28 5.819745271531882218e-28 3.744198205800558884e-29 3.900982034336563458e-28 3.860584634647354911e-28 3.737276988900414338e-29
1.555900421101123393e+08 2.591477465920273239e-28 2.583375022895142153e-28 1.657599478361245841e-29 1.728045515936494359e-28 1.700020098247137059e-28 1.654498785339597406e-29
2.074826557850289047e+08 1.146215807133808604e-28 1.134028682053401538e-28 7.213457476735311069e-30 7.531691871076018740e-29 7.376210709209944173e-29 7.199794743135127634e-30
2.766825682915017605e+08 4.988417642266856981e-29 4.906524411702953806e-29 3.074129937040484347e-30 3.219403625307216401e-29 3.142175008482171786e-29 3.068233790177993883e-30
3.689621347227101326e+08 2.129778783238893354e-29 2.085255337233570941e-29 1.277190399289647313e-30 1.344741243181871918e-29 1.309095536149221582e-29 1.274710915159500208e-30
4.920189143094656467e+08 8.891197294371075021e-30 8.673289731975853433e-30 5.145603363472236543e-31 5.467442039200495178e-30 5.312377777566342995e-30 5.135502203216785952e-31
6.561177672614024878e+08 3.616753575656740369e-30 3.517458303646378960e-30 1.997989540716031802e-31 2.154879698019465695e-30 2.090907720959118590e-30 1.994029915600631080e-31
8.749471046662279367e+08 1.428363071250284408e-30 1.385559517224388910e-30 7.425644546344920002e-32 8.199185200329582450e-31 7.948438600573528712e-31 7.410822569456599237e-32
1.166760716081662178e+09 5.456219005962013691e-31 5.280175849762333289e-31 2.622837474768523045e-32 2.999344518000366103e-31 2.906011939532093517e-31 2.617577723428214465e-32
1.555900421101123333e+09 2.007323503262353770e-31 1.938127594201195851e-31 8.738089470983313510e-33 1.049726511849749857e-31 1.016849696315286350e-31 8.720538799283831567e-33
2.074826557850289106e+09 7.076854175559589812e-32 6.816890849956383952e-32 2.724543405443945894e-33 3.495417095531144508e-32 3.386374559370750247e-32 2.719081438519741813e-33
2.766825682915017128e+09 2.376841958725987564e-32 2.283761276577093789e-32 7.891128852844668374e-34 1.099946623041400571e-32 1.066157730595269731e-32 7.875399173383503662e-34
3.689621347227100849e+09 7.550583667747982023e-33 7.234340422484462563e-33 2.107243990019499762e-34 3.242551340299684727e-33 3.145784095461924455e-33 2.103086140761038476e-34
4.920189143094656944e+09 2.248167080871005519e-33 2.146979161911468547e-33 5.145110160470939124e-35 8.846133124129407824e-34 8.594986216528513528e-34 5.135121917792925715e-35
6.561177672614025116e+09 6.198794392970043314e-34 5.897065220816810594e-34 1.135786692214797449e-35 2.194008880176462853e-34 2.137033809929012947e-34 1.133636154734962057e-35
8.749471046662279129e+09 1.556727712676926859e-34 1.474090833288293456e-34 2.226709146346056362e-36 4.814945064234227789e-35 4.710276996222785536e-35 2.222648468951843657e-36
1.166760716081661987e+10 3.478478696093023410e-35 3.275076209103116010e-35 3.763567845183142611e-37 8.962632115086974318e-36 8.839021284463611993e-36 3.757084117077770812e-37
1.555900421101123428e+10 6.687614609021952947e-36 6.253472352089980459e-36 5.225121714560488785e-38 1.321019155039915744e-36 1.324618299867709765e-36 5.216917286042157256e-38
2.074826557850289154e+10 1.053395810340530255e-36 9.782216888506059930e-37 5.494265746298160519e-39 1.368720015078055463e-37 1.427099890475042887e-37 5.486977732419548911e-39
2.766825682915017319e+10 1.261821718341661988e-37 1.173691615628937300e-37 3.778820677283054297e-40 7.900365183149236317e-39 9.251721604292163449e-39 3.775269789594648479e-40
3.689621347227101135e+10 1.015542473962813416e-38 1.001534606162327326e-38 1.227820055744159323e-41 1.419091509150236726e-40 2.871370137691921172e-40 1.227311334615989288e-41
4.920189143094656372e+10 4.361888501557588119e-40 6.260587360500279764e-40 0.000000000000000000e+00 8.076361740018457144e-43 9.020147644860880117e-42 0.000000000000000000e+00
6.561177672614024353e+10 6.766933191688486327e-42 3.980268377833949187e-41 0.000000000000000000e+00 2.932981827283627513e-44 4.382013713953666642e-43 0.000000000000000000e+00
8.749471046662280273e+10 5.543414022854552521e-46 1.269438349658488944e-42 0.000000000000000000e+00 2.004776650565284935e-46 7.621622143601347197e-45 0.000000000000000000e+00
