1.166760716081661986e+00 8.057782401686219105e-04 1.500157636661436037e-03 6.583933095644065652e-13 6.955169843419356252e-04 1.501407867154358044e-03 6.620554628105150536e-13
1.555900421101123365e+00 5.448556595517652134e-04 1.024980301583411227e-03 7.088660227341406756e-13 4.679324963637627598e-04 1.023812125951193515e-03 7.107220671098822026e-13
2.074826557850288911e+00 3.595855688618141473e-04 6.795463470592221292e-04 7.384911350350681822e-13 3.062135385880410316e-04 6.793109943710530811e-04 7.397957066758338146e-13
2.766825682915017293e+00 2.300436497150298301e-04 4.356239012331726708e-04 7.392450187797605869e-13 1.938375801978084521e-04 4.360863548560722325e-04 7.393335805018003821e-13
3.689621347227101111e+00 1.421148060046908480e-04 2.692727537274619879e-04 7.388362623203526414e-13 1.182515635152121033e-04 2.698982010894283899e-04 7.392948323771379266e-13
4.920189143094656714e+00 8.466547541856358334e-05 1.600863079395265648e-04 7.389122277828954891e-13 6.939358332666627173e-05 1.607472666202986854e-04 7.389783440675637457e-13
6.561177672614024736e+00 4.855239272516664878e-05 9.136783662299551240e-05 7.386061722248145312e-13 3.911148704137357938e-05 9.198426324103582729e-05 7.386958420433845242e-13
8.749471046662279150e+00 2.673380431115336445e-05 4.993809748095361578e-05 7.378330871044501096e-13 2.114388823095331778e-05 5.048008729378931453e-05 7.385425011605835038e-13
1.166760716081661897e+01 1.410499662981062154e-05 2.610889413435002379e-05 7.329057614164685543e-13 1.096590408145995011e-05 2.654852854344722313e-05 7.338841375126066935e-13
1.555900421101123499e+01 7.136541004565020389e-06 1.313039630043454084e-05 7.241298833811050317e-13 5.474006564874588738e-06 1.341112648070651753e-05 7.250715986675017730e-13
2.074826557850288822e+01 3.485080998167913896e-06 6.431192232934529891e-06 6.895589658690044985e-13 2.650981276363080205e-06 6.555790320504064666e-06 6.903800398278609837e-13
2.766825682915017381e+01 1.662781528670681218e-06 3.101980809991688238e-06 6.031768406163023397e-13 1.259820378105636241e-06 3.135174502370202639e-06 6.038358896169852358e-13
3.689621347227100756e+01 7.843683998556806154e-07 1.484265794159849230e-06 5.059325057367524829e-13 5.936920967115453132e-07 1.481796873960138454e-06 5.063870194363770661e-13
4.920189143094656714e+01 3.681298260300823279e-07 7.048474858218797720e-07 4.141391487823577806e-13 2.788698295285172422e-07 6.964692272118719417e-07 4.144016989934102065e-13
6.561177672614024914e+01 1.720582068309580593e-07 3.327741777811780342e-07 3.319311394489438799e-13 1.305925160305175926e-07 3.262027354767529884e-07 3.320498016763780118e-13
8.749471046662279150e+01 7.996776158677941239e-08 1.565444875687155978e-07 2.583639257022805463e-13 6.087183949323013303e-08 1.522132951544301198e-07 2.583800346456586313e-13
1.166760716081661968e+02 3.690030411016703461e-08 7.326938506093901724e-08 1.922227024527810358e-13 2.818870995680982843e-08 7.071626415694383720e-08 1.921895879201001896e-13
1.555900421101123356e+02 1.686013980474634746e-08 3.409251735972572209e-08 1.372595606363120095e-13 1.293157530502950284e-08 3.266808821483826040e-08 1.372084532073917567e-13
2.074826557850288964e+02 7.597031123374097638e-09 1.574330516616376884e-08 9.456350836121621769e-14 5.850237902779404620e-09 1.497180505026072226e-08 9.450751878232370777e-14
2.766825682915017524e+02 3.358843723699312566e-09 7.197762979003775318e-09 6.298789940031035478e-14 2.595860059092671404e-09 6.785104923913518105e-09 6.293820998167471226e-14
3.689621347227101182e+02 1.449841097693445501e-09 3.252792821026156885e-09 4.060782814691295826e-14 1.124078402885365640e-09 3.029603027723868218e-09 4.056758673033030076e-14
4.920189143094656856e+02 6.087811829520987540e-10 1.451106353301737573e-09 2.536311623293443727e-14 4.732953865229062265e-10 1.329129227791551451e-09 2.533306377649817861e-14
6.561177672614023777e+02 2.481746695368862890e-10 6.385366301740732638e-10 1.535749340033346765e-14 1.933615477282035017e-10 5.723232524243421396e-10 1.533673640685217033e-14
8.749471046662279150e+02 9.817613838989983798e-11 2.771927699492260878e-10 9.005194690884697885e-15 7.659953793900380890e-11 2.418361899238420494e-10 8.991921245689081199e-15
1.166760716081661940e+03 3.771940524812679539e-11 1.188648156715046893e-10 5.093058684002978632e-15 2.943974144025590443e-11 1.003966643635587623e-10 5.085009010542681427e-15
1.555900421101123356e+03 1.409906660297717901e-11 5.042277530171008753e-11 2.765423941993376526e-15 1.099382291719323879e-11 4.100747548886761823e-11 2.760876997746688398e-15
2.074826557850288737e+03 5.139846590334951730e-12 2.117300327358089636e-11 1.440968743424667307e-15 3.999528354515424554e-12 1.651090461509023177e-11 1.438544408581200033e-15
2.766825682915017296e+03 1.833487471014938100e-12 8.822973316695557215e-12 7.251778483646232792e-16 1.422222720374814688e-12 6.560326011703049342e-12 7.239435664649364289e-16
3.689621347227101069e+03 6.431438367370923085e-13 3.656159250165227323e-12 3.565999460027444926e-16 4.964532206645064078e-13 2.577439723596162837e-12 3.559850723611451886e-16
4.920189143094656174e+03 2.232458462661874795e-13 1.509734679973009785e-12 1.731514489576853815e-16 1.710468438997627905e-13 1.004635244027068477e-12 1.728496429835213007e-16
6.561177672614025141e+03 7.717609418236078791e-14 6.223003475063849645e-13 8.338407573077169474e-17 5.851527296843212023e-14 3.898711150310556653e-13 8.323752468231185869e-17
8.749471046662278241e+03 2.673332400846306503e-14 2.562388022249386286e-13 3.983277843681582074e-17 1.998588673812103196e-14 1.509097681025964993e-13 3.976222847523746371e-17
1.166760716081662031e+04 9.322078360535260769e-15 1.054665923429466880e-13 1.886184922378867305e-17 6.844423317321306331e-15 5.829549723381246343e-14 1.882815250164111319e-17
1.555900421101123356e+04 3.278232800190099220e-15 4.333990221443029180e-14 8.846086758675363164e-18 2.355126414505713884e-15 2.248402766558204274e-14 8.830162449845010991e-18
2.074826557850289100e+04 1.161680218282825858e-15 1.769028594789973880e-14 4.105180714770385714e-18 8.141432833384842525e-16 8.640036875020744324e-15 4.097704778293004577e-18
2.766825682915017387e+04 4.137271475605891921e-16 7.128936413430493473e-15 1.883131492387149111e-18 2.821929281432263566e-16 3.291929337727831263e-15 1.879655522503202049e-18
3.689621347227100341e+04 1.474675482798180999e-16 2.828491815583637168e-15 8.529372669702953229e-19 9.781803551683324267e-17 1.238795511079645442e-15 8.513432136979326246e-19
4.920189143094656174e+04 5.240703435612498836e-17 1.098032902485503385e-15 3.810135435477272128e-19 3.382623902070600617e-17 4.573779147637235665e-16 3.802940219102644478e-19
6.561177672614024777e+04 1.852130019457594135e-17 4.154869489473665199e-16 1.676636241188435940e-19 1.165698951589459524e-17 1.647817502521675164e-16 1.673437401811622920e-19
8.749471046662278241e+04 6.493144811825407144e-18 1.529971033715368810e-16 7.259545482730529100e-20 3.996532498686578756e-18 5.786782908746336826e-17 7.245577512869038845e-20
1.166760716081661958e+05 2.258284685656639888e-18 5.468504691867523381e-17 3.089623696787283899e-20 1.363310551979750818e-18 1.977266044937878760e-17 3.083635131015464536e-20
1.555900421101123211e+05 7.798290166952608387e-19 1.898613105946265535e-17 1.291566296252566899e-20 4.629884818733335929e-19 6.561438883706577395e-18 1.289048005665467766e-20
2.074826557850289100e+05 2.674446482158610167e-19 6.428078670358993162e-18 5.302627990976597000e-21 1.567808246997809718e-19 2.116852976903644623e-18 5.292250660751511973e-21
2.766825682915017242e+05 9.126657789616588262e-20 2.118384150751576236e-18 2.139888310433029737e-21 5.308493803731156409e-20 6.643620835475915893e-19 2.135694469495495023e-21
3.689621347227101214e+05 3.114422891408091384e-20 6.786000657950861206e-19 8.506272385421843516e-22 1.803988972705376417e-20 2.035318646763709914e-19 8.489627217581747021e-22
4.920189143094656756e+05 1.065716874298860753e-20 2.135488878733926637e-19 3.343035947579173030e-22 6.175508084047195140e-21 6.145648289835607854e-20 3.336520838419660529e-22
6.561177672614024486e+05 3.665822860151568242e-21 6.613526319858515330e-20 1.305753452456961880e-22 2.137834375841034980e-21 1.832840920844584882e-20 1.303221035149675027e-22
8.749471046662279405e+05 1.274184560558226366e-21 2.010243392822906692e-20 5.100174232665914221e-23 7.528694596796553031e-22 5.415191020050900759e-21 5.090343170666313581e-23
1.166760716081662104e+06 4.511105740579037383e-22 5.986269729443994196e-21 2.004124777347360124e-23 2.713019047834720906e-22 1.605782573073035352e-21 2.000286486443735485e-23
1.555900421101123560e+06 1.636683883086165621e-22 1.758522027861081610e-21 7.958732127936655886e-24 1.003672787175827282e-22 4.815732645052834790e-22 7.943602496036919007e-24
2.074826557850289159e+06 6.104551518377212954e-23 5.145157723948219496e-22 3.201697429447058649e-24 3.814927198550161155e-23 1.473166011074001400e-22 3.195666127463079506e-24
2.766825682915017474e+06 2.341463212094264876e-23 1.514490530338765007e-22 1.305965759562803498e-24 1.488248559273152458e-23 4.637689212480080800e-23 1.303533799504371645e-24
3.689621347227101214e+06 9.231833706769084388e-24 4.546492495491263826e-23 5.406620291680950207e-25 5.960003391831442667e-24 1.514142114756175721e-23 5.396694016112385669e-25
4.920189143094656989e+06 3.741472629185226265e-24 1.409194469153608480e-23 2.276803653221254689e-25 2.453002549910585437e-24 5.161086026811644611e-24 2.272685861686695751e-25
6.561177672614024952e+06 1.560544022180843735e-24 4.558636335582091132e-24 9.783342329825093415e-26 1.039615061690866652e-24 1.845191178278511195e-24 9.765891498765647444e-26
8.749471046662278473e+06 6.705367013487178963e-25 1.549417267932431164e-24 4.299106344047130810e-26 4.537967739053666428e-25 6.958256080453737131e-25 4.291514899273565938e-26
1.166760716081662104e+07 2.963287922679258778e-25 5.556832143332016966e-25 1.930672819862706703e-26 2.032784284197820939e-25 2.769123959291433771e-25 1.927281652655259496e-26
1.555900421101123467e+07 1.339856287671959643e-25 2.110350003526293452e-25 8.823941026981387095e-27 9.279475176236319838e-26 1.155313802758811185e-25 8.808456691806340464e-27
2.074826557850288972e+07 6.153197822974069373e-26 8.451653080865132177e-26 4.078162316129779077e-27 4.282934030453015684e-26 4.987103139307373224e-26 4.070988654685272514e-27
2.766825682915017009e+07 2.849243540381902347e-26 3.538591860432485789e-26 1.893723989584110678e-27 1.985303293199153413e-26 2.202093601386752716e-26 1.890378301383627939e-27
3.689621347227101028e+07 1.322708660511468070e-26 1.530733563921765075e-26 8.791656858467284633e-28 9.199774152219440597e-27 9.852799379816287906e-27 8.776036695462536616e-28
4.920189143094656616e+07 6.132445751191972628e-27 6.761059610808382876e-27 4.067548266220633797e-28 4.249384854373704954e-27 4.435079825718086033e-27 4.060271856695762324e-28
6.561177672614024580e+07 2.832086655251891878e-27 3.017954337314481503e-27 1.871200474932418342e-28 1.952176407999102148e-27 1.999046442155748974e-27 1.867825720476146012e-28
8.749471046662279963e+07 1.300137916134946224e-27 1.352336041333821404e-27 8.541825239493347080e-29 8.901854186054856074e-28 8.986672152849654912e-28 8.526274670591632772e-29
1.166760716081662029e+08 5.921750132123553549e-28 6.051229495418578953e-28 3.861117572386905004e-29 4.020759410565636651e-28 4.015509132621243356e-28 3.854013279547029909e-29
1.555900421101123393e+08 2.670572617189271218e-28 2.692739184453639632e-28 1.724122803436767212e-29 1.794640330582669631e-28 1.777728030207298518e-28 1.720913117693805022e-29
2.074826557850289047e+08 1.189744531531652946e-28 1.187454841425236035e-28 7.583642819128806423e-30 7.894072024704016023e-29 7.771474510953190022e-29 7.569346340824686482e-30
2.766825682915017605e+08 5.222241071854090561e-29 5.171454660699443389e-29 3.274802561230912660e-30 3.411230251105613627e-29 3.342540443198918374e-29 3.268548425755609449e-30
3.689621347227101326e+08 2.251756232704433505e-29 2.216415089930686724e-29 1.382667668297687531e-30 1.442957994096059639e-29 1.408887153977372130e-29 1.379992830423583145e-30
4.920189143094656467e+08 9.506237765471399002e-30 9.312368633243195567e-30 5.680259224940757426e-31 5.951131048573670584e-30 5.795226245157442349e-30 5.669134580963760757e-31
6.561177672614024878e+08 3.915195125646316557e-30 3.820710907063281054e-30 2.257669446889104916e-31 2.382752647471321834e-30 2.315803928102183496e-30 2.253198708044372674e-31
8.749471046662279367e+08 1.567173077414978528e-30 1.524537631838281575e-30 8.625021198182394178e-32 9.220934758341765456e-31 8.949342406279866522e-31 8.607786132631993521e-32
1.166760716081662178e+09 6.072758014908433969e-31 5.891266140380507588e-31 3.145050541239962770e-32 3.433237725509326417e-31 3.328999224797823830e-31 3.138723187122262620e-32
1.555900421101123333e+09 2.267779667896080427e-31 2.194464087936518726e-31 1.086035377946468304e-32 1.223326614611727632e-31 1.185575245055146587e-31 1.083842190741409930e-32
2.074826557850289106e+09 8.118526392275733541e-32 7.836704012688427371e-32 3.521086522394449562e-33 4.146110705846016283e-32 4.017728103536391212e-32 3.513974765501772405e-33
2.766825682915017128e+09 2.769020816413582800e-32 2.666074628196217152e-32 1.062348498630506345e-33 1.326910569486663545e-32 1.286236244149916524e-32 1.060211547240606105e-33
3.689621347227100849e+09 8.930564476006473439e-33 8.574352659391522586e-33 2.955390943930367635e-34 3.973035081679391302e-33 3.854275028694276547e-33 2.949500761733753597e-34
4.920189143094656944e+09 2.697824289393428213e-33 2.581887868143778391e-33 7.503973609403127534e-35 1.099066175810566194e-33 1.067734352459597236e-33 7.489255231304893050e-35
6.561177672614025116e+09 7.539213069614942651e-34 7.187979801627881452e-34 1.716751507048821172e-35 2.758761949817892674e-34 2.686719287904775024e-34 1.713467896909021595e-35
8.749471046662279129e+09 1.916341146186283914e-34 1.818753093098717681e-34 3.472442219355175245e-36 6.115370842887583526e-35 5.981593767220471033e-35 3.466047575209876935e-36
1.166760716081661987e+10 4.327245837283168832e-35 4.084075793081309594e-35 6.026005149653497693e-37 1.147676405673300753e-35 1.131749963782926066e-35 6.015526505864731183e-37
1.555900421101123428e+10 8.393792385325577092e-36 7.870038925306073248e-36 8.549835664064821590e-38 1.702686236212095113e-36 1.707410787479953221e-36 8.536293185793917572e-38
2.074826557850289154e+10 1.331999795049114535e-36 1.241000536238186062e-36 9.148685338535896357e-39 1.773296844923989077e-37 1.849719048167194748e-37 9.136453055923533124e-39
2.766825682915017319e+10 1.605575279248941745e-37 1.500465320540446465e-37 6.380033276339820715e-40 1.027647910370990002e-38 1.205641989559459882e-38 6.373998985604160581e-40
3.689621347227101135e+10 1.299334400507493561e-38 1.292461123159896383e-38 2.096167625780136810e-41 1.851176060606272482e-40 3.783134135044496640e-40 2.095298401659317700e-41
4.920189143094656372e+10 5.608346384898138334e-40 8.198943469277531274e-40 0.000000000000000000e+00 1.077434250882770168e-42 1.219534223679586989e-41 0.000000000000000000e+00
6.561177672614024353e+10 8.745683413718207716e-42 5.277964724132505934e-41 0.000000000000000000e+00 3.908379952997932258e-44 5.969937804811196021e-43 0.000000000000000000e+00
8.749471046662280273e+10 7.368078845097225310e-46 1.686862625384933111e-42 0.000000000000000000e+00 2.668174695180600224e-46 1.053395287353311093e-44 0.000000000000000000e+00
