1.166760716081661986e+00 8.060575592407662150e-04 1.500894518571338878e-03 6.653517787765316608e-13 6.957954674226974733e-04 1.502130533590045587e-03 6.690542698560857830e-13
1.555900421101123365e+00 5.450018250770615044e-04 1.025439285296090089e-03 7.163581649608516580e-13 4.680850679774119227e-04 1.024262302167224144e-03 7.182329958713911871e-13
2.074826557850288911e+00 3.596472849216962022e-04 6.798163428865122314e-04 7.462967327228893824e-13 3.062862219977786817e-04 6.795732721353098856e-04 7.476146619633934849e-13
2.766825682915017293e+00 2.300585215757571108e-04 4.357718633288050372e-04 7.470596389041998179e-13 1.938645836042245975e-04 4.362273434916049742e-04 7.471473172121281298e-13
3.689621347227101111e+00 1.421079495300751590e-04 2.693474269706882108e-04 7.466458850700774871e-13 1.182559127363219735e-04 2.699672550514118198e-04 7.471084351751171443e-13
4.920189143094656714e+00 8.465111549851634970e-05 1.601202112266568575e-04 7.467225697567531643e-13 6.938879836991891550e-05 1.607768352858933295e-04 7.467884229166005185e-13
6.561177672614024736e+00 4.853773390566506736e-05 9.138116889544808095e-05 7.464124497506215524e-13 3.910463631769029488e-05 9.199416067725882493e-05 7.465035774041424343e-13
8.749471046662279150e+00 2.672194587518769444e-05 4.994246100197368668e-05 7.456311790028382539e-13 2.113809079645173386e-05 5.048161204259427227e-05 7.463487948657117073e-13
1.166760716081661897e+01 1.409668868894630659e-05 2.611018122264468120e-05 7.406468218211980834e-13 1.096200991358348637e-05 2.654746658578306307e-05 7.416362135258798496e-13
1.555900421101123499e+01 7.131279051404851409e-06 1.313095913012389119e-05 7.317712228081939454e-13 5.471727367417459678e-06 1.340990079460784720e-05 7.327231354541080242e-13
2.074826557850288822e+01 3.481832041052785329e-06 6.431535606743941362e-06 6.968029268512124311e-13 2.649641707899645339e-06 6.554927379832993397e-06 6.976326809613514881e-13
2.766825682915017381e+01 1.660543485454570509e-06 3.101988118421556864e-06 6.094333092469029751e-13 1.258812801594145414e-06 3.134414360020432983e-06 6.100991098387102482e-13
3.689621347227100756e+01 7.824960980475023017e-07 1.483850031219235628e-06 5.111079976466255036e-13 5.926710926951370863e-07 1.480859027551102510e-06 5.115669129443384081e-13
4.920189143094656714e+01 3.663583249505822103e-07 7.040770412509881462e-07 4.183230863527605638e-13 2.777433940652493575e-07 6.952854789230038439e-07 4.185880255400596359e-13
6.561177672614024914e+01 1.703667548751014359e-07 3.317837014307992122e-07 3.352473344795679547e-13 1.294187498546804554e-07 3.248503572373569739e-07 3.353668916037472589e-13
8.749471046662279150e+01 7.844248462273718419e-08 1.554923938632327665e-07 2.609142273699295674e-13 5.976306532251376499e-08 1.508396009577891467e-07 2.609302177374201665e-13
1.166760716081661968e+02 3.564018010072106957e-08 7.229765648475376558e-08 1.940890971734871119e-13 2.724912068023093106e-08 6.947256268705125581e-08 1.940554339099811860e-13
1.555900421101123356e+02 1.591980978190293118e-08 3.329922688873491224e-08 1.385655372164275853e-13 1.221980674218074274e-08 3.166441319011047762e-08 1.385137673101319352e-13
2.074826557850288964e+02 6.965648293980759408e-09 1.516646210210481568e-08 9.544260623130317384e-14 5.367636740997811264e-09 1.424856538618894863e-08 9.538596363556225872e-14
2.766825682915017524e+02 2.976051390670937842e-09 6.820921549886114739e-09 6.355833150280253568e-14 2.301213768743329222e-09 6.317003845994060236e-09 6.350809438545754613e-14
3.689621347227101182e+02 1.238527898867965917e-09 3.028954321717781350e-09 4.096483914356024860e-14 9.604978265687098486e-10 2.754667264950613676e-09 4.092417373919630876e-14
4.920189143094656856e+02 5.014189156329831481e-10 1.328478514864808960e-09 2.557868618494791527e-14 3.897726545087297081e-10 1.180644727024984281e-09 2.554832966097433158e-14
6.561177672614023777e+02 1.974108097002943782e-10 5.756457576766046578e-10 1.548303480700886840e-14 1.536979104010846717e-10 4.975257109580513954e-10 1.546207654172335147e-14
8.749471046662279150e+02 7.561332372872559209e-11 2.465738026670432205e-10 9.075486900326942658e-15 5.890506677235938715e-11 2.062187424603074484e-10 9.062090683772954840e-15
1.166760716081661940e+03 2.821376017275670439e-11 1.045505096972018778e-10 5.130577245681699220e-15 2.196401289636015720e-11 8.418034800719009392e-11 5.122457511504711620e-15
1.555900421101123356e+03 1.027904226862672958e-11 4.394967820415625538e-11 2.784289613595941380e-15 7.984377085533709175e-12 3.389107781645381202e-11 2.779706098923573925e-15
2.074826557850288737e+03 3.668887100008994047e-12 1.832925479960009293e-11 1.449829257805877531e-15 2.839550537701532640e-12 1.348555386547353844e-11 1.447387349740029036e-15
2.766825682915017296e+03 1.288778869633074314e-12 7.605755484979389546e-12 7.290656458772854357e-16 9.923769185779996427e-13 5.312092540122502307e-12 7.278235624493519854e-16
3.689621347227101069e+03 4.483101074621227178e-13 3.147478991713901646e-12 3.582114371569590474e-16 3.426905915630766990e-13 2.076835872524243889e-12 3.575932908755915843e-16
4.920189143094656174e+03 1.555334746553245888e-13 1.301218760366126127e-12 1.737922957331006082e-16 1.176714016719285065e-13 8.087858825015444367e-13 1.734891717307791044e-16
6.561177672614025141e+03 5.414199647033795949e-14 5.377191653386182760e-13 8.363044485017603273e-17 4.040421431403572116e-14 3.147096621257195904e-13 8.348338110056055452e-17
8.749471046662278241e+03 1.899367894113675805e-14 2.218856488203094979e-13 3.992408533730024727e-17 1.392768438060160184e-14 1.223890283288997341e-13 3.985334307848517914e-17
1.166760716081662031e+04 6.728165691717822538e-15 9.131537737783868999e-14 1.889417072724955116e-17 4.830167552253976569e-15 4.748955601052119492e-14 1.886040486512516700e-17
1.555900421101123356e+04 2.403802868530087084e-15 3.737492639002966821e-14 8.856830797944485744e-18 1.685102239414064786e-15 1.835716066227341841e-14 8.840883005665703313e-18
2.074826557850289100e+04 8.636271126305350039e-16 1.512074853247314726e-14 4.108419546826381343e-18 5.903628500914714512e-16 7.042891677414028004e-15 4.100936231714958313e-18
2.766825682915017387e+04 3.109522186889129771e-16 6.009475658678938792e-15 1.883939941550287776e-18 2.071540723433558457e-16 2.666904858099032888e-15 1.880461960963646233e-18
3.689621347227100341e+04 1.117692980125649548e-16 2.342305743975285037e-15 8.530458242443144272e-19 7.263316965442486688e-17 9.931578300599178771e-16 8.514513878978044505e-19
4.920189143094656174e+04 4.000218073727670379e-17 8.910410771924728141e-16 3.809656747127034222e-19 2.540533521783693609e-17 3.617634766239072507e-16 3.802461823211133195e-19
6.561177672614024777e+04 1.424018860692494283e-17 3.301332865569834977e-16 1.676071036232696107e-19 8.864703616611311939e-18 1.283677580525964358e-16 1.672873074800888052e-19
8.749471046662278241e+04 5.036176381507006225e-18 1.191511888436242126e-16 7.255805529773597545e-20 3.083141802714285906e-18 4.440682025634901895e-17 7.241844114450303919e-20
1.166760716081661958e+05 1.771236102267067257e-18 4.183048701998468899e-17 3.087563698504243920e-20 1.069455374114031775e-18 1.496885339373143900e-17 3.081578929783353972e-20
1.555900421101123211e+05 6.202565540914203943e-19 1.430563525576358774e-17 1.290536187527186156e-20 3.702078549280622354e-19 4.911482474848856085e-18 1.288019851715738934e-20
2.074826557850289100e+05 2.163116009402745862e-19 4.786107795126815786e-18 5.297793928413669511e-21 1.280427940396212755e-19 1.571096747555736739e-18 5.287425945223838329e-21
2.766825682915017242e+05 7.523893116189868441e-20 1.563477949266790323e-18 2.137729142873082480e-21 4.433847461023367590e-20 4.903247030258844268e-19 2.133539518455074343e-21
3.689621347227101214e+05 2.620623079574826851e-20 4.978553930680077616e-19 8.496986561328907217e-22 1.541476723634507000e-20 1.498240963508101502e-19 8.480359669368277628e-22
4.920189143094656756e+05 9.159874716329259181e-21 1.561238551716370343e-19 3.339173552812685213e-22 5.396386094315302845e-21 4.525124316461925629e-20 3.332666038954757646e-22
6.561177672614024486e+05 3.219969788846939010e-21 4.828556277150344501e-20 1.304185580181482739e-22 1.908969501451603145e-21 1.353798391453459385e-20 1.301656234695641170e-22
8.749471046662279405e+05 1.143785295734755433e-21 1.468789182427374663e-20 5.093895762173874340e-23 6.860279147616212187e-22 4.025244905623571659e-21 5.084076884468949078e-23
1.166760716081662104e+06 4.134003116143652775e-22 4.387329408087904820e-21 2.001616573538861865e-23 2.517486177666249528e-22 1.205390445227559819e-21 1.997783071267023658e-23
1.555900421101123560e+06 1.527999453395076638e-22 1.296268743316432399e-21 7.948594781416050032e-24 9.459691727095574609e-23 3.664809425256508881e-22 7.933484004898549255e-24
2.074826557850289159e+06 5.789622689611881258e-23 3.827048857849108952e-22 3.197482158394530042e-24 3.641877655546380525e-23 1.141250604161397720e-22 3.191458398238595712e-24
2.766825682915017474e+06 2.248969104396781021e-23 1.141214746495887021e-22 1.304130276841671408e-24 1.435341735619124288e-23 3.672115273864099094e-23 1.301701429637953669e-24
3.689621347227101214e+06 8.954089385242217282e-24 3.486260098065732804e-23 5.398128424449811273e-25 5.794118694154103574e-24 1.229639896979659159e-23 5.388215620095516090e-25
4.920189143094656989e+06 3.655798276508846487e-24 1.104860219399773796e-23 2.272601139716900797e-25 2.399555411598052810e-24 4.310073974353748459e-24 2.268489549264334624e-25
6.561177672614024952e+06 1.533266361642167516e-24 3.671125608004214721e-24 9.761161351027754490e-26 1.021800829214776485e-24 1.586982828575371203e-24 9.743741124055509128e-26
8.749471046662278473e+06 6.614545198466546187e-25 1.286503810709245384e-24 4.286750496812701558e-26 4.475487256673737922e-25 6.159454142313881551e-25 4.279175250003140356e-26
1.166760716081662104e+07 2.930929103297556433e-25 4.767289616207411519e-25 1.923509393196975758e-26 2.009206701901172353e-25 2.515158880098455706e-25 1.920127338432200780e-26
1.555900421101123467e+07 1.327214278458194691e-25 1.868783870933544442e-25 8.781319585983270002e-27 9.182033198053306519e-26 1.071539678682048172e-25 8.765888943802668368e-27
2.074826557850288972e+07 6.098110345390044590e-26 7.694378200978483915e-26 4.052446987453868395e-27 4.238457197434223271e-26 4.699914467002994893e-26 4.045305948339839287e-27
2.766825682915017009e+07 2.822619713518468257e-26 3.292238925514508048e-26 1.878133963322896608e-27 1.963123837129916858e-26 2.098887880908712364e-26 1.874808433143666613e-27
3.689621347227101028e+07 1.308785936046485503e-26 1.446276864260088428e-26 8.697289122409143322e-28 9.081755104366545419e-27 9.460550606358766259e-27 8.681794434184718986e-28
4.920189143094656616e+07 6.055919691951457669e-27 6.451962352390539316e-27 4.010765536301971921e-28 4.184004122818540021e-27 4.276550731180149831e-27 4.003567297238407941e-28
6.561177672614024580e+07 2.788911642576114911e-27 2.896790232367510505e-27 1.837352255777774990e-28 1.915228193206409622e-27 1.930493547401215209e-27 1.834025997103785140e-28
8.749471046662279963e+07 1.275564105599300977e-27 1.301324417401146217e-27 8.342547197025187113e-29 8.692063998519963256e-28 8.670733053561767725e-28 8.327294819253142460e-29
1.166760716081662029e+08 5.782332281332286835e-28 5.822188110731349393e-28 3.745591152088040312e-29 3.902388875352002583e-28 3.862285534438118372e-28 3.738667722383548951e-29
1.555900421101123393e+08 2.592404986995893298e-28 2.584561339605153402e-28 1.658386438401124356e-29 1.728823118705648800e-28 1.700887873697037724e-28 1.655284437897138036e-29
2.074826557850289047e+08 1.146722635030345430e-28 1.134618620548689886e-28 7.217799415931639974e-30 7.535887401694895315e-29 7.380656963338896251e-29 7.204129152058290272e-30
2.766825682915017605e+08 4.991115443972933561e-29 4.909475121038990846e-29 3.076459687345676496e-30 3.221600812456222682e-29 3.144427976470417442e-29 3.070559335840424184e-30
3.689621347227101326e+08 2.131171052917640827e-29 2.086717822437270779e-29 1.278400169896155115e-30 1.345852020891293526e-29 1.310210774551663004e-29 1.275918422785315691e-30
4.920189143094656467e+08 8.898133042489982219e-30 8.680385288167964495e-30 5.151648037825548758e-31 5.472834032732508169e-30 5.317718808844985585e-30 5.141535213309067949e-31
6.561177672614024878e+08 3.620075312480709244e-30 3.520798261478832140e-30 2.000875895670604115e-31 2.157380095603326227e-30 2.093362868268736215e-30 1.996910556015554507e-31
8.749471046662279367e+08 1.429886996289524843e-30 1.387074221149308398e-30 7.438710430667607532e-32 8.210209484160077723e-31 7.959201534725281259e-31 7.423862070241658974e-32
1.166760716081662178e+09 5.462893065172453025e-31 5.286756723809896063e-31 2.628393945536274191e-32 3.003945131034600319e-31 2.910487016664218702e-31 2.623122819209219814e-32
1.555900421101123333e+09 2.010103092445813785e-31 1.940852671194264141e-31 8.760066889279287412e-33 1.051534995515012921e-31 1.018604938495389570e-31 8.742470888266964610e-33
2.074826557850289106e+09 7.087812825833007023e-32 6.827586672173594046e-32 2.732546317200936498e-33 3.502078038031761272e-32 3.392832126631546940e-32 2.727067825868448752e-33
2.766825682915017128e+09 2.380908956519853613e-32 2.287715517084720350e-32 7.917706032501331005e-34 1.102230853410025290e-32 1.068371679132644511e-32 7.901921771691042263e-34
3.689621347227100849e+09 7.564691308808634315e-33 7.248005956723036963e-33 2.115225384666990967e-34 3.249786147191163413e-33 3.152799831719730284e-33 2.111051340469933357e-34
4.920189143094656944e+09 2.252699947293604717e-33 2.151352810781613293e-33 5.166605482359654624e-35 8.867062921629389529e-34 8.615309127872514021e-34 5.156574460836651692e-35
6.561177672614025116e+09 6.212126318363529669e-34 5.909873298875948799e-34 1.140925208761573300e-35 2.199449215137432026e-34 2.142329496937905272e-34 1.138764729621920601e-35
8.749471046662279129e+09 1.560259928586683734e-34 1.477467540688828949e-34 2.237439188749609448e-36 4.827332166693576255e-35 4.722388495689114320e-35 2.233358570617087881e-36
1.166760716081661987e+10 3.486721596598224973e-35 3.282911439121349509e-35 3.782617065906877267e-37 8.986355142075755453e-36 8.862410912833078823e-36 3.776099968813473682e-37
1.555900421101123428e+10 6.704019845553542415e-36 6.268968573072302714e-36 5.252589182608181130e-38 1.324592625120449165e-36 1.328202461262914245e-36 5.244340989063042864e-38
2.074826557850289154e+10 1.056051553605336085e-36 9.807173560639547337e-37 5.523994069836477359e-39 1.372484237951179727e-37 1.431031017954779683e-37 5.516666119576076072e-39
2.766825682915017319e+10 1.265073841114223260e-37 1.176767159930328141e-37 3.799720342091996066e-40 7.922364308486354886e-39 9.277652654956262995e-39 3.796149618930837208e-40
3.689621347227101135e+10 1.018209282137819420e-38 1.004243916895665864e-38 1.234727060312935265e-41 1.423079296772967643e-40 2.879718831148822494e-40 1.234215473758381426e-41
4.920189143094656372e+10 4.373532094138684109e-40 6.278371496103595070e-40 0.000000000000000000e+00 8.100746523393657749e-43 9.048713476248427342e-42 0.000000000000000000e+00
6.561177672614024353e+10 6.785304698488441051e-42 3.992036482466662122e-41 0.000000000000000000e+00 2.941801196066187912e-44 4.396283569878463458e-43 0.000000000000000000e+00
8.749471046662280273e+10 5.559922265768783243e-46 1.273215151402778434e-42 0.000000000000000000e+00 2.010776853694208666e-46 7.647753753575050805e-45 0.000000000000000000e+00
