1.166760716081661986e+00 8.056553644491750051e-04 1.499830336607819482e-03 6.541589737917256324e-13 6.953938618010106418e-04 1.501087623167670368e-03 6.577967205212547181e-13
1.555900421101123365e+00 5.447908927402342425e-04 1.024775417306873207e-03 7.043069834662356005e-13 4.678644147242700269e-04 1.023611775492191088e-03 7.061514539630477643e-13
2.074826557850288911e+00 3.595577180336793216e-04 6.794249270362343225e-04 7.337413388238823012e-13 3.061804916851652652e-04 6.791934756095880906e-04 7.350377423298122495e-13
2.766825682915017293e+00 2.300363134131504987e-04 4.355565430675798128e-04 7.344898830307213088e-13 1.938246423898141600e-04 4.360224397900077905e-04 7.345787195964222085e-13
3.689621347227101111e+00 1.421170026150443927e-04 2.692379995705184489e-04 7.340840601246470300e-13 1.182486559933057204e-04 2.698661898844506189e-04 7.345401187314251769e-13
4.920189143094656714e+00 8.467097456668572133e-05 1.600698073501315068e-04 7.341595564484662160e-13 6.939477683713888016e-05 1.607328530715514331e-04 7.342257520215650591e-13
6.561177672614024736e+00 4.855804535613618314e-05 9.136065839930724815e-05 7.338558488118764136e-13 3.911368191004928400e-05 9.197869567275084339e-05 7.339447706440873221e-13
8.749471046662279150e+00 2.673826655070649523e-05 4.993510047103924597e-05 7.330877577137168710e-13 2.114571728962204509e-05 5.047837013313226015e-05 7.337923079977035539e-13
1.166760716081661897e+01 1.410795234515337956e-05 2.610745100740287784e-05 7.281942818770668186e-13 1.096698917241010401e-05 2.654809737061407471e-05 7.291660154320606614e-13
1.555900421101123499e+01 7.138216079291566629e-06 1.312943534020729427e-05 7.194780595398485238e-13 5.474460880145001270e-06 1.341089765193589332e-05 7.204135760591964952e-13
2.074826557850288822e+01 3.485922330372019681e-06 6.430452950414628868e-06 6.851435759242520453e-13 2.651082853027328108e-06 6.555509811343827057e-06 6.859593461567090151e-13
2.766825682915017381e+01 1.663217879113009199e-06 3.101478885138109392e-06 5.993505963018816795e-13 1.259819122235215655e-06 3.134929813335383421e-06 6.000054910151954000e-13
3.689621347227100756e+01 7.846788538134451570e-07 1.484012798611253012e-06 5.027587228499551766e-13 5.937315776766783293e-07 1.481688857883237741e-06 5.032105001672788201e-13
4.920189143094656714e+01 3.684405988342658126e-07 7.048004319111493045e-07 4.115686909280983167e-13 2.789950549974729356e-07 6.965189755776991614e-07 4.118297395952681039e-13
6.561177672614024914e+01 1.724006955359318162e-07 3.328752956353778691e-07 3.298909034958771988e-13 1.307932122990960952e-07 3.263833101613431315e-07 3.300089817612230559e-13
8.749471046662279150e+01 8.032928562205202888e-08 1.567358616928778015e-07 2.567922016437477437e-13 6.111695337392697491e-08 1.524785438569484026e-07 2.568083548484057160e-13
1.166760716081661968e+02 3.725119987610299997e-08 7.350126625300487968e-08 1.910693172641050808e-13 2.844251791934148003e-08 7.101820959163680203e-08 1.910365209062668918e-13
1.555900421101123356e+02 1.716851199757858728e-08 3.432395655371824507e-08 1.364499592069711539e-13 1.316186052967254108e-08 3.296254966871866213e-08 1.363992476566563699e-13
2.074826557850288964e+02 7.840335541603583732e-09 1.594401736886637026e-08 9.401678634161537976e-14 6.035081974942986594e-09 1.522436012340128547e-08 9.396119236306940517e-14
2.766825682915017524e+02 3.530542537819990139e-09 7.351432541291356177e-09 6.263196983291464620e-14 2.727641530310993745e-09 6.977028939542779722e-09 6.258261473784359767e-14
3.689621347227101182e+02 1.558422898950543937e-09 3.357604976717928401e-09 4.038428897025940578e-14 1.207995757758275708e-09 3.159535056873096757e-09 4.034430794090578172e-14
4.920189143094656856e+02 6.707578180069330010e-10 1.515472596761500160e-09 2.522763223060006329e-14 5.214482341694242136e-10 1.408192736126916908e-09 2.519776756621438478e-14
6.561177672614023777e+02 2.804425956142567701e-10 6.746126443907031091e-10 1.527826698898488138e-14 2.185412572737164921e-10 6.161151677403202338e-10 1.525763502543068815e-14
8.749471046662279150e+02 1.136823824317251754e-10 2.959339313980298050e-10 8.960624322376331517e-15 8.874358703493056237e-11 2.642386085343369440e-10 8.947427643369436297e-15
1.166760716081661940e+03 4.467509976701996933e-11 1.280273464177699229e-10 5.069126326169309061e-15 3.490267552340863649e-11 1.111384669600753044e-10 5.061120811373737705e-15
1.555900421101123356e+03 1.703972324890346575e-11 5.469217467126619382e-11 2.753291967342410300e-15 1.330767032179943683e-11 4.589700029502547291e-11 2.748768299658949206e-15
2.074826557850288737e+03 6.320176924766738377e-12 2.308755137957079054e-11 1.435208090930541560e-15 4.929378609520752868e-12 1.864468471237029821e-11 1.432795077970230746e-15
2.766825682915017296e+03 2.285763864518653056e-12 9.654703708262159216e-12 7.226145462740594605e-16 1.778828540959363196e-12 7.458286119628739350e-12 7.213853661194471881e-16
3.689621347227101069e+03 8.094013918645894798e-13 4.007323618027317787e-12 3.555197827184152678e-16 6.275611821711999876e-13 2.943126328943567920e-12 3.549070854068730716e-16
4.920189143094656174e+03 2.821781459844340535e-13 1.654284278330642877e-12 1.727140418933302304e-16 2.174641263931322942e-13 1.149216309045020180e-12 1.724131274908429066e-16
6.561177672614025141e+03 9.743488160329478745e-14 6.806453039447178597e-13 8.321249583449835221e-17 7.443435703487766995e-14 4.455705919142187685e-13 8.306629787633960448e-17
8.749471046662278241e+03 3.353797701923361499e-14 2.795454961683139461e-13 3.976761065607535321e-17 2.531403288902137026e-14 1.719377594451025133e-13 3.969719595997839668e-17
1.166760716081662031e+04 1.157568282318700503e-14 1.148019614574151466e-13 1.883800261713399356e-17 8.599321670672970897e-15 6.614215046724107777e-14 1.880435590276040240e-17
1.555900421101123356e+04 4.021277625018080072e-15 4.714121011602800790e-14 8.837755804861119522e-18 2.928603283711406460e-15 2.540895686588259334e-14 8.821849182596089409e-18
2.074826557850289100e+04 1.407711583455703471e-15 1.927645528180962337e-14 4.102448045948201338e-18 1.001342188759256116e-15 9.739934042561424010e-15 4.094978044930998166e-18
2.766825682915017387e+04 4.959888918411954383e-16 7.806338653407077629e-15 1.882318210158303745e-18 3.434648240782905627e-16 3.711198422746340676e-15 1.878844076681039464e-18
3.689621347227100341e+04 1.752593318488165322e-16 3.121627584608816345e-15 8.527363429829563385e-19 1.179309335501402209e-16 1.400750073532551201e-15 8.511427817329184618e-19
4.920189143094656174e+04 6.186000282873169602e-17 1.224315765263396235e-15 3.809862978701895422e-19 4.043019480490840587e-17 5.200991617427905249e-16 3.802668675231479847e-19
6.561177672614024777e+04 2.173748188367215465e-17 4.687497289392433175e-16 1.676745941933909250e-19 1.381700940003506279e-17 1.888228745100631236e-16 1.673547027035873025e-19
8.749471046662278241e+04 7.578926288968781612e-18 1.747079646428742911e-16 7.260857136165284860e-20 4.696257593683507317e-18 6.688055166616295519e-17 7.246887091610691582e-20
1.166760716081661958e+05 2.619869506663911820e-18 6.316582974612178021e-17 3.090486307742097955e-20 1.586880065872846652e-18 2.304587291005151047e-17 3.084496217923916024e-20
1.555900421101123211e+05 8.981098659504799119e-19 2.215445290634025195e-17 1.292038043038280601e-20 5.332072374401803776e-19 7.706025568143229730e-18 1.289518878814424582e-20
2.074826557850289100e+05 3.053223799528249942e-19 7.563883098431397572e-18 5.304971661766119767e-21 1.784309955597287036e-19 2.501621889971423028e-18 5.294589873522433875e-21
2.766825682915017242e+05 1.031334937808993014e-19 2.508898272823547387e-18 2.140980243115047486e-21 5.964412181582352399e-20 7.887309979311129693e-19 2.136784293648307558e-21
3.689621347227101214e+05 3.479704548335899792e-20 8.074886768389018111e-19 8.511130846359262695e-22 1.999890742287165877e-20 2.423165321681590521e-19 8.494476190569407023e-22
4.920189143094656756e+05 1.176314918069506917e-20 2.548960201578194927e-19 3.345116268654648309e-22 6.753755848357496287e-21 7.324966802472312124e-20 3.338597085170663032e-22
6.561177672614024486e+05 3.994410836053644455e-21 7.907671585545241134e-20 1.306618639757141919e-22 2.306594213301741053e-21 2.183378062013170511e-20 1.304084528008767162e-22
8.749471046662279405e+05 1.369980644001369906e-21 2.404686262253896920e-20 5.103701910625405151e-23 8.017779888930959733e-22 6.436078803390475979e-21 5.093863976000363583e-23
1.166760716081662104e+06 4.786963132619068976e-22 7.154719292763343629e-21 2.005547842382227211e-23 2.854823734828559574e-22 1.900521343854750915e-21 2.001706809154981915e-23
1.555900421101123560e+06 1.715766348579883964e-22 2.096958611522935838e-21 7.964476560060222734e-24 1.045114304759087275e-22 5.663924097579565214e-22 7.949336066129158917e-24
2.074826557850289159e+06 6.332264988621755413e-23 6.111127065434381605e-22 3.204051408266497769e-24 3.937971872014104413e-23 1.717867286974656866e-22 3.198015785770489738e-24
2.766825682915017474e+06 2.407864286092000325e-23 1.788115023500282403e-22 1.306961852850333080e-24 1.525502069039058781e-23 5.349421065437558359e-23 1.304528142499977083e-24
3.689621347227101214e+06 9.429589031663163721e-24 5.323465566529734899e-23 5.411048667561849846e-25 6.075688961647125415e-24 1.723738999493737370e-23 5.401115053836574546e-25
4.920189143094656989e+06 3.801842258354618888e-24 1.632050382091270721e-23 2.278899206082994077e-25 2.489861039853233093e-24 5.787475513731012565e-24 2.274778175372074401e-25
6.561177672614024952e+06 1.579469999614879802e-24 5.207718012585358817e-24 9.793945006280888916e-26 1.051698023772597102e-24 2.034956090171279005e-24 9.776478917189584601e-26
8.749471046662278473e+06 6.766791421924982862e-25 1.741338285179544377e-24 4.304812990731435136e-26 4.579196237381278937e-25 7.543692106067456073e-25 4.297213822560561794e-26
1.166760716081662104e+07 2.984278367258504727e-25 6.131496452513392263e-25 1.933900902186823516e-26 2.047674526753089509e-25 2.954261654874992107e-25 1.930505548779860656e-26
1.555900421101123467e+07 1.347572122182441513e-25 2.285316225506435861e-25 8.842849683554122967e-27 9.337361680319730767e-26 1.215787841326997691e-25 8.827341352419553904e-27
2.074826557850288972e+07 6.184420130191113390e-26 8.995510189740698535e-26 4.089473170728266481e-27 4.307554971079337635e-26 5.190932045115561798e-26 4.082285196016313903e-27
2.766825682915017009e+07 2.863270578739319022e-26 3.712944840968486812e-26 1.900557716020431260e-27 1.996786571529677779e-26 2.273384431169865556e-26 1.897203281100743243e-27
3.689621347227101028e+07 1.329621375223106987e-26 1.589094977959158360e-26 8.833033676039074034e-28 9.257721709659868139e-27 1.011320707625927623e-26 8.817359374516696591e-28
4.920189143094656616e+07 6.168922048355410442e-27 6.967190921778037315e-27 4.092522352271493494e-28 4.280362948789835878e-27 4.534927037653588582e-27 4.085212261536182045e-28
6.561177672614024580e+07 2.852185058515135482e-27 3.094999782060608856e-27 1.886167815054225243e-28 1.969338543851455353e-27 2.039663588801729660e-27 1.882772118991923946e-28
8.749471046662279963e+07 1.311458657245720874e-27 1.383012260997535374e-27 8.630603135104612267e-29 8.998561180323077166e-28 9.162783733528041134e-28 8.614923078112796366e-29
1.166760716081662029e+08 5.985918487724956837e-28 6.181373711821919183e-28 3.913075666727158083e-29 4.075398773722380212e-28 4.096623289323753336e-28 3.905892129479697948e-29
1.555900421101123393e+08 2.706761016743362998e-28 2.751248316553041044e-28 1.754033980080898516e-29 1.825262628077698886e-28 1.816966460656896948e-28 1.750776528565597856e-29
2.074826557850289047e+08 1.209878545477515592e-28 1.215022881623825356e-28 7.752446969822791950e-30 8.062888140633246473e-29 7.967224224223248374e-29 7.737868350160526572e-30
2.766825682915017605e+08 5.332002123092088220e-29 5.305339443716262809e-29 3.367843442802030220e-30 3.502133546911921311e-29 3.441285920065028629e-29 3.361426866834876962e-30
3.689621347227101326e+08 2.310044652033261478e-29 2.282237230428167668e-29 1.432535384437630774e-30 1.490467691830297110e-29 1.458380845329221826e-29 1.429769889573924474e-30
4.920189143094656467e+08 9.806173678711874768e-30 9.634289254526054826e-30 5.938863570405247732e-31 6.190676893562450740e-30 6.038229229577145753e-30 5.927251378984174824e-31
6.561177672614024878e+08 4.064008806767789698e-30 3.975232866588297890e-30 2.386656478428504809e-31 2.498585218928694947e-30 2.431322242032344474e-30 2.381934789739860707e-31
8.749471046662279367e+08 1.638041370938233410e-30 1.596545304655612340e-30 9.239516800568555592e-32 9.755053873104809917e-31 9.476139324864727691e-31 9.221054982946132955e-32
1.166760716081662178e+09 6.395305537383668695e-31 6.214265347950573511e-31 3.422399490389258881e-32 3.666791662721484327e-31 3.557692071336325292e-31 3.415507373750190225e-32
1.555900421101123333e+09 2.407464033365377288e-31 2.332965522332434651e-31 1.203494757259130646e-32 1.319607755569361557e-31 1.279415664408477500e-31 1.201059147613963037e-32
2.074826557850289106e+09 8.691329572653224255e-32 8.400682548594509190e-32 3.982810560748369769e-33 4.517967955320728812e-32 4.379139374043259318e-32 3.974739302024700480e-33
2.766825682915017128e+09 2.990154808579360522e-32 2.882654642299313119e-32 1.228878657108544495e-33 1.460490307593148112e-32 1.415879190032237675e-32 1.226395684586684858e-33
3.689621347227100849e+09 9.728428901684145351e-33 9.352331433648611258e-33 3.500006260925856879e-34 4.415313379284013705e-33 4.283381331913846921e-33 3.492993151901429583e-34
4.920189143094656944e+09 2.964331613711626666e-33 2.840677190846643662e-33 9.099345058680170232e-35 1.232408312322865358e-33 1.197203819175107268e-33 9.081390399416734567e-35
6.561177672614025116e+09 8.353087586623090756e-34 7.974921644133782900e-34 2.129553017515939223e-35 3.118554230020561845e-34 3.036800483353314306e-34 2.125453864686189497e-35
8.749471046662279129e+09 2.139774297871836691e-34 2.033782546695632213e-34 4.398352436520136612e-36 6.961967665115444262e-35 6.808826779308656600e-35 4.390199232927406282e-36
1.166760716081661987e+10 4.866003350794766321e-35 4.599852819867511610e-35 7.775616176830474838e-37 1.314455356091392061e-35 1.296061433079818107e-35 7.762004878529232951e-37
1.555900421101123428e+10 9.498069881647907393e-36 8.921413359991084296e-36 1.120965254635267673e-37 1.959944903212885854e-36 1.965247249509031763e-36 1.119178020331974696e-37
2.074826557850289154e+10 1.515488761840047032e-36 1.415062089947893381e-36 1.215624723571971567e-38 2.049633338504098256e-37 2.138175015206689605e-37 1.213989164602703580e-38
2.766825682915017319e+10 1.835523863189485261e-37 1.720739953332853501e-37 8.571122631598996634e-40 1.191646748847204317e-38 1.399147493442517017e-38 8.562972721627548636e-40
3.689621347227101135e+10 1.491832704200386177e-38 1.492291529905441546e-38 2.841766938701163904e-41 2.151055301683826715e-40 4.417461385635029746e-40 2.840587773868180989e-41
4.920189143094656372e+10 6.463945477151697212e-40 9.561160572069452866e-40 0.000000000000000000e+00 1.269843742885978867e-42 1.441263291288001024e-41 0.000000000000000000e+00
6.561177672614024353e+10 1.012019621242849568e-41 6.206078479178931968e-41 0.000000000000000000e+00 4.605296190788333511e-44 7.061234390311470950e-43 0.000000000000000000e+00
8.749471046662280273e+10 8.678748771242841995e-46 1.986852729067530123e-42 0.000000000000000000e+00 3.143356339672534709e-46 1.247593962893277854e-44 0.000000000000000000e+00
