1.166760716081661986e+00 8.059744858671287482e-04 1.500667321351718472e-03 6.634520116605709306e-13 6.957121428919600063e-04 1.501908472691732260e-03 6.671434654469533152e-13
1.555900421101123365e+00 5.449586202849848434e-04 1.025297809671964558e-03 7.143126889442381130e-13 4.680396219421195051e-04 1.024123852810848029e-03 7.161824163106984620e-13
2.074826557850288911e+00 3.596294879623127363e-04 6.797332295854287580e-04 7.441656814840638200e-13 3.062648693880098191e-04 6.794926813520858278e-04 7.454799707565984511e-13
2.766825682915017293e+00 2.300548107042799020e-04 4.357264974471630465e-04 7.449260970911259827e-13 1.938570111390362240e-04 4.361841927774654285e-04 7.450140637297484702e-13
3.689621347227101111e+00 1.421107249255971507e-04 2.693247429975486164e-04 7.445137272587859507e-13 1.182551455211694810e-04 2.699463246679446220e-04 7.449752062577428848e-13
4.920189143094656714e+00 8.465608033698219462e-05 1.601101387542407193e-04 7.445902212261745401e-13 6.939073770333347650e-05 1.607681037447639897e-04 7.446561603925517916e-13
6.561177672614024736e+00 4.854271411754351110e-05 9.137744115081003103e-05 7.442812331464407398e-13 3.910713813427242949e-05 9.199149961511217432e-05 7.443719377216750090e-13
8.749471046662279150e+00 2.672600525644882159e-05 4.994147065574612197e-05 7.435021946233465871e-13 2.114020901403289572e-05 5.048151755375051425e-05 7.442175487747141131e-13
1.166760716081661897e+01 1.409960273510203607e-05 2.611009472847961000e-05 7.385335625694683496e-13 1.096349129533279376e-05 2.654813859897877412e-05 7.395199365229369540e-13
1.555900421101123499e+01 7.133208230526015241e-06 1.313104830814717245e-05 7.296853717321419580e-13 5.472669599945674669e-06 1.341058358000830444e-05 7.306344992695461648e-13
2.074826557850288822e+01 3.483103245050026156e-06 6.431652025727949972e-06 6.948265358613083539e-13 2.650263242933870895e-06 6.555459553063030566e-06 6.956539240379127255e-13
2.766825682915017381e+01 1.661475468610392109e-06 3.102178645003438594e-06 6.077286283865214428e-13 1.259310253403097880e-06 3.134884064545563806e-06 6.083925938507178007e-13
3.689621347227100756e+01 7.832928893119142903e-07 1.484150021307644254e-06 5.096993622253762130e-13 5.931554739936697444e-07 1.481360671617220280e-06 5.101570860992145198e-13
4.920189143094656714e+01 3.670984017913574400e-07 7.044680199842724231e-07 4.171851519602133162e-13 2.782406757360442040e-07 6.958420091825304098e-07 4.174494473827230835e-13
6.561177672614024914e+01 1.710469187800266093e-07 3.322205334452676651e-07 3.343459169190381383e-13 1.299035395927656920e-07 3.254324315758052159e-07 3.344652366993178587e-13
8.749471046662279150e+01 7.902691626090476580e-08 1.559191449646155738e-07 2.602214796818379950e-13 6.019347428479303127e-08 1.513920922628455198e-07 2.602375073663279814e-13
1.166760716081661968e+02 3.609690370147756259e-08 7.266584775836732292e-08 1.935826849661162498e-13 2.759183211499056833e-08 6.994235111748052629e-08 1.935491742973110759e-13
1.555900421101123356e+02 1.624070281461484630e-08 3.358100407380190395e-08 1.382116358094360268e-13 1.246344668505004611e-08 3.202035545683284919e-08 1.381600480569397332e-13
2.074826557850288964e+02 7.168333747944711523e-09 1.535894121628092603e-08 9.520469368594731840e-14 5.522797767533582940e-09 1.448942820930566849e-08 9.514822969557165396e-14
2.766825682915017524e+02 3.091996825847482825e-09 6.939579672058432457e-09 6.340416250164111305e-14 2.390539362780619267e-09 6.463903631967514663e-09 6.335407473786168006e-14
3.689621347227101182e+02 1.299282365376630195e-09 3.095969722517053534e-09 4.086848999681218862e-14 1.007561106757904017e-09 2.836526075204895859e-09 4.082793993062789992e-14
4.920189143094656856e+02 5.309393893241113426e-10 1.363725133203204213e-09 2.552060001085618445e-14 4.127542527155376949e-10 1.222969352968254255e-09 2.549032601600152451e-14
6.561177672614023777e+02 2.108623765760671232e-10 5.931771091905111904e-10 1.544926590422873565e-14 1.642162065392114051e-10 5.181372123211416025e-10 1.542836213877634905e-14
8.749471046662279150e+02 8.141475695141166226e-11 2.549278354848090992e-10 9.056617525030423685e-15 6.345845036562912397e-11 2.157930966806146665e-10 9.043254463226842985e-15
1.166760716081661940e+03 3.059863866265772836e-11 1.084001633261544516e-10 5.120531749621348425e-15 2.384110860097471803e-11 8.846350546650382030e-11 5.112430873028815639e-15
1.555900421101123356e+03 1.121819342783847132e-11 4.567338848471375102e-11 2.779256291405478765e-15 8.724784602764926462e-12 3.574714352865280121e-11 2.774682579608638891e-15
2.074826557850288737e+03 4.024407444212500746e-12 1.908081659053594543e-11 1.447476811342754055e-15 3.120084012057095737e-12 1.426699711948878038e-11 1.445039589307621697e-15
2.766825682915017296e+03 1.418571602834834189e-12 7.925486757595174939e-12 7.280400586779672199e-16 1.094856564896145614e-12 5.631916514055379153e-12 7.268000419026795407e-16
3.689621347227101069e+03 4.942210114871306355e-13 3.280531634576528937e-12 3.577896735515531661e-16 3.789420917772211879e-13 2.204260910179624956e-12 3.571723875092557620e-16
4.920189143094656174e+03 1.713747817793390861e-13 1.355709352219882875e-12 1.736261050133834289e-16 1.301641066509332618e-13 8.584282085955211978e-13 1.733233245799435656e-16
6.561177672614025141e+03 5.951854075535921260e-14 5.599112913426687678e-13 8.356724888949534373e-17 4.463204003823971070e-14 3.337501019418584632e-13 8.342031752760300698e-17
8.749471046662278241e+03 2.080615403518610563e-14 2.309859385181158858e-13 3.990099561068498313e-17 1.534512748510254698e-14 1.296435517372130473e-13 3.983030241621993906e-17
1.166760716081662031e+04 7.340846690314672634e-15 9.511639129808205111e-14 1.888616378876526050e-17 5.304583634364102421e-15 5.026212941950056607e-14 1.885241527477484752e-17
1.555900421101123356e+04 2.612939833330956737e-15 3.900077898324526613e-14 8.854256539410558288e-18 1.844438187858034364e-15 1.942866396965853813e-14 8.838314487934532734e-18
2.074826557850289100e+04 9.359208481161919499e-16 1.582886719002470800e-14 4.107691593939489090e-18 6.441542292007441292e-16 7.462645716087947921e-15 4.100210000251980664e-18
2.766825682915017387e+04 3.362082880477406461e-16 6.319287454078485670e-15 1.883786803117183939e-18 2.253746604616410576e-16 2.832681045679704171e-15 1.880309243703070774e-18
3.689621347227100341e+04 1.206319109992450314e-16 2.476453847433388522e-15 8.530452456432210476e-19 7.879937444426495336e-17 1.058567326490600259e-15 8.514508583824251477e-19
4.920189143094656174e+04 4.310251256785367132e-17 9.476510365838084020e-16 3.809911621008792772e-19 2.747961749207720460e-17 3.871856124532185146e-16 3.802716377386944604e-19
6.561177672614024777e+04 1.531393804021219367e-17 3.531899124756161537e-16 1.676277891200244722e-19 9.555320628108486036e-18 1.379925556056778464e-16 1.673079587096890293e-19
8.749471046662278241e+04 5.402043827153232022e-18 1.281716266498462767e-16 7.257045746661523784e-20 3.309637311433472074e-18 4.793539666172985703e-17 7.243082106022418138e-20
1.166760716081661958e+05 1.893532278018732769e-18 4.521225757008286438e-17 3.088215665317386056e-20 1.142448649380000048e-18 1.621683709311216494e-17 3.082229679482138353e-20
1.555900421101123211e+05 6.603034363776583744e-19 1.552294360504245208e-17 1.290853065750375156e-20 3.932864938019269481e-19 5.336479383950906488e-18 1.288336123650880771e-20
2.074826557850289100e+05 2.291375574479316305e-19 5.209139063219345019e-18 5.299251139136912074e-21 1.352015106447138200e-19 1.710638734207977202e-18 5.288880321967478488e-21
2.766825682915017242e+05 7.925821644451684894e-20 1.705389511033215191e-18 2.138369596852920827e-21 4.652101216921259857e-20 5.345575834542373416e-19 2.134178716839809524e-21
3.689621347227101214e+05 2.744474354193182123e-20 5.438217185060757595e-19 8.499703990795653475e-22 1.607120999659162925e-20 1.634122918519146554e-19 8.483071736828227382e-22
4.920189143094656756e+05 9.535637242260033028e-21 1.706692679017948419e-19 3.340290762595647397e-22 5.591715890549396261e-21 4.933772597045062668e-20 3.333781049799720749e-22
6.561177672614024486e+05 3.331984203946873847e-21 5.279393582198503860e-20 1.304634815450146769e-22 1.966529949478647512e-21 1.474321108705745819e-20 1.302104590534134111e-22
8.749471046662279405e+05 1.176600156589093364e-21 1.605285344916524461e-20 5.095683376394745595e-23 7.029035757545189426e-22 4.374409167538393449e-21 5.085861039688580715e-23
1.166760716081662104e+06 4.229110734259250503e-22 4.789925575525672995e-21 2.002329300834090622e-23 2.567071025052929938e-22 1.305883127805219454e-21 1.998494445485437221e-23
1.555900421101123560e+06 1.555485606795570815e-22 1.412581316768144808e-21 7.951485823538802958e-24 9.606715479159926282e-23 3.953553707741697327e-22 7.936369718664849550e-24
2.074826557850289159e+06 5.869522961363413533e-23 4.158623302330904346e-22 3.198696362290209338e-24 3.686177694135187653e-23 1.224513212173008706e-22 3.192670458392048219e-24
2.766825682915017474e+06 2.272521146496809850e-23 1.235116391156905170e-22 1.304667430728629664e-24 1.448947701142805415e-23 3.914364963470493634e-23 1.302237688141484459e-24
3.689621347227101214e+06 9.025118571660794406e-24 3.753045610859001556e-23 5.400662369650330472e-25 5.836981791374432279e-24 1.301038568431295349e-23 5.390745623906472524e-25
4.920189143094656989e+06 3.677837066756963929e-24 1.181478521469719021e-23 2.273880068123974327e-25 2.413451114153364736e-24 4.523752644570554063e-24 2.269766626738937316e-25
6.561177672614024952e+06 1.540348569726845264e-24 3.894737323639299586e-24 9.768026911074844795e-26 1.026478609701653785e-24 1.651875859069478962e-24 9.750597364132988763e-26
8.749471046662278473e+06 6.638493123739805122e-25 1.352822898120485977e-24 4.290624126509865464e-26 4.492167792311372728e-25 6.360564070623855324e-25 4.283043859417687725e-26
1.166760716081662104e+07 2.939670710450278899e-25 4.966815906797166733e-25 1.925774626957492661e-26 2.015660727208894631e-25 2.579318021310176909e-25 1.922389709051162710e-26
1.555900421101123467e+07 1.330742808128473876e-25 1.930020310685291050e-25 8.794868097205305572e-27 9.209571599262956943e-26 1.092836537646553275e-25 8.779420421087533039e-27
2.074826557850288972e+07 6.114044491992945612e-26 7.887386039380061475e-26 4.060643663723088493e-27 4.251449368551356307e-26 4.773702998700205907e-26 4.053492210253507567e-27
2.766825682915017009e+07 2.830566481539866932e-26 3.355607783438198918e-26 1.883107889446707241e-27 1.969786991946438858e-26 2.125844606316461625e-26 1.879775900099652419e-27
3.689621347227101028e+07 1.313038347838114224e-26 1.468320737548126334e-26 8.727385767116762478e-28 9.117931123279497808e-27 9.565373399169261228e-27 8.711850800673135890e-28
4.920189143094656616e+07 6.079633733969975188e-27 6.534325938681367980e-27 4.028850224643320407e-28 4.204294548381907037e-27 4.320126783482663096e-27 4.021626885235252833e-28
6.561177672614024580e+07 2.802393624745356955e-27 2.929923179825909016e-27 1.848108202776312490e-28 1.926766043794788052e-27 1.949908924995537416e-27 1.844766389083690667e-28
8.749471046662279963e+07 1.283259026370349952e-27 1.315668418671450527e-27 8.405675629261395949e-29 8.757686416948525189e-28 8.762661383747456648e-28 8.390327838624967948e-29
1.166760716081662029e+08 5.825962211664176767e-28 5.888274810153746555e-28 3.782043291190027560e-29 3.939358143181223007e-28 3.907798503718076591e-28 3.775062209829047060e-29
1.555900421101123393e+08 2.616792646885583651e-28 2.616417214095943435e-28 1.679026778300433402e-29 1.749298004483098978e-28 1.724009801274341052e-28 1.675890630217744188e-29
2.074826557850289047e+08 1.160079716126839981e-28 1.150388399827441152e-28 7.331988245060493992e-30 7.646663092340557965e-29 7.498951549101518853e-29 7.318120713913042622e-30
2.766825682915017605e+08 5.062419291475320374e-29 4.988200067052757983e-29 3.137927954575743854e-30 3.279810761378314974e-29 3.204407836490588226e-29 3.131917050869791290e-30
3.689621347227101326e+08 2.168092520948402880e-29 2.125742949775810294e-29 1.310441023217396600e-30 1.375396291165285274e-29 1.339967025764766441e-29 1.307899516248012726e-30
4.920189143094656467e+08 9.082744372234124351e-30 8.870031770343174201e-30 5.312465069353230239e-31 5.616885581009514867e-30 5.460701210223637218e-30 5.302042639403683554e-31
6.561177672614024878e+08 3.708841945243106675e-30 3.610301378509712852e-30 2.078075899352125146e-31 2.224501536029790378e-30 2.159358389421197683e-30 2.073957968491143480e-31
8.749471046662279367e+08 1.470778368815424385e-30 1.427796855196809947e-30 7.790368644060549541e-32 8.507645543280819728e-31 8.249843385318624880e-31 7.774810877165212776e-32
1.166760716081662178e+09 5.642725934842797854e-31 5.464323995864715493e-31 2.779032810541819142e-32 3.128712629995991021e-31 3.031919505274495281e-31 2.773453388499759429e-32
1.555900421101123333e+09 2.085313455947516159e-31 2.014664623991810580e-31 9.360825692737431714e-33 1.100834722722774930e-31 1.066470362109583655e-31 9.341990116539810765e-33
2.074826557850289106e+09 7.385576500203184366e-32 7.118451675473236824e-32 2.953297375503303511e-33 3.684578645084677503e-32 3.569797200611135880e-32 2.947362611306940063e-33
2.766825682915017128e+09 2.491877303880551814e-32 2.395685954626995828e-32 8.657795188149361825e-34 1.165119420717934224e-32 1.129331720026984984e-32 8.640488644507458799e-34
3.689621347227100849e+09 7.951206795085414241e-33 7.622665058731626920e-33 2.339594643170453171e-34 3.449870849927034100e-33 3.346833430381058171e-33 2.334964451833016711e-34
4.920189143094656944e+09 2.377386333993451712e-33 2.271740898311828102e-33 5.776322666571567513e-35 9.448244781393603208e-34 9.179637211699136645e-34 5.765075618111318632e-35
6.561177672614025116e+09 6.580236523869389981e-34 6.263762658577207025e-34 1.287869858847730767e-35 2.351051618748680904e-34 2.289897424392186131e-34 1.285424455866950027e-35
8.749471046662279129e+09 1.658126507328922453e-34 1.571092158285563911e-34 2.546458121627249909e-36 5.173547845979778687e-35 5.060890599284023609e-35 2.541801980219343245e-36
1.166760716081661987e+10 3.715808889147065766e-35 3.500833490615960699e-35 4.334488020833091988e-37 9.651040686989671076e-36 9.517740368377600975e-36 4.327002197040402459e-37
1.555900421101123428e+10 7.161166855105212268e-36 6.701147982215797566e-36 6.052215615438112094e-38 1.424915768725126808e-36 1.428826762611624160e-36 6.042690874252555996e-38
2.074826557850289154e+10 1.130223629008991001e-36 1.050489460065164948e-36 6.392810168545944937e-39 1.478330499057793076e-37 1.541582238744339207e-37 6.384313006591812006e-39
2.766825682915017319e+10 1.356078410730610918e-37 1.262953697283216305e-37 4.412398691231118124e-40 8.541720296314890133e-39 1.000805373314786794e-38 4.408245644728424764e-40
3.689621347227101135e+10 1.092963243552965188e-38 1.080381319925606473e-38 1.437706452460064991e-41 1.535444238668682767e-40 3.115558855067568696e-40 1.437110642975144605e-41
4.920189143094656372e+10 4.700414081453994031e-40 6.780198319723291376e-40 0.000000000000000000e+00 8.791924355781243678e-43 9.860354739055516439e-42 0.000000000000000000e+00
6.561177672614024353e+10 7.301878899301933313e-42 4.325179712745794362e-41 0.000000000000000000e+00 3.191729957354302192e-44 4.802161572357661731e-43 0.000000000000000000e+00
8.749471046662280273e+10 6.027541179397720108e-46 1.380193620202015362e-42 0.000000000000000000e+00 2.180778234922412490e-46 8.392339117984877194e-45 0.000000000000000000e+00
