1.166760716081661986e+00 8.059216227363106763e-04 1.500538796634151703e-03 6.623577594457249884e-13 6.956602853309960983e-04 1.501781249018147675e-03 6.660428637034281306e-13
1.555900421101123365e+00 5.449306513498014624e-04 1.025218004560932410e-03 7.131345120869000158e-13 4.680110746841445587e-04 1.024044943016653260e-03 7.150012916230706751e-13
2.074826557850288911e+00 3.596171891737422730e-04 6.796864157473706501e-04 7.429382129830067751e-13 3.062510406370283077e-04 6.794468132160003983e-04 7.442504034724472752e-13
2.766825682915017293e+00 2.300512533239801164e-04 4.357008922419628957e-04 7.436972029061750363e-13 1.938516128464938873e-04 4.361595416834821229e-04 7.437853203706652555e-13
3.689621347227101111e+00 1.421113223373679740e-04 2.693118428472132436e-04 7.432856238495705480e-13 1.182539815819711620e-04 2.699342379092899190e-04 7.437464809429632438e-13
4.920189143094656714e+00 8.465821870484938473e-05 1.601042951421779471e-04 7.433620061501257383e-13 6.939134059390285347e-05 1.607629121124050581e-04 7.434279902929726557e-13
6.561177672614024736e+00 4.854505328691234827e-05 9.137515651287310837e-05 7.430536628793513128e-13 3.910820846726332785e-05 9.198974867154326108e-05 7.431441318609689733e-13
8.749471046662279150e+00 2.672795261346411105e-05 4.994074070679111556e-05 7.422759109606602049e-13 2.114116183330030712e-05 5.048124097371971107e-05 7.429899696070936423e-13
1.166760716081661897e+01 1.410099323166670289e-05 2.610990156675363957e-05 7.373162863228968560e-13 1.096415176330692369e-05 2.654832849899906375e-05 7.383009253571380802e-13
1.555900421101123499e+01 7.134105685572502151e-06 1.313098285834607269e-05 7.284838234433137688e-13 5.473069920771390682e-06 1.341081426114636851e-05 7.294313471281011347e-13
2.074826557850288822e+01 3.483670176944818681e-06 6.431622890192340209e-06 6.936877217788022302e-13 2.650509069845235589e-06 6.555632969722096457e-06 6.945137459509629983e-13
2.766825682915017381e+01 1.661874719361021122e-06 3.102202818138569908e-06 6.067456354401841823e-13 1.259500223445801735e-06 3.135039321260398117e-06 6.074085412585805648e-13
3.689621347227100756e+01 7.836302686736420233e-07 1.484241690915557222e-06 5.088865945418234055e-13 5.933462630627273418e-07 1.481543263015640511e-06 5.093436288538901117e-13
4.920189143094656714e+01 3.674170445183754431e-07 7.046160868977936288e-07 4.165283098084327220e-13 2.784471172898795886e-07 6.960630793609335495e-07 4.167922317020109977e-13
6.561177672614024914e+01 1.713490792832077191e-07 3.324026198855371159e-07 3.338254317587000625e-13 1.301151999230028870e-07 3.256787956679826346e-07 3.339446125812924831e-13
8.749471046662279150e+01 7.929678706227457055e-08 1.561083438911615746e-07 2.598213246369833822e-13 6.039060756504141691e-08 1.516383095678798262e-07 2.598373722195239351e-13
1.166760716081661968e+02 3.631699899405675683e-08 7.283771092474916019e-08 1.932899802433956040e-13 2.775636086355092299e-08 7.016205177902444982e-08 1.932565565686300151e-13
1.555900421101123356e+02 1.640221639921604096e-08 3.371891639152063659e-08 1.380069349599249192e-13 1.258586286341427331e-08 3.219476466601036863e-08 1.379554517084677922e-13
2.074826557850288964e+02 7.274644465683541064e-09 1.545731091357013507e-08 9.506698090600019268e-14 5.604111496935785582e-09 1.461271534801530351e-08 9.501061968413888743e-14
2.766825682915017524e+02 3.155083576505160310e-09 7.002539368515662421e-09 6.331485538312515487e-14 2.439116668478016628e-09 6.542048648870296845e-09 6.326485370044728437e-14
3.689621347227101182e+02 1.333380926924838414e-09 3.132630446165941662e-09 4.081263103571604798e-14 1.033963860108730250e-09 2.881485617920570172e-09 4.077214753638484072e-14
4.920189143094656856e+02 5.479321521783705808e-10 1.383460308257199346e-09 2.548689408943745967e-14 4.259769854391882601e-10 1.246802743244909479e-09 2.545666778655180848e-14
6.561177672614023777e+02 2.187631407327092769e-10 6.031569566413008651e-10 1.542965120014223789e-14 1.703910394599385846e-10 5.299593095185220765e-10 1.540877897101252632e-14
8.749471046662279150e+02 8.487711185958616408e-11 2.597365231234447791e-10 9.045644489115380825e-15 6.617456461984029629e-11 2.213562502566938337e-10 9.032300641337923423e-15
1.166760716081661940e+03 3.204031566926864210e-11 1.106323132287906685e-10 5.114681321602364518e-15 2.497527253803829658e-11 9.097465414270407017e-11 5.106591393956563191e-15
1.555900421101123356e+03 1.179192274584188794e-11 4.667799956802764310e-11 2.776318908710955051e-15 9.176904333827097839e-12 3.684241183927250162e-11 2.771750901921553897e-15
2.074826557850288737e+03 4.243515140082970111e-12 1.952066065214684966e-11 1.446100063524186553e-15 3.292912359827820195e-12 1.473052058841024366e-11 1.443665576793182459e-15
2.766825682915017296e+03 1.499145928834605957e-12 8.113256763755193925e-12 7.274375864160354833e-16 1.158453999108821804e-12 5.822471405219092772e-12 7.261987805750053185e-16
3.689621347227101069e+03 5.228797542435933014e-13 3.358850789970324434e-12 3.575407533581327539e-16 4.015643287732144848e-13 2.280457756456239670e-12 3.569239736532150638e-16
4.920189143094656174e+03 1.812958452579304595e-13 1.387790706400224855e-12 1.735274774492020092e-16 1.379862226351355547e-13 8.881776726875101998e-13 1.732249002512570427e-16
6.561177672614025141e+03 6.288757781501487378e-14 5.729402009346949016e-13 8.352949203299781129e-17 4.728138113435703393e-14 3.451602069957812575e-13 8.338263943647070818e-17
8.749471046662278241e+03 2.193910967040173225e-14 2.362965491030530747e-13 3.988707733606559077e-17 1.623179301975933399e-14 1.339789918823877864e-13 3.981641355012405455e-17
1.166760716081662031e+04 7.721850595415380753e-15 9.731633765877921132e-14 1.888127409520828690e-17 5.600183586145528943e-15 5.191035455036180068e-14 1.884753608944053348e-17
1.555900421101123356e+04 2.742086451263239058e-15 3.993409271528416578e-14 8.852650554627484648e-18 1.943193958875950128e-15 2.006132328032812842e-14 8.836712038631492717e-18
2.074826557850289100e+04 9.802304400558459037e-16 1.623309953941377333e-14 4.107218112329256633e-18 6.773067261001630231e-16 7.708862191877903103e-15 4.099737611311012421e-18
2.766825682915017387e+04 3.515855594395029578e-16 6.495908578768319656e-15 1.883674937019239396e-18 2.365474724319556485e-16 2.929485334314365737e-15 1.880197664803572050e-18
3.689621347227100341e+04 1.260015812980887021e-16 2.553150262997480176e-15 8.530346459586892332e-19 8.256542111321010368e-17 1.096711811589007349e-15 8.514403065529412571e-19
4.920189143094656174e+04 4.497543069496708985e-17 9.802119476845698364e-16 3.810014210051595558e-19 2.874299876184805806e-17 4.020366719331751182e-16 3.802818867687168437e-19
6.561177672614024777e+04 1.596175228870105521e-17 3.665542105569066523e-16 1.676378219823602652e-19 9.975218707379771589e-18 1.436378734517560885e-16 1.673179755257731787e-19
8.749471046662278241e+04 5.622740151992099220e-18 1.334422594922280510e-16 7.257681333864757431e-20 3.447203932877357471e-18 5.001568308745106939e-17 7.243716568290527380e-20
1.166760716081661958e+05 1.967331594079008013e-18 4.720307229789411027e-17 3.088558959521842638e-20 1.186752862764324593e-18 1.695648940917560784e-17 3.082572337648555200e-20
1.555900421101123211e+05 6.844821156054241445e-19 1.624420913096598379e-17 1.291022761009622839e-20 4.072862091196588480e-19 5.589596505534058846e-18 1.288505495820598019e-20
2.074826557850289100e+05 2.368845922049498360e-19 5.461104475577959037e-18 5.300041101896178926e-21 1.395410734311411704e-19 1.794089709825826614e-18 5.289668753652784775e-21
2.766825682915017242e+05 8.168642804743707345e-20 1.790256980358027731e-18 2.138720211887989583e-21 4.784285101258082579e-20 5.610976575429506135e-19 2.134528646031088583e-21
3.689621347227101214e+05 2.819293432617634745e-20 5.713941275387620824e-19 8.501203848834836390e-22 1.646831580609834321e-20 1.715854835086466310e-19 8.484568639462921784e-22
4.920189143094656756e+05 9.762562232693799037e-21 1.794130440558398245e-19 3.340911707035091163e-22 5.709705486778308889e-21 5.180006153032038532e-20 3.334400772469226325e-22
6.561177672614024486e+05 3.399587288975869016e-21 5.550818815759791009e-20 1.304885878675504460e-22 2.001235878594299914e-21 1.547031632100499596e-20 1.302355161895921455e-22
8.749471046662279405e+05 1.196385571823257623e-21 1.687545181342205030e-20 5.096685815935593900e-23 7.130561455957946199e-22 4.585226217343614675e-21 5.086861535435658613e-23
1.166760716081662104e+06 4.286380830654262889e-22 5.032702310405078455e-21 2.002729196533744423e-23 2.596826149187681727e-22 1.366585714757140050e-21 1.998893579084518058e-23
1.555900421101123560e+06 1.572010302967549623e-22 1.482744607147648867e-21 7.953102987379235970e-24 9.694704105362646084e-23 4.128005779055108782e-22 7.937983883875132451e-24
2.074826557850289159e+06 5.917470108019884201e-23 4.358663260491259644e-22 3.199370779324509253e-24 3.712618968693209896e-23 1.274820469670735026e-22 3.193343674376596210e-24
2.766825682915017474e+06 2.286624540735265750e-23 1.291765215194421352e-22 1.304962638050832101e-24 1.457047578825148235e-23 4.060720395810621577e-23 1.302532397914334444e-24
3.689621347227101214e+06 9.067542655104577767e-24 3.913963641450290545e-23 5.402037492375543285e-25 5.862427745569371643e-24 1.344166602572241356e-23 5.392118581007726534e-25
4.920189143094656989e+06 3.690952684729966894e-24 1.227678416475595375e-23 2.274565505877938149e-25 2.421668780647417016e-24 4.652783924703189943e-24 2.270451060492259156e-25
6.561177672614024952e+06 1.544538534476859448e-24 4.029508620438727120e-24 9.771667849302827432e-26 1.029227345581224079e-24 1.691039032770646456e-24 9.754233310502559596e-26
8.749471046662278473e+06 6.652521276081217878e-25 1.392765017747700999e-24 4.292662348869063887e-26 4.501865199189333303e-25 6.481797421762738006e-25 4.285079422051890165e-26
1.166760716081662104e+07 2.944712710384121811e-25 5.086846808977797364e-25 1.926960348858558527e-26 2.019353207423060678e-25 2.617909485721135795e-25 1.923573926755324850e-26
1.555900421101123467e+07 1.332736473761131561e-25 1.966786460216025590e-25 8.801938020489253428e-27 9.225012810642374818e-26 1.105595249799731431e-25 8.786481447758031535e-27
2.074826557850288972e+07 6.122849946901209437e-26 8.002868602101222318e-26 4.064914238006034476e-27 4.258586482614439038e-26 4.817610251635559596e-26 4.057757365828558894e-27
2.766825682915017009e+07 2.834874466538441941e-26 3.393301328569675530e-26 1.885698205978879007e-27 1.973385334861736134e-26 2.141718508606600483e-26 1.882362863296546899e-27
3.689621347227101028e+07 1.315311981173152375e-26 1.481311995482649143e-26 8.743065185327129681e-28 9.137234046231472133e-27 9.626218154537610258e-27 8.727509329550748835e-28
4.920189143094656616e+07 6.092205579526476537e-27 6.582236123529833319e-27 4.038281337683111018e-28 4.215043533423935243e-27 4.344980874292293261e-27 4.031044981221600802e-28
6.561177672614024580e+07 2.809510223804340193e-27 2.948887269862982817e-27 1.853726298287174615e-28 1.932857535421023336e-27 1.960781675174438530e-27 1.850376410888491308e-28
8.749471046662279963e+07 1.287315421657459567e-27 1.323738640207334727e-27 8.438719801759941170e-29 8.792309914611763589e-28 8.813312143645142267e-28 8.423322401218736404e-29
1.166760716081662029e+08 5.848978826302534237e-28 5.924881069053471053e-28 3.801175810394094914e-29 3.958890011559797624e-28 3.932572916249341373e-28 3.794164673088781816e-29
1.555900421101123393e+08 2.629686966790952402e-28 2.633851080019386519e-28 1.689896425358258082e-29 1.760146159420871641e-28 1.736504097679518751e-28 1.686742410827998822e-29
2.074826557850289047e+08 1.167165763373726693e-28 1.158952594842567778e-28 7.392365227027816223e-30 7.705591681044495683e-29 7.562683744489830209e-29 7.378394015533127125e-30
2.766825682915017605e+08 5.100408537908187134e-29 5.030800156996104723e-29 3.170585572519199272e-30 3.310932284438860132e-29 3.236737042671372771e-29 3.164516245777793479e-30
3.689621347227101326e+08 2.187862116423278490e-29 2.146854625662089747e-29 1.327561076113361577e-30 1.391285265716758867e-29 1.356053629736655227e-29 1.324987782659962804e-30
4.920189143094656467e+08 9.182146533208495758e-30 8.972843285013881544e-30 5.398969809562445707e-31 5.694872126004727672e-30 5.538371419372824582e-30 5.388381440988485500e-31
6.561177672614024878e+08 3.756923866374034027e-30 3.659005434763673773e-30 2.119930638449684751e-31 2.261102645632780078e-30 2.195425557744235704e-30 2.115730194371365281e-31
8.749471046662279367e+08 1.493065933934346205e-30 1.450062881860426950e-30 7.982793533827048546e-32 8.671074358138500936e-31 8.409772178586285802e-31 7.966848192815220969e-32
1.166760716081662178e+09 5.741363820941884718e-31 5.561938629715161569e-31 2.862351287820044505e-32 3.197803971686512763e-31 3.099227710790127310e-31 2.856601437948730705e-32
1.555900421101123333e+09 2.126828566492895568e-31 2.055476135336015794e-31 9.697190664487623363e-33 1.128349273352684238e-31 1.093200292099689214e-31 9.677660719277679349e-33
2.074826557850289106e+09 7.550982262501757796e-32 7.280240533797553565e-32 3.078568628675401995e-33 3.787218535150382685e-32 3.669358726559990086e-32 3.072374570283238272e-33
2.766825682915017128e+09 2.553909385141104657e-32 2.456111475022687741e-32 9.083766517207967145e-34 1.200749975993512301e-32 1.163876002137166566e-32 9.065581828218927283e-34
3.689621347227100849e+09 8.168621870688485028e-33 7.833635626185025690e-33 2.470580277167423232e-34 3.564014477330029983e-33 3.457533173892296628e-33 2.465683030822510663e-34
4.920189143094656944e+09 2.447948669594412600e-33 2.339942060921682254e-33 6.137125734487434881e-35 9.781865709983684467e-34 9.503584669201710651e-34 6.125156798483989820e-35
6.561177672614025116e+09 6.789758604227175124e-34 6.465404605874110628e-34 1.375903725023550462e-35 2.438553384393701038e-34 2.375067658138899629e-34 1.373287059903038162e-35
8.749471046662279129e+09 1.714126608685110690e-34 1.624724066141955810e-34 2.733593505568526003e-36 5.374306135045280258e-35 5.257166700298822782e-35 2.728587693535121642e-36
1.166760716081661987e+10 3.847517107329593979e-35 3.626269520196389042e-35 4.671739730488547313e-37 1.003795582455197849e-35 9.899194954044730262e-36 4.663660035036931785e-37
1.555900421101123428e+10 7.425078026666904539e-36 6.950971088419789706e-36 6.544534856793144197e-38 1.483497433152270883e-36 1.487584778768625727e-36 6.534221812542779299e-38
2.074826557850289154e+10 1.173194748255460060e-36 1.090975266817063499e-36 6.930951913374498930e-39 1.540292625817014160e-37 1.606308348909615370e-37 6.921728560504252012e-39
2.766825682915017319e+10 1.408962439736053680e-37 1.313149066005483301e-37 4.793704057506989591e-40 8.904998655735604216e-39 1.043676342513487826e-38 4.789187779550787085e-40
3.689621347227101135e+10 1.136521856015163599e-38 1.124919150346568344e-38 1.564517128042446061e-41 1.601437247263012764e-40 3.254590669717286306e-40 1.563868685774075838e-41
4.920189143094656372e+10 4.891344242082115305e-40 7.075611163315590874e-40 0.000000000000000000e+00 9.201542981066345634e-43 1.034289398517833802e-41 0.000000000000000000e+00
6.561177672614024353e+10 7.604356583586301487e-42 4.522264051032274990e-41 0.000000000000000000e+00 3.339805863404661020e-44 5.043768162968747371e-43 0.000000000000000000e+00
8.749471046662280273e+10 6.304443451438331684e-46 1.443537809664689097e-42 0.000000000000000000e+00 2.281472474931189033e-46 8.836478800789701087e-45 0.000000000000000000e+00
