1.166760716081661986e+00 8.060374869847486499e-04 1.500828863783029970e-03 6.647778686419296428e-13 6.957745771900564072e-04 1.502067382877262823e-03 6.684770236369058043e-13
1.555900421101123365e+00 5.449919042699443925e-04 1.025398471564048725e-03 7.157402363008305240e-13 4.680740338322172652e-04 1.024222910280223357e-03 7.176135273063362840e-13
2.074826557850288911e+00 3.596438364461181374e-04 6.797924167841556085e-04 7.456529524242479126e-13 3.062814169165840373e-04 6.795504095863056379e-04 7.469697825385095716e-13
2.766825682915017293e+00 2.300585653074510226e-04 4.357588761280373722e-04 7.464151042139889963e-13 1.938632769064998563e-04 4.362152090570993197e-04 7.465028730599296053e-13
3.689621347227101111e+00 1.421094784529782905e-04 2.693410057318263990e-04 7.460017699262836104e-13 1.182562535971164516e-04 2.699614701353013346e-04 7.464639975660429779e-13
4.920189143094656714e+00 8.465302507748547541e-05 1.601174299044283390e-04 7.460783974037575069e-13 6.938971638361927821e-05 1.607745199285397046e-04 7.461442775736312467e-13
6.561177672614024736e+00 4.853948653126989983e-05 9.138020503333691628e-05 7.457686209582444453e-13 3.910558652467596052e-05 9.199355576687478033e-05 7.458596189830252165e-13
8.749471046662279150e+00 2.672332708224496722e-05 4.994226470889813599e-05 7.449880243585947524e-13 2.113884683790912927e-05 5.048171116159867186e-05 7.457049553500632149e-13
1.166760716081661897e+01 1.409766901161039149e-05 2.611022124913655421e-05 7.400084289594696324e-13 1.096252914703209369e-05 2.654775439169294537e-05 7.409969082817482476e-13
1.555900421101123499e+01 7.131929209040148337e-06 1.313102979963477870e-05 7.311411230709066639e-13 5.472058948575344840e-06 1.341016520614903729e-05 7.320921942688033159e-13
2.074826557850288822e+01 3.482264752637850678e-06 6.431602026772758227e-06 6.962059651801008395e-13 2.649863350192182103e-06 6.555130340588964538e-06 6.970350048312931324e-13
2.766825682915017381e+01 1.660863829254168783e-06 3.102071022866612152e-06 6.089185833091662546e-13 1.258990646655372566e-06 3.134590074673272413e-06 6.095838301071113502e-13
3.689621347227100756e+01 7.827701571924218522e-07 1.483963466199175067e-06 5.106827716075553884e-13 5.928417634935086552e-07 1.481040387391901770e-06 5.111413277258796396e-13
4.920189143094656714e+01 3.666107961614042465e-07 7.042162044419090361e-07 4.179796369424381558e-13 2.779151533629615422e-07 6.954807382967793360e-07 4.182443822643020521e-13
6.561177672614024914e+01 1.705957371349191400e-07 3.319341870111341187e-07 3.349753077088826732e-13 1.295829497383994663e-07 3.250498862231969129e-07 3.350947936389409856e-13
8.749471046662279150e+01 7.863607806562175527e-08 1.556360018529125819e-07 2.607052079075385461e-13 5.990605436991796702e-08 1.510251966911905982e-07 2.607212099080840938e-13
1.166760716081661968e+02 3.578878241716663858e-08 7.241901376634844237e-08 1.939363412605013344e-13 2.736078076742593079e-08 6.962730022073422681e-08 1.939027242981178325e-13
1.555900421101123356e+02 1.602232239779614568e-08 3.339030201207612246e-08 1.384588183267186169e-13 1.229769047093151102e-08 3.177940292485270166e-08 1.384071035430189909e-13
2.074826557850288964e+02 7.029282040461010437e-09 1.522756518934606870e-08 9.537088663664505000e-14 5.416366241078070885e-09 1.432497186725906990e-08 9.531429802138048671e-14
2.766825682915017524e+02 3.011893232041059211e-09 6.858006206881407754e-09 6.351187215779080090e-14 2.328832747771444900e-09 6.362858598409479805e-09 6.346168014759846500e-14
3.689621347227101182e+02 1.257063909684179387e-09 3.049635172186990698e-09 4.093581438901133450e-14 9.748595531363983363e-10 2.779880948031062828e-09 4.089518379811131291e-14
4.920189143094656856e+02 5.103295625955931272e-10 1.339251913926871349e-09 2.556119483165086642e-14 3.967110656488431675e-10 1.193546874967040281e-09 2.553086320441348615e-14
6.561177672614023777e+02 2.014365163698855301e-10 5.809683471078625622e-10 1.547287049099041647e-14 1.568465098945327609e-10 5.037613621831920439e-10 1.545192865731359380e-14
8.749471046662279150e+02 7.733776008390094310e-11 2.490987772454472445e-10 9.069810192958383523e-15 6.025885825149350587e-11 2.090999576545840801e-10 9.056423965946204560e-15
1.166760716081661940e+03 2.891876366591531440e-11 1.057106146238141569e-10 5.127557123427045833e-15 2.251903745459914226e-11 8.546454085529534911e-11 5.119443066412197946e-15
1.555900421101123356e+03 1.055540832098198148e-11 4.446801132495443158e-11 2.782777747074915044e-15 8.202303683310123811e-12 3.444606164870130148e-11 2.778197180579198417e-15
2.074826557850288737e+03 3.773107086032296644e-12 1.855484992067139677e-11 1.449123540793712125e-15 2.921803255546693715e-12 1.371869344351122445e-11 1.446683040177580988e-15
2.766825682915017296e+03 1.326707466494756947e-12 7.701582945511730186e-12 7.287584959382010584e-16 1.022328864451691757e-12 5.407323797459810934e-12 7.275170321792672785e-16
3.689621347227101069e+03 4.616948254890646636e-13 3.187317902469599209e-12 3.580853926566920413e-16 3.532607953348407993e-13 2.114718216282259398e-12 3.574675037845024828e-16
4.920189143094656174e+03 1.601457251734556044e-13 1.317534987845566002e-12 1.737427564183247594e-16 1.213090630857505066e-13 8.235309037494152811e-13 1.734397349871255065e-16
6.561177672614025141e+03 5.570732286825851780e-14 5.443736284874851513e-13 8.361166647733265383e-17 4.163504103421053996e-14 3.203659295033712315e-13 8.346464214520752183e-17
8.749471046662278241e+03 1.952205251378993363e-14 2.246221549771906391e-13 3.991725355056123834e-17 1.434073109860128929e-14 1.245470435629981564e-13 3.984652584885828211e-17
1.166760716081662031e+04 6.907220614868092338e-15 9.246258316938418834e-14 1.889181667279079722e-17 4.968674143325665190e-15 4.831634985724627621e-14 1.885805593159530377e-17
1.555900421101123356e+04 2.465120311697604661e-15 3.786735486677115308e-14 8.856082050779557073e-18 1.731733143206190121e-15 1.867766129072257020e-14 8.840135939242816509e-18
2.074826557850289100e+04 8.848937953102860865e-16 1.533569012251308730e-14 4.108212429572062516e-18 6.061445583698773071e-16 7.168798013770426583e-15 4.100729610672149383e-18
2.766825682915017387e+04 3.184029777540701704e-16 6.103541617841467002e-15 1.883899297097531746e-18 2.125114192703676261e-16 2.716718205636371355e-15 1.880421433167368926e-18
3.689621347227100341e+04 1.143891137703352395e-16 2.382973719840908318e-15 8.530480996406166590e-19 7.444921559487940483e-17 1.012819247847527244e-15 8.514536734509312894e-19
4.920189143094656174e+04 4.091968670387273242e-17 9.081540976624055823e-16 3.809744339681210879e-19 2.601692418997676464e-17 3.693976063890301124e-16 3.802549298708031723e-19
6.561177672614024777e+04 1.455808818357894826e-17 3.370788200811660091e-16 1.676138048588798072e-19 9.068465166332341139e-18 1.312524432804703508e-16 1.672939974758613461e-19
8.749471046662278241e+04 5.144493454012446753e-18 1.218587429518767599e-16 7.256199149339135391e-20 3.149993371616530658e-18 4.546189123102624510e-17 7.242237023981630183e-20
1.166760716081661958e+05 1.807433617373592118e-18 4.284218560314356500e-17 3.087768412015900674e-20 1.091005037137998199e-18 1.534112143154060172e-17 3.081783259954269171e-20
1.555900421101123211e+05 6.321064387245771595e-19 1.466877069935005942e-17 1.290634998067069829e-20 3.770228528196908058e-19 5.037981835894186488e-18 1.288118472816112306e-20
2.074826557850289100e+05 2.201059921873602617e-19 4.912012077492417563e-18 5.298245997407502404e-21 1.301573355212455884e-19 1.612555312861685164e-18 5.287877133786383504e-21
2.766825682915017242e+05 7.642785516993257379e-20 1.605639418190907812e-18 2.137927001724598165e-21 4.498341127496611781e-20 5.034474286795515122e-19 2.133736989055037145e-21
3.689621347227101214e+05 2.657259693004252358e-20 5.114937854468738066e-19 8.497823136012271345e-22 1.560884776974964301e-20 1.538509825945173248e-19 8.481194592418867347e-22
4.920189143094656756e+05 9.271046212639924627e-21 1.604354599783931371e-19 3.339516467019776500e-22 5.454174922282288021e-21 4.646134313427302311e-20 3.333008278169417917e-22
6.561177672614024486e+05 3.253119618404272530e-21 4.962106728092447426e-20 1.304323147376363560e-22 1.926013236383801591e-21 1.389468884222650921e-20 1.301793532697436412e-22
8.749471046662279405e+05 1.153500923633944052e-21 1.509205356275819304e-20 5.094442431864871936e-23 6.910299064218901422e-22 4.128549428993776212e-21 5.084622497439863722e-23
1.166760716081662104e+06 4.162178774506420690e-22 4.506504865649477838e-21 2.001834520665680608e-23 2.532200248839838952e-22 1.235116649106626803e-21 1.998000605377127278e-23
1.555900421101123560e+06 1.536148180560837099e-22 1.330694279356656145e-21 7.949480235905574038e-24 9.503373569192228279e-23 3.750213854928422282e-22 7.934367831999141796e-24
2.074826557850289159e+06 5.813330470844877012e-23 3.925181371979989285e-22 3.197855283774745893e-24 3.655055285549540353e-23 1.165877530287277886e-22 3.191830867421352978e-24
2.766825682915017474e+06 2.255964167620556999e-23 1.169006369688560441e-22 1.304296144822430572e-24 1.439393738205236713e-23 3.743769172296000113e-23 1.301867022486935959e-24
3.689621347227101214e+06 8.975210642267442098e-24 3.565225586564245960e-23 5.398915263280549955e-25 5.806900198561382413e-24 1.250760299417665480e-23 5.389001241625373894e-25
4.920189143094656989e+06 3.662363012296541646e-24 1.127541566821977493e-23 2.273000411011451903e-25 2.403706569088237857e-24 4.373291567542767066e-24 2.268888245649002189e-25
6.561177672614024952e+06 1.535381918823469234e-24 3.737335962972699446e-24 9.763314253858873094e-26 1.023202541247912620e-24 1.606187123200747379e-24 9.745891116294972514e-26
8.749471046662278473e+06 6.621732727302625121e-25 1.306147169432196702e-24 4.287969118018836689e-26 4.480511120403765018e-25 6.219003153522087129e-25 4.280392296195066727e-26
1.166760716081662104e+07 2.933571834417073826e-25 4.826420707534871472e-25 1.924223526950574330e-26 2.011165073694015659e-25 2.534176974685986449e-25 1.920840570814296353e-26
1.555900421101123467e+07 1.328291083616901707e-25 1.886948972039740209e-25 8.785596117575434906e-27 9.190465613262067381e-26 1.077864824810827830e-25 8.770160099940429896e-27
2.074826557850288972e+07 6.103020796049504818e-26 7.751727290255522147e-26 4.055035762255891956e-27 4.242471256892455356e-26 4.721901281767026282e-26 4.047891431635662022e-27
2.766825682915017009e+07 2.825088824222724617e-26 3.311121247903780728e-26 1.879705102402002027e-27 1.965197419271813303e-26 2.106960126197086188e-26 1.876377528986817253e-27
3.689621347227101028e+07 1.310114766719493316e-26 1.452874457978933588e-26 8.706793979097559555e-28 9.093068909288580770e-27 9.492151281477783596e-27 8.691286544773562783e-28
4.920189143094656616e+07 6.063355465882398684e-27 6.476764344320593899e-27 4.016474170486605273e-28 4.190368061687580102e-27 4.289792662573692742e-27 4.009267988636237394e-28
6.561177672614024580e+07 2.793146103097406819e-27 2.906841503371829101e-27 1.840745048953361575e-28 1.918851596637415513e-27 1.936441419699453730e-27 1.837413870076826779e-28
8.749471046662279963e+07 1.277982000067119604e-27 1.305709192586821308e-27 8.362440964497540747e-29 8.712675269775715092e-28 8.699091711082157203e-28 8.347158430951439526e-29
1.166760716081662029e+08 5.796035834707711961e-28 5.842526476995525387e-28 3.757064472551431537e-29 3.913992549903567800e-28 3.876396454386772118e-28 3.750122843576941600e-29
1.555900421101123393e+08 2.600056787406121894e-28 2.594414717227159429e-28 1.664873348966571815e-29 1.735241227861241978e-28 1.708077545964810836e-28 1.661760586146462442e-29
2.074826557850289047e+08 1.150907125543191099e-28 1.139511572942445974e-28 7.253622800586838371e-30 7.570548463929248594e-29 7.417479217581925124e-29 7.239890488674606154e-30
2.766825682915017605e+08 5.013410839021262387e-29 4.933934306862763330e-29 3.095702373043914736e-30 3.239773502196200072e-29 3.163091166761894148e-29 3.089767333053518240e-30
3.689621347227101326e+08 2.142690113062741140e-29 2.098841942379941289e-29 1.288405216656974882e-30 1.355051350769123619e-29 1.319456337858482353e-29 1.285904772406787728e-30
4.920189143094656467e+08 8.955587825807320544e-30 8.739241770381529487e-30 5.201714714203766671e-31 5.517556150119997333e-30 5.362047251109864650e-30 5.191505351158919933e-31
6.561177672614024878e+08 3.647628525489332934e-30 3.548527427893503295e-30 2.024825723704697554e-31 2.178152061759672847e-30 2.113767697306552945e-30 2.020812992761248042e-31
8.749471046662279367e+08 1.442544979135589044e-30 1.399663419458554310e-30 7.547353790127895564e-32 8.301947196981087039e-31 8.048789722658892809e-31 7.532286117777144127e-32
1.166760716081662178e+09 5.518405803067688125e-31 5.341518676514807326e-31 2.674708815139057041e-32 3.042294397228737354e-31 2.947796640915772337e-31 2.669342882641511164e-32
1.555900421101123333e+09 2.033254977036735372e-31 1.963558094826138944e-31 8.943760490398840076e-33 1.066635732513098077e-31 1.033262763533209355e-31 8.925785560742142029e-33
2.074826557850289106e+09 7.179216788650225381e-32 6.916822502213824650e-32 2.799638180466435260e-33 3.557789454729823670e-32 3.446846033872692945e-32 2.794021109795585717e-33
2.766825682915017128e+09 2.414877808773757731e-32 2.320750392897319569e-32 8.141212359333200030e-34 1.121366341111981529e-32 1.086919002546273802e-32 8.124968846793307833e-34
3.689621347227100849e+09 7.682682985719209140e-33 7.362325428735789388e-33 2.182555103060519115e-34 3.310483063444715453e-33 3.211659496286732179e-33 2.178244353735844096e-34
4.920189143094656944e+09 2.290661203125173115e-33 2.187988726465848389e-33 5.348467747042029469e-35 9.042887103442973953e-34 8.786034746205932894e-34 5.338074539655017588e-35
6.561177672614025116e+09 6.323915081856756959e-34 6.017293577120779507e-34 1.184514562152642090e-35 2.245204074405270266e-34 2.186867441049025871e-34 1.182269689166340099e-35
8.749471046662279129e+09 1.589911207652341303e-34 1.505819950594645081e-34 2.328668134389459837e-36 4.931612113182765955e-35 4.824347241886965070e-35 2.324417858188485530e-36
1.166760716081661987e+10 3.555986049905763120e-35 3.348766381247029049e-35 3.944885827643433269e-37 9.186224340211963035e-36 9.059469750386155309e-36 3.938084292089820952e-37
1.555900421101123428e+10 6.841990436468041584e-36 6.399329551296755346e-36 5.486931024980950717e-38 1.354718792254835062e-36 1.358418864787622447e-36 5.478309214440968284e-38
2.074826557850289154e+10 1.078403070099055702e-36 1.001728497166260459e-36 5.777938867213391114e-39 1.404234694956184749e-37 1.464190437671678166e-37 5.770269581669388649e-39
2.766825682915017319e+10 1.292461750381115765e-37 1.202679939268694799e-37 3.978423499960487596e-40 8.107995584499787164e-39 9.496495844648115618e-39 3.974683095340179549e-40
3.689621347227101135e+10 1.040680330708026006e-38 1.027091687751941354e-38 1.293831639636549971e-41 1.456737784363866596e-40 2.950243113906937444e-40 1.293295531661096249e-41
4.920189143094656372e+10 4.471691247016792213e-40 6.428544626337022542e-40 0.000000000000000000e+00 8.306957412967800077e-43 9.290476161683363824e-42 0.000000000000000000e+00
6.561177672614024353e+10 6.940260523876092755e-42 4.091512665910726068e-41 0.000000000000000000e+00 3.016377253654524358e-44 4.517098111754089653e-43 0.000000000000000000e+00
8.749471046662280273e+10 5.699494566384921454e-46 1.305146418319535805e-42 0.000000000000000000e+00 2.061510571206539192e-46 7.869130645413148042e-45 0.000000000000000000e+00
