1.166760716081661986e+00 9.514295983419771485e-04 1.768419213377725452e-03 6.651424912883405438e-13 8.171295881036453072e-04 1.769522243092187808e-03 6.688437656254690840e-13
1.555900421101123365e+00 6.426438386679984719e-04 1.206529685579745340e-03 7.161328252029720823e-13 5.485633593632762914e-04 1.204880407917086147e-03 7.180070947385952616e-13
2.074826557850288911e+00 4.234755519213531639e-04 7.982928088451738151e-04 7.460619656824974106e-13 3.579977233468108699e-04 7.978820927350582142e-04 7.473794941531628048e-13
2.766825682915017293e+00 2.703385192613625451e-04 5.103663121293066122e-04 7.468245965634461083e-13 2.258290181366570887e-04 5.108773971979184035e-04 7.469123082250291326e-13
3.689621347227101111e+00 1.665286371138491339e-04 3.143712178615864399e-04 7.464109958674513191e-13 1.371663446568018583e-04 3.151356386235353176e-04 7.468734284879449688e-13
4.920189143094656714e+00 9.883816057903480154e-05 1.860578590344758748e-04 7.464876597313512100e-13 8.005950966188670967e-05 1.869016599493386447e-04 7.465535228419472750e-13
6.561177672614024736e+00 5.640239936802846792e-05 1.055802768461402665e-04 7.461776651691741290e-13 4.482424773227024092e-05 1.063837979408921544e-04 7.462687453729227998e-13
8.749471046662279150e+00 3.085611932535460079e-05 5.727894708525665116e-05 7.453966402432764572e-13 2.403475839787891146e-05 5.798828267886314028e-05 7.461140061960214454e-13
1.166760716081661897e+01 1.614183301846183402e-05 2.966139737698184089e-05 7.404140206478604682e-13 1.234051239880999572e-05 3.023388424724636085e-05 7.414030795626901000e-13
1.555900421101123499e+01 8.077274474876901117e-06 1.474204787772190541e-05 7.315414471832034958e-13 6.085844549829053783e-06 1.510643648217182137e-05 7.324930529706444701e-13
2.074826557850288822e+01 3.890738865385365821e-06 7.124667931513306602e-06 6.965852426084607091e-13 2.906040086312443497e-06 7.287154935745233969e-06 6.974147362043811727e-13
2.766825682915017381e+01 1.827143629089767728e-06 3.387995406291795718e-06 6.092456289201095465e-13 1.359917218241020562e-06 3.432809178314400870e-06 6.099112276178867628e-13
3.689621347227100756e+01 8.472766309846582833e-07 1.598007696989824022e-06 5.109529616646221533e-13 6.307466367642099926e-07 1.596761237533300414e-06 5.114117460535048785e-13
4.920189143094656714e+01 3.905778906897422805e-07 7.478332167114310851e-07 4.181978717375811458e-13 2.915275424463971045e-07 7.384665095386540427e-07 4.184627402881706136e-13
6.561177672614024914e+01 1.790654674567751651e-07 3.478231704580365189e-07 3.351481627972817552e-13 1.342060737969016771e-07 3.402845653572025451e-07 3.352676940088638864e-13
8.749471046662279150e+01 8.142231650085744492e-08 1.611418717503823685e-07 2.608380295169662971e-13 6.134940771944726922e-08 1.561009729907945624e-07 2.608540241620333191e-13
1.166760716081661968e+02 3.660977524502994179e-08 7.419590279979444917e-08 1.940334142275029018e-13 2.775128287548702929e-08 7.117234112230886080e-08 1.939997678685952589e-13
1.555900421101123356e+02 1.622056747316413961e-08 3.390773474274914545e-08 1.385266390596895297e-13 1.237449425804834003e-08 3.218439423711502710e-08 1.384748892642891400e-13
2.074826557850288964e+02 7.056438991340358433e-09 1.535392637498700398e-08 9.541646728656633048e-14 5.416092841269516576e-09 1.440139812417651621e-08 9.535984437833084905e-14
2.766825682915017524e+02 3.004067372766090745e-09 6.877612901518762632e-09 6.354140044404826394e-14 2.317672802877152529e-09 6.362163512164458696e-09 6.349117977478149108e-14
3.689621347227101182e+02 1.247985622347660255e-09 3.046617139134484994e-09 4.095426275587612637e-14 9.668101957728441875e-10 2.769250270822234372e-09 4.091361004403031503e-14
4.920189143094656856e+02 5.050303967983631997e-10 1.334484358647587731e-09 2.557231315574901655e-14 3.924337849901661308e-10 1.186144977277053003e-09 2.554196570744042598e-14
6.561177672614023777e+02 1.989064897708502304e-10 5.779268287644255658e-10 1.547933184743959050e-14 1.548534620626648335e-10 4.998799574481405333e-10 1.545837957107189574e-14
8.749471046662279150e+02 7.624056626877564483e-11 2.475275256547759683e-10 9.073419109627833558e-15 5.939693750845646382e-11 2.072724635626260533e-10 9.060026533370043423e-15
1.166760716081661940e+03 2.846933941878417270e-11 1.049737585673184095e-10 5.129477337721150021e-15 2.216522785645162349e-11 8.464776677842437977e-11 5.121359671904513868e-15
1.555900421101123356e+03 1.037910509618371923e-11 4.413848231766339677e-11 2.783739139208142119e-15 8.063285604230153943e-12 3.409291285514316510e-11 2.779156698345190489e-15
2.074826557850288737e+03 3.706583500458591421e-12 1.841138815401448453e-11 1.449572393604370132e-15 2.869302915543822672e-12 1.357029085642020232e-11 1.447130997987147766e-15
2.766825682915017296e+03 1.302486288195449792e-12 7.640629432693467532e-12 7.289539027343321472e-16 1.003202078559421378e-12 5.346687035040110682e-12 7.277120448212580939e-16
3.689621347227101069e+03 4.531444107373543485e-13 3.161973685524938079e-12 3.581656084652210278e-16 3.465085054361013320e-13 2.090591509326353100e-12 3.575475558093064132e-16
4.920189143094656174e+03 1.571987960084680659e-13 1.307155339990627688e-12 1.737742966121756086e-16 1.189848678342645101e-13 8.141387986859712079e-13 1.734712098934098202e-16
6.561177672614025141e+03 5.470719544372930011e-14 5.401413794679977466e-13 8.362362822720034803e-17 4.084862500190195529e-14 3.167631967569517067e-13 8.347657879454018600e-17
8.749471046662278241e+03 1.918453539408122788e-14 2.228825313237078839e-13 3.992160839928636701e-17 1.407686438328876401e-14 1.231728189656423665e-13 3.985087142249157992e-17
1.166760716081662031e+04 6.792888350135460952e-15 9.173371789653905301e-14 1.889331880787956964e-17 4.880218252609994985e-15 4.779005470279984754e-14 1.885955480115350158e-17
1.555900421101123356e+04 2.425986728148185313e-15 3.755466336769488505e-14 8.856560680566217860e-18 1.701963820464585088e-15 1.847374353854709221e-14 8.840613495797324393e-18
2.074826557850289100e+04 8.713279743714503925e-16 1.519924568094183780e-14 4.108345317855646268e-18 5.960732447625629729e-16 7.088724379632823648e-15 4.100862181279902776e-18
2.766825682915017387e+04 3.136522140575149654e-16 6.043829317118849194e-15 1.883925692975413558e-18 2.090936578346982931e-16 2.685046058777746048e-15 1.880447753851340868e-18
3.689621347227100341e+04 1.127191484085345717e-16 2.357150997637789024e-15 8.530469048666763357e-19 7.329093446036365730e-17 1.000318537428165260e-15 8.514524717458057930e-19
4.920189143094656174e+04 4.033492622702639300e-17 8.972828447316499699e-16 3.809689777268421572e-19 2.562691184522925047e-17 3.645429775806839139e-16 3.802494808562594462e-19
6.561177672614024777e+04 1.435548930189750097e-17 3.326641015972906562e-16 1.676095938682504511e-19 8.938537788850782043e-18 1.294174558394097861e-16 1.672897935348644065e-19
8.749471046662278241e+04 5.075461368056129551e-18 1.201367914830959745e-16 7.255951021740093933e-20 3.107368024718555052e-18 4.479049338390252236e-17 7.241989343598611473e-20
1.166760716081661958e+05 1.784363351831454006e-18 4.219843123447987594e-17 3.087639149540418626e-20 1.077265156231438613e-18 1.510413870775292897e-17 3.081654239415210536e-20
1.555900421101123211e+05 6.245536295449039912e-19 1.443760166530563260e-17 1.290572537710338948e-20 3.726778048081691294e-19 4.957426173180326955e-18 1.288056132170068008e-20
2.074826557850289100e+05 2.176874594774199122e-19 4.831834013129406029e-18 5.297960001339837189e-21 1.288092222005667379e-19 1.586146771330271634e-18 5.287591694588955260e-21
2.766825682915017242e+05 7.567002527098201544e-20 1.578782949085519574e-18 2.137801745285740824e-21 4.457226112744950181e-20 4.950865684148794338e-19 2.133611978367938746e-21
3.689621347227101214e+05 2.633907288961031220e-20 5.028044970427960580e-19 8.497293239395525716e-22 1.548513073844609411e-20 1.512849138469965055e-19 8.480665741879743021e-22
4.920189143094656756e+05 9.200186487805903901e-21 1.576880554987161900e-19 3.339299158545714602e-22 5.417341186227231781e-21 4.569013548670475558e-20 3.332791397442903319e-22
6.561177672614024486e+05 3.231991191829563304e-21 4.876998257846568643e-20 1.304235937987597510e-22 1.915151252953128167e-21 1.366733920025065717e-20 1.301706493973680028e-22
8.749471046662279405e+05 1.147308990917550576e-21 1.483447386293182758e-20 5.094095806068936395e-23 6.878426437633350785e-22 4.062703756760892126e-21 5.084276541792264292e-23
1.166760716081662104e+06 4.144223639801479719e-22 4.430549035899645445e-21 2.001696329186125849e-23 2.522826159938949621e-22 1.216168795697659684e-21 1.997862675853603936e-23
1.555900421101123560e+06 1.530955943281135250e-22 1.308752868238519044e-21 7.948918961657981669e-24 9.475549893649803882e-23 3.695775300889149140e-22 7.933807589801996759e-24
2.074826557850289159e+06 5.798226258765665272e-23 3.862635293346625514e-22 3.197618899432754882e-24 3.646663197916951705e-23 1.150179783927463808e-22 3.191594899063986826e-24
2.766825682915017474e+06 2.251508297614048293e-23 1.151293062555929025e-22 1.304191147320401651e-24 1.436813717866080614e-23 3.698095671449121917e-23 1.301762199287444843e-24
3.689621347227101214e+06 8.961758930228060954e-24 3.514896655683498083e-23 5.398417633425218204e-25 5.798763534013379115e-24 1.237297945367983398e-23 5.388504382311390267e-25
4.920189143094656989e+06 3.658183228972677967e-24 1.113085849634621760e-23 2.272748114081607395e-25 2.401064740061219489e-24 4.332997020001119107e-24 2.268636312296755734e-25
6.561177672614024952e+06 1.534035562324613550e-24 3.695138952017457500e-24 9.761954813870917000e-26 1.022310930845458811e-24 1.593946982428178787e-24 9.744533515378363089e-26
8.749471046662278473e+06 6.617162084371380502e-25 1.293628788346553980e-24 4.287200019755923658e-26 4.477318180586405554e-25 6.181052181973958947e-25 4.279624192383229954e-26
1.166760716081662104e+07 2.931893278962824994e-25 4.788740814671298284e-25 1.923772971139350172e-26 2.009921936365636383e-25 2.522058768796874282e-25 1.920390583807897715e-26
1.555900421101123467e+07 1.327608182445321145e-25 1.875375483641418622e-25 8.782898515306993590e-27 9.185120749178446246e-26 1.073835774102100459e-25 8.767465888533775072e-27
2.074826557850288972e+07 6.099911517603106609e-26 7.715198576594277964e-26 4.053402928274392932e-27 4.239930603706893522e-26 4.707903409598623293e-26 4.046260673453637675e-27
2.766825682915017009e+07 2.823527427428993945e-26 3.299099654561107451e-26 1.878714143637551407e-27 1.963886472367140365e-26 2.101825101318622571e-26 1.875387858621109913e-27
3.689621347227101028e+07 1.309275206950632856e-26 1.448677072976395846e-26 8.700798783132617128e-28 9.085921706707588368e-27 9.472070903666661408e-27 8.685299385639137204e-28
4.920189143094656616e+07 6.058660011423962945e-27 6.461000993287936465e-27 4.012873145056581918e-28 4.186349586847974444e-27 4.281388985326024258e-27 4.005671971449545628e-28
6.561177672614024580e+07 2.790472846731365023e-27 2.900460850229715824e-27 1.838604599523450591e-28 1.916564050559215701e-27 1.932671609162609639e-27 1.835276523263529008e-28
8.749471046662279963e+07 1.276455643230733580e-27 1.302929087032537453e-27 8.349888313016104173e-29 8.699662943799094364e-28 8.681137463389990326e-28 8.334624797965923121e-29
1.166760716081662029e+08 5.787384408974711245e-28 5.829644950385588253e-28 3.749823506366880461e-29 3.906665991475845148e-28 3.867469620131867179e-28 3.742893357575930170e-29
1.555900421101123393e+08 2.595225118227303621e-28 2.588178889778065809e-28 1.660778347725375979e-29 1.731187921375890052e-28 1.703531228143550080e-28 1.657672375670707203e-29
2.074826557850289047e+08 1.148264178379739203e-28 1.136416478083927172e-28 7.231001710222095698e-30 7.548651829384148307e-29 7.394198411735164304e-29 7.217308562423981629e-30
2.766825682915017605e+08 4.999324437327749215e-29 4.918465339240498974e-29 3.083547001500883160e-30 3.228288846220025550e-29 3.151290412267453430e-29 3.077633865483180941e-30
3.689621347227101326e+08 2.135409591689386525e-29 2.091173938337174270e-29 1.282082473206477226e-30 1.349235083011431881e-29 1.313608891213799786e-29 1.279593840930938485e-30
4.920189143094656467e+08 8.919259215682859079e-30 8.702010548296571124e-30 5.170059029003219255e-31 5.489266868748435723e-30 5.334000913562738730e-30 5.159910689027200272e-31
6.561177672614024878e+08 3.630199086359874166e-30 3.530981489657993244e-30 2.009674071565518325e-31 2.165005707836589606e-30 2.100851863076187317e-30 2.005691316954312088e-31
8.749471046662279367e+08 1.434534276574337668e-30 1.391694614417159755e-30 7.478574253297973662e-32 8.243855431163202960e-31 7.992053828851667626e-31 7.463645407858024557e-32
1.166760716081662178e+09 5.483258167117630530e-31 5.306841318842155769e-31 2.645364628534062959e-32 3.017996574973196206e-31 2.924156109091381859e-31 2.640058761689790466e-32
1.555900421101123333e+09 2.018589793791871193e-31 1.949174132154404334e-31 8.827271173745623529e-33 1.057062660723292341e-31 1.023970129114155659e-31 8.809536552554431827e-33
2.074826557850289106e+09 7.121292146496909088e-32 6.860266837920609790e-32 2.757050185459765618e-33 3.522452068736795490e-32 3.412584634202585013e-32 2.751521090876660538e-33
2.766825682915017128e+09 2.393341306740636362e-32 2.299804414527560333e-32 7.999192325402904367e-34 1.109222513920682822e-32 1.075148311828347330e-32 7.983240679010754924e-34
3.689621347227100849e+09 7.607842161542912338e-33 7.289808560515901136e-33 2.139729400314891965e-34 3.271944838878998741e-33 3.174287656707500459e-33 2.135505621583700770e-34
4.920189143094656944e+09 2.266572455243860298e-33 2.164739316553321413e-33 5.232682618325419160e-35 8.931203081064516001e-34 8.677589406908854761e-34 5.222520053836033010e-35
6.561177672614025116e+09 6.252949557823247237e-34 5.949096267867196330e-34 1.156739084393945861e-35 2.216129576319889545e-34 2.158566299103070035e-34 1.154548000223960600e-35
8.749471046662279129e+09 1.571081090865267404e-34 1.487813325037156059e-34 2.270493463000427624e-36 4.865327499977409917e-35 4.759538298160560545e-35 2.266351398325324472e-36
1.166760716081661987e+10 3.511985128060991823e-35 3.306928043302862986e-35 3.841346901158924532e-37 9.059146355848435850e-36 8.934178911609202902e-36 3.834726896287252716e-37
1.555900421101123428e+10 6.754318634726157653e-36 6.316485859302581914e-36 5.337329377552604661e-38 1.335560399201110488e-36 1.339203066776510105e-36 5.328946128233501365e-38
2.074826557850289154e+10 1.064196674120861886e-36 9.883726056245210429e-37 5.615757987498700797e-39 1.384039999089507553e-37 1.443099342338056447e-37 5.608306733947293370e-39
2.766825682915017319e+10 1.275050724580976897e-37 1.186204209433949721e-37 3.864259398433283265e-40 7.989910688501311629e-39 9.357277017908571588e-39 3.860627410466696685e-40
3.689621347227101135e+10 1.026392473611905841e-38 1.012560449069318393e-38 1.256063307161513845e-41 1.435324865806577080e-40 2.905364885314661775e-40 1.255542868874957070e-41
4.920189143094656372e+10 4.409268358769070972e-40 6.332993039783190421e-40 0.000000000000000000e+00 8.175688346507945929e-43 9.136536033136519058e-42 0.000000000000000000e+00
6.561177672614024353e+10 6.841702375758326514e-42 4.028196885761269783e-41 0.000000000000000000e+00 2.968904941988515452e-44 4.440161765023266722e-43 0.000000000000000000e+00
8.749471046662280273e+10 5.610652227216472500e-46 1.284821217241763782e-42 0.000000000000000000e+00 2.029216134190076702e-46 7.728127505827170601e-45 0.000000000000000000e+00
