1.166760716081661986e+00 9.513896925710739168e-04 1.768309548600122171e-03 6.642303971517477687e-13 8.170895464002736691e-04 1.769414505095974564e-03 6.679263711650039688e-13
1.555900421101123365e+00 6.426248349350611446e-04 1.206463354839419416e-03 7.151507745883663517e-13 5.485430315370951699e-04 1.204815165271829131e-03 7.170225951510688594e-13
2.074826557850288911e+00 4.234697143846201384e-04 7.982557610023543332e-04 7.450388298301404960e-13 3.579897631217334114e-04 7.978460998182564752e-04 7.463546110615407730e-13
2.766825682915017293e+00 2.703396663678665139e-04 5.103477984919239192e-04 7.458002635814775240e-13 2.258278269371832847e-04 5.108599438470925059e-04 7.458881160503801424e-13
3.689621347227101111e+00 1.665326249425564688e-04 3.143633883795895144e-04 7.453873283558779936e-13 1.371681542090129758e-04 3.151287302141777755e-04 7.458492474996011998e-13
4.920189143094656714e+00 9.884270283752179752e-05 1.860555519247622069e-04 7.454639009358253797e-13 8.006216865641822464e-05 1.869001158128531662e-04 7.455298060498560617e-13
6.561177672614024736e+00 5.640640986403556208e-05 1.055803845604484561e-04 7.451544509376063512e-13 4.482670433137966507e-05 1.063845539807851715e-04 7.452453267571477133e-13
8.749471046662279150e+00 3.085920225146696831e-05 5.727977981382750329e-05 7.443744975866446842e-13 2.403662120844754111e-05 5.798968314948539600e-05 7.450907765491788810e-13
1.166760716081661897e+01 1.614397555768646355e-05 2.966218789843823143e-05 7.393994355770590645e-13 1.234175546523078584e-05 3.023516458710105291e-05 7.403870451342546943e-13
1.555900421101123499e+01 8.078658287442390306e-06 1.474258221906500478e-05 7.305400301879819361e-13 6.086611515775300945e-06 1.510735675959902332e-05 7.314902987664027098e-13
2.074826557850288822e+01 3.891617602182552798e-06 7.124998724056993881e-06 6.956364272732922609e-13 2.906516969308623309e-06 7.287756210206130650e-06 6.964647851577269028e-13
2.766825682915017381e+01 1.827746761569727061e-06 3.388237515671770233e-06 6.084273701618732681e-13 1.360256938494999055e-06 3.433230990500564692e-06 6.090920882079720684e-13
3.689621347227100756e+01 8.477524038459574133e-07 1.598236029355882525e-06 5.102768826173745261e-13 6.310386767166875794e-07 1.597115370659108295e-06 5.107350955089945217e-13
4.920189143094656714e+01 3.909918042001195427e-07 7.480704221641268709e-07 4.176517579446399294e-13 2.918035256600609932e-07 7.388022737975609405e-07 4.179163178426927238e-13
6.561177672614024914e+01 1.794296152211382985e-07 3.480634363989424907e-07 3.347155833139061874e-13 1.344627942042615435e-07 3.406074542779876963e-07 3.348350009250960542e-13
8.749471046662279150e+01 8.172617345525950212e-08 1.613657618284414447e-07 2.605056127916808369e-13 6.157097195606889451e-08 1.563937366246563973e-07 2.605216256018159147e-13
1.166760716081661968e+02 3.684215930712827801e-08 7.438388720069983781e-08 1.937904396880442323e-13 2.792427436899220223e-08 7.141426961829857188e-08 1.937568667314252636e-13
1.555900421101123356e+02 1.638104534662348842e-08 3.404896176309508593e-08 1.383568615016975690e-13 1.249562823390805944e-08 3.236396444218196257e-08 1.383051992252484456e-13
2.074826557850288964e+02 7.156380596728773066e-09 1.544907127222960078e-08 9.530234901442819806e-14 5.492305161203911728e-09 1.452098191472062263e-08 9.524581187299343949e-14
2.766825682915017524e+02 3.060598670640644796e-09 6.935654629881116236e-09 6.346746166720476069e-14 2.361127971971435216e-09 6.434190368548091108e-09 6.341731269549303308e-14
3.689621347227101182e+02 1.277355242228469977e-09 3.079147249479171118e-09 4.090806128504719018e-14 9.895374956589188254e-10 2.809014090281117148e-09 4.086746392742359383e-14
4.920189143094656856e+02 5.192129437533585772e-10 1.351503522982167159e-09 2.554446431365167515e-14 4.034711547381615395e-10 1.206571622164840521e-09 2.551415646405013759e-14
6.561177672614023777e+02 2.053407889428762722e-10 5.863632223057110559e-10 1.546314473183629916e-14 1.598846514250090930e-10 5.097856558304181301e-10 1.544221859876021018e-14
8.749471046662279150e+02 7.900676770760122002e-11 2.515391123863099891e-10 9.064376076526299024e-15 6.156824740301903155e-11 2.118617360551231606e-10 9.050999399901122458e-15
1.166760716081661940e+03 2.960368848707908319e-11 1.068198710384705764e-10 5.124664461330431191e-15 2.305814139143988481e-11 8.669734569314789216e-11 5.116555835622720112e-15
1.555900421101123356e+03 1.082490299938709084e-11 4.496430870594969844e-11 2.781328578292896357e-15 8.414774517411403748e-12 3.498000635633806830e-11 2.776750834730461863e-15
2.074826557850288737e+03 3.875055469699944494e-12 1.877117866816182029e-11 1.448446370110007404e-15 3.002250757631671814e-12 1.394341071136905010e-11 1.446007218647439316e-15
2.766825682915017296e+03 1.363905153668998804e-12 7.793591344476288289e-12 7.284633497995881086e-16 1.051699536004697960e-12 5.499264746058029645e-12 7.272224808914160364e-16
3.689621347227101069e+03 4.748466894357192055e-13 3.225599623561504737e-12 3.579640559759835559e-16 3.636458188516837214e-13 2.151339723073000613e-12 3.573464146304810187e-16
4.920189143094656174e+03 1.646824499759572480e-13 1.333212485106050605e-12 1.736949636209624836e-16 1.248868636469676501e-13 8.377955286041982577e-13 1.733920410145052692e-16
6.561177672614025141e+03 5.724699344139578599e-14 5.507596753099883398e-13 8.359350120342629724e-17 4.284575609587599196e-14 3.258370992580881529e-13 8.344651493628695032e-17
8.749471046662278241e+03 2.004117857688595091e-14 2.272419381733221981e-13 3.991062067859306233e-17 1.474669319867893490e-14 1.266319779677628232e-13 3.983990707691457748e-17
1.166760716081662031e+04 7.082772753332832417e-15 9.355743767863101867e-14 1.888951866817096295e-17 5.104590138679220795e-15 4.911347849621014828e-14 1.885576290877955365e-17
1.555900421101123356e+04 2.525076989768288430e-15 3.833594063914612056e-14 8.855344365398212209e-18 1.777400326202779762e-15 1.898587487183495921e-14 8.839399900491480858e-18
2.074826557850289100e+04 9.056314931776139784e-16 1.553985997866601969e-14 4.108004469924614181e-18 6.215684992915880515e-16 7.289596757000640157e-15 4.100522143697154433e-18
2.766825682915017387e+04 3.256515298957941831e-16 6.192880148275298154e-15 1.883855957243538595e-18 2.177380183249945321e-16 2.764442328031135300e-15 1.880378213192985311e-18
3.689621347227100341e+04 1.169336909442269719e-16 2.421650957370185879e-15 8.530482748820210491e-19 7.621856069532584956e-17 1.031651812196217534e-15 8.514538621854115588e-19
4.920189143094656174e+04 4.181004593246735052e-17 9.244694211400654465e-16 3.809819256963219822e-19 2.661225589197765362e-17 3.767163718621198226e-16 3.802624121023586333e-19
6.561177672614024777e+04 1.486648391204869467e-17 3.437204287309438459e-16 1.676198283274390472e-19 9.266704740899929162e-18 1.340225757982268154e-16 1.673000109471491878e-19
8.749471046662278241e+04 5.249578127555700048e-18 1.244556924899144788e-16 7.256559161067004409e-20 3.215013852049741522e-18 4.647709577581211499e-17 7.242596389233220696e-20
1.166760716081661958e+05 1.842558827327872830e-18 4.381526769136994984e-17 3.087957362466757594e-20 1.111960516598467336e-18 1.570004281762992823e-17 3.081971857507158935e-20
1.555900421101123211e+05 6.436080810551367008e-19 1.501887977580286496e-17 1.290726740868800234e-20 3.836487596806949156e-19 5.160168174502964733e-18 1.288210040032298065e-20
2.074826557850289100e+05 2.237895575874724306e-19 5.033633197885996890e-18 5.298667574722449113e-21 1.322127213185708389e-19 1.652661393098432706e-18 5.288297891043356369e-21
2.766825682915017242e+05 7.758216158208129969e-20 1.646426696501047305e-18 2.138112175195643029e-21 4.561009663764726772e-20 5.161573957328636937e-19 2.133921799445275683e-21
3.689621347227101214e+05 2.692828953267615923e-20 5.247021549079821104e-19 8.498608417366666548e-22 1.579735252476240485e-20 1.577547219135671896e-19 8.481978324117525135e-22
4.920189143094656756e+05 9.378965319388387731e-21 1.646143925668567147e-19 3.339839173135485850e-22 5.510272042890052139e-21 4.763518881801579283e-20 3.333330349103377370e-22
6.561177672614024486e+05 3.285291687060099052e-21 5.091618686151373508e-20 1.304452861833086190e-22 1.942546344128633885e-21 1.424085942614919376e-20 1.301922993233126865e-22
8.749471046662279405e+05 1.162926461816186253e-21 1.548413622308269523e-20 5.094958474312441954e-23 6.958778950865362225e-22 4.228831815217726275e-21 5.085137541478549747e-23
1.166760716081662104e+06 4.189499482468000425e-22 4.622144453880979577e-21 2.002040255796113229e-23 2.546447475728590927e-22 1.263977843933970092e-21 1.998205950021007209e-23
1.555900421101123560e+06 1.544044801291025916e-22 1.364102444015730604e-21 7.950314898195741984e-24 9.545626292104109767e-23 3.833139021973241478e-22 7.935200956532784963e-24
2.074826557850289159e+06 5.836288485609595913e-23 4.020417799168661621e-22 3.198205977791968071e-24 3.667789029885321787e-23 1.189789841360316072e-22 3.192180942599793469e-24
2.766825682915017474e+06 2.262732492767249405e-23 1.195977343416207183e-22 1.304451387739325966e-24 1.443305416526241996e-23 3.813341628758931986e-23 1.302022006804808367e-24
3.689621347227101214e+06 8.995626566744456255e-24 3.641854260965764922e-23 5.399648154657839404e-25 5.819225654018122166e-24 1.271265771342845471e-23 5.389732993900746103e-25
4.920189143094656989e+06 3.668699216546029542e-24 1.149549108492742496e-23 2.273370590904210784e-25 2.407703381716848125e-24 4.434660767342170552e-24 2.269257890188561906e-25
6.561177672614024952e+06 1.537418886318919442e-24 3.801567543374038600e-24 9.765302706481412371e-26 1.024548583622798174e-24 1.624825371582068718e-24 9.747876871219390493e-26
8.749471046662278473e+06 6.628625154287822795e-25 1.325198043936194117e-24 4.289091548035441285e-26 4.485314381231177736e-25 6.276769459125726534e-25 4.281513272131615966e-26
1.166760716081662104e+07 2.936090322127690684e-25 4.883741455649774503e-25 1.924880108585855718e-26 2.013025495581306216e-25 2.552608690822402565e-25 1.921496322755496970e-26
1.555900421101123467e+07 1.329309027171612052e-25 1.904543651108018552e-25 8.789523907324138165e-27 9.198414052049433144e-26 1.083984707252431294e-25 8.774082951815228239e-27
2.074826557850288972e+07 6.107624122412567197e-26 7.807196239254485248e-26 4.057412254951630032e-27 4.246226059572160338e-26 4.743115097673680661e-26 4.050264904698775964e-27
2.766825682915017009e+07 2.827387376521866470e-26 3.329340311339342669e-26 1.881147259558807669e-27 1.967125152272117623e-26 2.114715558746618337e-26 1.877817813066550172e-27
3.689621347227101028e+07 1.311345799630221378e-26 1.459216257317768673e-26 8.715520193829943570e-28 9.103542852914688393e-27 9.522337987330085054e-27 8.700001078573208408e-28
4.920189143094656616e+07 6.070224064760193878e-27 6.500480379969989857e-27 4.021717385329338611e-28 4.196245323151507680e-27 4.302356247791379757e-27 4.014503924141858235e-28
6.561177672614024580e+07 2.797052129508547709e-27 2.916392173680975251e-27 1.843863222787339633e-28 1.922194350988052000e-27 1.942045851699429902e-27 1.840527532976819248e-28
8.749471046662279963e+07 1.280211604609659112e-27 1.309848551260239732e-27 8.380740008266482298e-29 8.731688535884667256e-28 8.725655547453074184e-28 8.365429807492358774e-29
1.166760716081662029e+08 5.808677298202356754e-28 5.861616915927168400e-28 3.767629344554094424e-29 3.924703292051938165e-28 3.889558263984435233e-28 3.760671000377596370e-29
1.555900421101123393e+08 2.607122140939334841e-28 2.603624077533315118e-28 1.670854444049414652e-29 1.741172343482309656e-28 1.714767333794967508e-28 1.667731782520958716e-29
2.074826557850289047e+08 1.154776110543313203e-28 1.144072821696434572e-28 7.286704895569524367e-30 7.602630718495078794e-29 7.451712204147698099e-29 7.272915413481530086e-30
2.766825682915017605e+08 5.034059716459527476e-29 4.956710340269339429e-29 3.113505908585347524e-30 3.256627254461099812e-29 3.180448608244150293e-29 3.107538838827297435e-30
3.689621347227101326e+08 2.153379198048429479e-29 2.110132837240550166e-29 1.297682535341767042e-30 1.363602562806645966e-29 1.328066091958632657e-29 1.295164783304224375e-30
4.920189143094656467e+08 9.009017369074873354e-30 8.794105123101251155e-30 5.248261173118064090e-31 5.559234047769692097e-30 5.403406944851808859e-30 5.237962179546807137e-31
6.561177672614024878e+08 3.673310093865347405e-30 3.574414550833635350e-30 2.047160198069642967e-31 2.197563789365544568e-30 2.132851084617759327e-30 2.043103314451880036e-31
8.749471046662279367e+08 1.454371126755439575e-30 1.411438385098954587e-30 7.649035745869803189e-32 8.387927183760833801e-31 8.132797715636525683e-31 7.633762928166783826e-32
1.166760716081662178e+09 5.570395247749010326e-31 5.392845703640992322e-31 2.718237896023663467e-32 3.078343687013787868e-31 2.982880137181115629e-31 2.712782874007254109e-32
1.555900421101123333e+09 2.054989754864203558e-31 1.984886434562973922e-31 9.117226105472677808e-33 1.080872996720740951e-31 1.047085259046850943e-31 9.098893264654521674e-33
2.074826557850289106e+09 7.265232632745985847e-32 7.000838216192378171e-32 2.863323814416907351e-33 3.610467896907447964e-32 3.497925413409577914e-32 2.857575122898710139e-33
2.766825682915017128e+09 2.446920823187598222e-32 2.351925392989636606e-32 8.354523869597142758e-34 1.139510281543247237e-32 1.104506312719506203e-32 8.337841663647653418e-34
3.689621347227100849e+09 7.794248023351504863e-33 7.470460600697021858e-33 2.247160665012334060e-34 3.368183001094791395e-33 3.267614117960025215e-33 2.242718597125714165e-34
4.920189143094656944e+09 2.326636907472853934e-33 2.222721824464670348e-33 5.523862961551980544e-35 9.210416416791782102e-34 8.948705741461081686e-34 5.513120023847350339e-35
6.561177672614025116e+09 6.430085425972926720e-34 6.119355038854814543e-34 1.226747609141219276e-35 2.288888060569975271e-34 2.229388988910945146e-34 1.224420866799727678e-35
8.749471046662279129e+09 1.618127857272804936e-34 1.532811539450189007e-34 2.417411174903014448e-36 5.031341406601614755e-35 4.921854907983086798e-35 2.412995662839155051e-36
1.166760716081661987e+10 3.622014662997543009e-35 3.411571817817338249e-35 4.103260543810406660e-37 9.377638758261122087e-36 9.248190312843566665e-36 4.096181073018916301e-37
1.555900421101123428e+10 6.973714109706933147e-36 6.523847673857508076e-36 5.716273279403170763e-38 1.383603167165049870e-36 1.387389929812433191e-36 5.707285425540321206e-38
2.074826557850289154e+10 1.099769973280219098e-36 1.021825667109060305e-36 6.027007991977848712e-39 1.434703781270750100e-37 1.496013564757583909e-37 6.019003593627587229e-39
2.766825682915017319e+10 1.318672004884801559e-37 1.227498663495220524e-37 4.153997497650785071e-40 8.286259427327124413e-39 9.706710420575048196e-39 4.150090247866233166e-40
3.689621347227101135e+10 1.062206106105312886e-38 1.049009771548013984e-38 1.351981213676044725e-41 1.489075768670698061e-40 3.018098333856971472e-40 1.351420978044512943e-41
4.920189143094656372e+10 4.565802441807864926e-40 6.572942947580857681e-40 0.000000000000000000e+00 8.505744911250722633e-43 9.523857756960037451e-42 0.000000000000000000e+00
6.561177672614024353e+10 7.088958822161590470e-42 4.187338975608475297e-41 0.000000000000000000e+00 3.088259896780952134e-44 4.633795537084462341e-43 0.000000000000000000e+00
8.749471046662280273e+10 5.833992570822270082e-46 1.335916014847319338e-42 0.000000000000000000e+00 2.110405994325375571e-46 8.083183356528252134e-45 0.000000000000000000e+00
