1.166760716081661986e+00 9.512712472724225423e-04 1.767957612749681412e-03 6.607863728656081365e-13 8.169687199968941925e-04 1.769070931391430969e-03 6.644623696862332815e-13
1.555900421101123365e+00 6.425718100278111954e-04 1.206252346925832351e-03 7.114426101805830778e-13 5.484841779398355165e-04 1.204609310065726715e-03 7.133051453416250894e-13
2.074826557850288911e+00 4.234567151531054693e-04 7.981386978108250679e-04 7.411755251961224027e-13 3.579687047495473608e-04 7.977336940044169912e-04 7.424846987452454372e-13
2.766825682915017293e+00 2.703470562190911147e-04 5.102896315647275239e-04 7.419324797705775473e-13 2.258267896768644152e-04 5.108061138430527569e-04 7.420207931322637567e-13
3.689621347227101111e+00 1.665475756364524209e-04 3.143388913742622688e-04 7.415220276777381460e-13 1.371754766015999152e-04 3.151078285084019841e-04 7.419819848851097926e-13
4.920189143094656714e+00 9.885836824819630787e-05 1.860483132577045711e-04 7.415982471401945772e-13 8.007137703192723072e-05 1.868957368417453529e-04 7.416642896591790349e-13
6.561177672614024736e+00 5.641968998895712699e-05 1.055806001577137978e-04 7.412908200594740978e-13 4.483475404285492782e-05 1.063870954308874318e-04 7.413809617351023593e-13
8.749471046662279150e+00 3.086909816182435723e-05 5.728215739938059597e-05 7.405149168832349637e-13 2.404248311900698300e-05 5.799400897994368826e-05 7.412271250193089112e-13
1.166760716081661897e+01 1.615063063706779405e-05 2.966435740491052333e-05 7.355681593212222668e-13 1.234549274603390795e-05 3.023894926518045249e-05 7.365503114767823336e-13
1.555900421101123499e+01 8.082777267494719491e-06 1.474391974155758561e-05 7.267582020837099643e-13 6.088773789752531751e-06 1.510992207541881511e-05 7.277034230432493080e-13
2.074826557850288822e+01 3.894087740760378630e-06 7.125710450578439459e-06 6.920517632663206094e-13 2.907748480931579349e-06 7.289294900772650279e-06 6.928758269706940798e-13
2.766825682915017381e+01 1.829342159507965173e-06 3.388706671486307882e-06 6.053325154745227449e-13 1.361069034516361331e-06 3.434222465433985534e-06 6.059938960180607305e-13
3.689621347227100756e+01 8.489679030667710525e-07 1.598703059070785717e-06 5.077175194489236564e-13 6.317273794468845521e-07 1.597928515858412599e-06 5.081735590119806805e-13
4.920189143094656714e+01 3.920533371097810303e-07 7.486061182747954656e-07 4.155831536201337195e-13 2.924789964565118414e-07 7.395995877598871960e-07 4.158465353983881758e-13
6.561177672614024914e+01 1.803928328577297479e-07 3.486532834376308346e-07 3.330762608743269007e-13 1.351258085009623703e-07 3.414157350034877471e-07 3.331952390877002938e-13
8.749471046662279150e+01 8.256822631117137155e-08 1.619549476674345824e-07 2.592451414714424026e-13 6.217793526485010820e-08 1.571696827993795967e-07 2.592612154600460221e-13
1.166760716081661968e+02 3.752292706969159892e-08 7.491179724278389647e-08 1.928682671815468890e-13 2.842836509475510294e-08 7.209540420328148291e-08 1.928349672137556002e-13
1.555900421101123356e+02 1.687975845322793622e-08 3.447144439718273614e-08 1.377118145670443662e-13 1.287118269404853831e-08 3.290189024328108121e-08 1.376604808194664420e-13
2.074826557850288964e+02 7.485379217575052510e-09 1.575118681747861077e-08 9.486830164870131272e-14 5.742911516070218064e-09 1.490142302494322579e-08 9.481208786609771962e-14
2.766825682915017524e+02 3.256701262812919037e-09 7.129988468073230945e-09 6.318591965783511275e-14 2.511770985685937089e-09 6.676164461735166686e-09 6.313604166899556944e-14
3.689621347227101182e+02 1.383933645991018830e-09 3.192966718191073311e-09 4.073192436575287960e-14 1.071964059927000049e-09 2.948903117549391681e-09 4.069153664228253033e-14
4.920189143094656856e+02 5.726329811941795110e-10 1.413117634015086475e-09 2.543815465312536529e-14 4.450181189411540981e-10 1.281111418763991421e-09 2.540799705113439937e-14
6.561177672614023777e+02 2.303147769157421054e-10 6.176669648311851781e-10 1.540126211480074964e-14 1.793988085805509282e-10 5.469361376130111571e-10 1.538043537073350373e-14
8.749471046662279150e+02 9.000406015329286928e-11 2.666755006576109300e-10 9.029745975062138164e-15 7.019412459228155349e-11 2.294121542667124222e-10 9.016429878931441838e-15
1.166760716081661940e+03 3.420142775627695094e-11 1.138630816640598297e-10 5.106193332372348936e-15 2.667472623303619578e-11 9.464261282369047047e-11 5.098119246275266462e-15
1.555900421101123356e+03 1.266080663835615508e-11 4.813945584805142316e-11 2.772049366312132722e-15 9.861372925328145626e-12 3.845276016258955878e-11 2.767489631661801365e-15
2.074826557850288737e+03 4.578184627001841737e-12 2.016305457723704980e-11 1.444093852708081844e-15 3.556814365625130523e-12 1.541545205053805522e-11 1.441663342936863508e-15
2.766825682915017296e+03 1.623090623379488820e-12 8.388376605334561586e-12 7.265567377812621558e-16 1.256258267517129051e-12 6.105220793955706615e-12 7.253196986020647916e-16
3.689621347227101069e+03 5.672090864256022864e-13 3.473863566259871461e-12 3.571753413571772739e-16 4.365479254416076230e-13 2.393905391169324738e-12 3.565593033177398181e-16
4.920189143094656174e+03 1.966972459051594448e-13 1.434930265084126749e-12 1.733820154903552250e-16 1.501266625179703821e-13 9.325695009587282276e-13 1.730797372595778680e-16
6.561177672614025141e+03 6.812402150607194707e-14 5.920475742789668955e-13 8.347349846168555311e-17 5.139898491537405689e-14 3.621929775361746285e-13 8.332676228777689839e-17
8.749471046662278241e+03 2.369742882559620293e-14 2.440471014865150982e-13 3.986628956356317000e-17 1.760843695047711173e-14 1.404382140618142684e-13 3.979566950724667993e-17
1.166760716081662031e+04 8.310735432543412062e-15 1.005041106572298889e-13 1.887389689834782372e-17 6.057679429898538642e-15 5.435535984470566634e-14 1.884017464798311385e-17
1.555900421101123356e+04 2.940486876353742853e-15 4.127606128231264138e-14 8.850188414542429600e-18 2.095324170169416887e-15 2.099416785488105448e-14 8.834255267024988001e-18
2.074826557850289100e+04 1.047830890721742200e-15 1.681089034289888441e-14 4.106470419285092071e-18 7.281085610212990424e-16 8.069626725506809149e-15 4.098991614504075421e-18
2.766825682915017387e+04 3.748935937250177194e-16 6.747763122494477627e-15 1.883485042609574570e-18 2.535830812954912498e-16 3.070644483002646508e-15 1.880008238147387846e-18
3.689621347227100341e+04 1.340989947334860631e-16 2.662679831677327077e-15 8.530068651077939506e-19 8.828403332467811451e-17 1.152214663467642611e-15 8.514126184118341695e-19
4.920189143094656174e+04 4.779026996046608459e-17 1.026927387540848777e-15 3.810107923168167018e-19 3.065561690030007162e-17 4.236616595723738489e-16 3.802912542532318229e-19
6.561177672614024777e+04 1.693363355417558233e-17 3.858527271071356831e-16 1.676499630404960790e-19 1.060960951101633329e-17 1.518831376006627111e-16 1.673300979815558083e-19
8.749471046662278241e+04 5.953638347670363057e-18 1.411070290498135209e-16 7.258499563610565454e-20 3.654775425126954697e-18 5.306707881756873541e-17 7.244533370456172769e-20
1.166760716081661958e+05 2.077987108509137765e-18 5.011778769482587670e-17 3.089013323913379368e-20 1.253546050332504879e-18 1.804645582539420223e-17 3.083025866469371239e-20
1.555900421101123211e+05 7.207460369871701019e-19 1.730647627566307580e-17 1.291251073393872611e-20 4.283778833006355571e-19 5.964236510276238434e-18 1.288733375556161317e-20
2.074826557850289100e+05 2.485069805180459794e-19 5.834001487690320887e-18 5.301116193429853812e-21 1.460743577607199809e-19 1.918074182403809111e-18 5.290741768288810985e-21
2.766825682915017242e+05 8.532982262549119708e-20 1.916332963558987287e-18 2.139201695437362598e-21 4.983120791821747174e-20 6.006496330426296634e-19 2.135009189800179388e-21
3.689621347227101214e+05 2.931547148186883403e-20 6.124714946491935194e-19 8.503278967684626870e-22 1.706503206212455183e-20 1.837940892454419048e-19 8.486639675221562958e-22
4.920189143094656756e+05 1.010292736281621420e-20 1.924662395755314329e-19 3.341776324624007012e-22 5.886777936925306450e-21 5.548431628782529776e-20 3.335263689715148220e-22
6.561177672614024486e+05 3.500930109411204048e-21 5.956602872402025701e-20 1.305237283244255278e-22 2.053238044568365691e-21 1.655951683699591385e-20 1.302705877734826290e-22
8.749471046662279405e+05 1.226021274421908103e-21 1.810643637993745586e-20 5.098093783048934557e-23 7.282391301638551274e-22 4.901274537964952219e-21 5.088266768215190501e-23
1.166760716081662104e+06 4.372068046701822130e-22 5.396227575972929551e-21 2.003291514781349529e-23 2.641225695573274773e-22 1.457629420350276727e-21 1.999454822491604951e-23
1.555900421101123560e+06 1.596700338339146389e-22 1.587839840811453911e-21 7.955372793380306117e-24 9.825683451799686204e-23 4.389710602645088528e-22 7.940249460530153838e-24
2.074826557850289159e+06 5.988993688109412508e-23 4.658335902375159845e-22 3.200312365146566977e-24 3.751884969971841622e-23 1.350293068386687944e-22 3.194283571333199487e-24
2.766825682915017474e+06 2.307624199983002690e-23 1.376627030458669897e-22 1.305371268458864291e-24 1.469048170628380828e-23 4.280273803182007441e-23 1.302940333094101640e-24
3.689621347227101214e+06 9.130573786681383326e-24 4.154989982544873659e-23 5.403920638435983318e-25 5.900037375609733755e-24 1.408855230854405863e-23 5.393998728817443992e-25
4.920189143094656989e+06 3.710381856472913393e-24 1.296859511450601423e-23 2.275493846744579965e-25 2.433776990481617502e-24 4.846271956082091692e-24 2.271378026595759826e-25
6.561177672614024952e+06 1.550716660663022555e-24 4.231238927877716776e-24 9.776551510870926562e-26 1.033257201826813001e-24 1.749739201367142673e-24 9.759110213413952584e-26
8.749471046662278473e+06 6.673044811651091008e-25 1.452516713153718756e-24 4.295376068912266331e-26 4.515963028239064731e-25 6.663352090847285344e-25 4.287789576972419862e-26
1.166760716081662104e+07 2.951998104700505536e-25 5.266242702834180510e-25 1.928531064321392153e-26 2.024652123054604967e-25 2.675605131817463202e-25 1.925142641890092105e-26
1.555900421101123467e+07 1.335568207401237124e-25 2.021651511335009398e-25 8.811274441954526020e-27 9.246799748255159257e-26 1.124610939255828886e-25 8.795806104936238720e-27
2.074826557850288972e+07 6.135118070748176026e-26 8.174737000909349763e-26 4.070544606738159586e-27 4.268476845857479359e-26 4.882704120497026388e-26 4.063380595776083636e-27
2.766825682915017009e+07 2.840772695599057957e-26 3.449141884879534576e-26 1.889111248351383000e-27 1.978294179093056769e-26 2.165057732748922818e-26 1.885771497717795951e-27
3.689621347227101028e+07 1.318384444585630887e-26 1.500416654234870354e-26 8.763727907701393718e-28 9.163265960759268033e-27 9.714635518062140301e-27 8.748144623691204779e-28
4.920189143094656616e+07 6.109052650842529361e-27 6.651950026365861058e-27 4.050719241501420011e-28 4.229435709153999524e-27 4.380569170777472448e-27 4.043465797218723214e-28
6.561177672614024580e+07 2.819003955480035671e-27 2.976111844242027117e-27 1.861144897938078914e-28 1.940983738233041853e-27 1.976102976649989974e-27 1.857784405934082437e-28
8.749471046662279963e+07 1.292717523579489766e-27 1.335153165744306839e-27 8.482430427906317766e-29 8.838448914128272821e-28 8.883637205951346008e-28 8.466967777781876164e-29
1.166760716081662029e+08 5.879639189516723673e-28 5.975934249279114650e-28 3.826541059538887892e-29 3.984938815682650680e-28 3.966574832171345703e-28 3.819490306005559880e-29
1.555900421101123393e+08 2.646892124389051001e-28 2.657891057973484384e-28 1.704347088084537559e-29 1.774645505280571881e-28 1.753525472963348093e-28 1.701169454435791243e-29
2.074826557850289047e+08 1.176646571921262624e-28 1.170672145886592999e-28 7.472903574337529832e-30 7.784611953119168801e-29 7.649207936560567004e-29 7.458794783490196123e-30
2.766825682915017605e+08 5.151416930812844444e-29 5.088865612932215439e-29 3.214323511845973653e-30 3.352839164179480391e-29 3.280615909123568709e-29 3.208176305293568649e-30
3.689621347227101326e+08 2.214518890520510793e-29 2.175605522072184920e-29 1.350598922223857130e-30 1.412786873366449099e-29 1.377933400482272211e-29 1.347983025833729681e-30
4.920189143094656467e+08 9.316814573734080834e-30 9.113052087348819361e-30 5.516029344744913996e-31 5.801001620962361721e-30 5.644418658389888554e-30 5.505217149787015599e-31
6.561177672614024878e+08 3.822399388610370499e-30 3.725623144974977845e-30 2.176942954696483220e-31 2.311219939047846747e-30 2.244918332779103363e-30 2.172630382661076490e-31
8.749471046662279367e+08 1.523579688677406608e-30 1.480640306184871095e-30 8.246936676223730147e-32 8.896325696365621427e-31 8.630512362489761531e-31 8.230460101634806403e-32
1.166760716081662178e+09 5.877153087525411080e-31 5.696609284712559295e-31 2.977757258508023849e-32 3.293678419900156895e-31 3.192714267190927828e-31 2.971771488050914131e-32
1.555900421101123333e+09 2.184297650906208991e-31 2.112061178681516860e-31 1.016792417510060868e-32 1.166791649511791411e-31 1.130568374205384832e-31 1.014742221934515724e-32
2.074826557850289106e+09 7.781225996908593001e-32 7.505730802862101327e-32 3.255903944729599289e-33 3.931596120256736305e-32 3.809455619286371021e-32 3.249342422061640914e-33
2.766825682915017128e+09 2.640737081443610859e-32 2.540780067410120911e-32 9.694204001035930490e-34 1.251198395419543139e-32 1.212795783977178218e-32 9.674758560881563460e-34
3.689621347227100849e+09 8.474619305756345000e-33 8.130851376681677676e-33 2.660644052389008798e-34 3.726628318072689791e-33 3.615253703118236740e-33 2.655358359063110509e-34
4.920189143094656944e+09 2.547796254254565563e-33 2.436539960715728105e-33 6.667028256729825908e-35 1.025985142371936510e-33 9.967716317164584252e-34 6.653996125279346301e-35
6.561177672614025116e+09 7.087770431982235837e-34 6.752483993909896723e-34 1.506650255657649968e-35 2.564549980940586129e-34 2.497703343706201011e-34 1.503778475223048964e-35
8.749471046662279129e+09 1.794161605716877783e-34 1.701451181014562919e-34 3.014290680598485153e-36 5.664638280936044745e-35 5.541003108567563711e-35 3.008758787848343420e-36
1.166760716081661987e+10 4.036574304407820689e-35 3.806516008047152803e-35 5.181911925533544978e-37 1.059954280566742194e-35 1.045283100802223075e-35 5.172931195251231200e-37
1.555900421101123428e+10 7.805358499641365267e-36 7.311381258258591200e-36 7.294552671373594024e-38 1.568780679819903528e-36 1.573123713726365522e-36 7.283035286307879298e-38
2.074826557850289154e+10 1.235320273546469881e-36 1.149592129257726476e-36 7.755492606352728022e-39 1.630716000861144577e-37 1.700774760743955395e-37 7.745153649807352619e-39
2.766825682915017319e+10 1.485642418534111115e-37 1.386077704024404664e-37 5.380631841789281545e-40 9.436148830409201623e-39 1.106392394805041033e-38 5.375555229950237160e-40
3.689621347227101135e+10 1.199844911870869692e-38 1.189893661771276891e-38 1.760439337857424605e-41 1.698043813790083668e-40 3.458743285687995118e-40 1.759709556116888229e-41
4.920189143094656372e+10 5.169546202577375880e-40 7.509062940027550464e-40 0.000000000000000000e+00 9.806025617197945339e-43 1.105625292463398184e-41 0.000000000000000000e+00
6.561177672614024353e+10 8.046135350272369329e-42 4.812734047493143127e-41 0.000000000000000000e+00 3.558290348909116624e-44 5.401093626426005503e-43 0.000000000000000000e+00
8.749471046662280273e+10 6.712915750779429303e-46 1.536977598036952372e-42 0.000000000000000000e+00 2.430027971669200217e-46 9.493704100602979413e-45 0.000000000000000000e+00
