1.166760716081661986e+00 9.497027480853399532e-04 1.765127563295049943e-03 2.882451353528865222e-10 8.155091924655824944e-04 1.766223243822628896e-03 3.196364992515595531e-10
1.555900421101123365e+00 6.414100010860685451e-04 1.204144364028333610e-03 2.886824080512509468e-10 5.473923213330768528e-04 1.202492264443516447e-03 3.134138865653803148e-10
2.074826557850288911e+00 4.226010726179315127e-04 7.965846087876705863e-04 2.698260098191066095e-10 3.571602151476522191e-04 7.961712292139146987e-04 2.835670189927210183e-10
2.766825682915017293e+00 2.697254616508380103e-04 5.091587828854465814e-04 2.220979638139428093e-10 2.252374573209511399e-04 5.096673501433009613e-04 2.262082833898850782e-10
3.689621347227101111e+00 1.661042921241148089e-04 3.135293612996453661e-04 1.795007922402684308e-10 1.367542652088981898e-04 3.142919176117262578e-04 1.762700477011848337e-10
4.920189143094656714e+00 9.854825699513733504e-05 1.854792365629843477e-04 1.446953244773669305e-10 7.977653243750695595e-05 1.863218477533004820e-04 1.383699540063860367e-10
6.561177672614024736e+00 5.620689318110332809e-05 1.051881429237508879e-04 1.123145732837711150e-10 4.463266171205360918e-05 1.059910076518034755e-04 1.065866811413362224e-10
8.749471046662279150e+00 3.072591808368909061e-05 5.701682604534640057e-05 8.181070547972806168e-11 2.390682556923745495e-05 5.772582827665070356e-05 7.683144905537852464e-11
1.166760716081661897e+01 1.605616113078116590e-05 2.948846065985864359e-05 5.470798402699842919e-11 1.225621889090128730e-05 3.006078570871914248e-05 5.144623307893726819e-11
1.555900421101123499e+01 8.021548613720338243e-06 1.462933837395460023e-05 3.585681511864084416e-11 6.031021054705904421e-06 1.499365910207007863e-05 3.405005516700269996e-11
2.074826557850288822e+01 3.854896258453133735e-06 7.052055205798684123e-06 2.316161123123440797e-11 2.870833946756365488e-06 7.214527778517321021e-06 2.226940760852635637e-11
2.766825682915017381e+01 1.804354551062642982e-06 3.341759348468079987e-06 1.462492812367140344e-11 1.337605744447389453e-06 3.386591396378886335e-06 1.412850787863635497e-11
3.689621347227100756e+01 8.329740998496490813e-07 1.568940725918475890e-06 8.724891899510103778e-12 6.168140929356114671e-07 1.567729787877691508e-06 8.500715165781566234e-12
4.920189143094656714e+01 3.817393902852933358e-07 7.298234641264985197e-07 4.844468530922970041e-12 2.829775231468600792e-07 7.204970725028515839e-07 4.766770943595240317e-12
6.561177672614024914e+01 1.737061801238576557e-07 3.368498957071219955e-07 2.626302432286765296e-12 1.290682822289985786e-07 3.293507153150251791e-07 2.616881769802204500e-12
8.749471046662279150e+01 7.824776165033618066e-08 1.545857224714703996e-07 1.399963787168387604e-12 5.833961784697988060e-08 1.495803377941837542e-07 1.406158678767411448e-12
1.166760716081661968e+02 3.478213486105299332e-08 7.036698745121751145e-08 7.337524865056093510e-13 2.604104750975159416e-08 6.737416564143784919e-08 7.402352889525986159e-13
1.555900421101123356e+02 1.520329286854824022e-08 3.172939317106755684e-08 3.767610882979410843e-13 1.143674568077182612e-08 3.003153794437566282e-08 3.812524266323948972e-13
2.074826557850288964e+02 6.511708384659634811e-09 1.415024519309935300e-08 1.894994325798013821e-13 4.922230227285674091e-09 1.321831160784739932e-08 1.928607300375566761e-13
2.766825682915017524e+02 2.724574352251839130e-09 6.233083951001564105e-09 9.625110905136271066e-14 2.068738118752523886e-09 5.733758176348490200e-09 9.629867149615199318e-14
3.689621347227101182e+02 1.110962538244716123e-09 2.712490839674481296e-09 4.860365503503540242e-14 8.469750017788065817e-10 2.447322609456589515e-09 4.770553388762475918e-14
4.920189143094656856e+02 4.409320695927662816e-10 1.166791046423095859e-09 2.414313004072448029e-14 3.373760550600232041e-10 1.027216481554645771e-09 2.354181959893382656e-14
6.561177672614023777e+02 1.702936315823466767e-10 4.963169760659480188e-10 1.176045292985302643e-14 1.306914956788070355e-10 4.242269601560253352e-10 1.158822869524027638e-14
8.749471046662279150e+02 6.403182376449228696e-11 2.088999808866385992e-10 5.670784162276381461e-15 4.924829202198924667e-11 1.724890415189612507e-10 5.612265080192152396e-15
1.166760716081661940e+03 2.347300527128360157e-11 8.713267484907007947e-11 2.700206664683888012e-15 1.807275533117454335e-11 6.915629748860960205e-11 2.728012089842875421e-15
1.555900421101123356e+03 8.408588137534768601e-12 3.607617440629063249e-11 1.284195286703203847e-15 6.472535305482486374e-12 2.738782320535032593e-11 1.336338276855324184e-15
2.074826557850288737e+03 2.953450072109267650e-12 1.483688098607009739e-11 6.154418050625504261e-16 2.270338336680644531e-12 1.073956396112977996e-11 6.511598756969850732e-16
2.766825682915017296e+03 1.021779198996636841e-12 6.078959416179001131e-12 2.951622519630538737e-16 7.835057068979860550e-13 4.177837331235840764e-12 3.106922703894215915e-16
3.689621347227101069e+03 3.503547055528529038e-13 2.487154147489560087e-12 1.408136988117029143e-16 2.675022232274200475e-13 1.617006687932390994e-12 1.456500855844806719e-16
4.920189143094656174e+03 1.199207421661181407e-13 1.017982346043123191e-12 6.745000234016921596e-17 9.093747352675060687e-14 6.251833908780239735e-13 6.858128768041971158e-17
6.561177672614025141e+03 4.122584753384496445e-14 4.170899299631531961e-13 3.262916151293230371e-17 3.096216612285802046e-14 2.423243712014509911e-13 3.238267571850001692e-17
8.749471046662278241e+03 1.429912411554771911e-14 1.709095361652948934e-13 1.562478748941879547e-17 1.060338974379354745e-14 9.423232431027302083e-14 1.537153615771839942e-17
1.166760716081662031e+04 5.015210210167339151e-15 6.997723199005570953e-14 7.399219879614555886e-18 3.662027511628621209e-15 3.671889638963317830e-14 7.272980392850117959e-18
1.555900421101123356e+04 1.777121288076081195e-15 2.855901276212541343e-14 3.477602449341617002e-18 1.276023741823824613e-15 1.432245783289530571e-14 3.437174379931103735e-18
2.074826557850289100e+04 6.344999156366879320e-16 1.155223497574293289e-14 1.638398876354294536e-18 4.481172792666526853e-16 5.575174625349094799e-15 1.626918074306675796e-18
2.766825682915017387e+04 2.275520381527727826e-16 4.605559361435869587e-15 7.711906952459237471e-19 1.583206873767322019e-16 2.155408736936819463e-15 7.687770015891171181e-19
3.689621347227100341e+04 8.169536058935982971e-17 1.807996504239192992e-15 3.642462996459473649e-19 5.617545731729758302e-17 8.253325466315410349e-16 3.619997930349775100e-19
4.920189143094656174e+04 2.930487023990456474e-17 6.961758655981952550e-16 1.719381995746528300e-19 1.999689156997327095e-17 3.117029344703142970e-16 1.716362844789467829e-19
6.561177672614024777e+04 1.050060415912284551e-17 2.626654911424739295e-16 8.054448704767704328e-20 7.150344554932085930e-18 1.158273116327727319e-16 8.123129607744658608e-20
8.749471046662278241e+04 3.757891760077961178e-18 9.724846430854579818e-17 3.766205054173582819e-20 2.570756585779055307e-18 4.242834774253412831e-17 3.809946566213529429e-20
1.166760716081661958e+05 1.346729549634783965e-18 3.533373215647544931e-17 1.766343454690472860e-20 9.320857242875622583e-19 1.533481313223428610e-17 1.777667656394285346e-20
1.555900421101123211e+05 4.851792353346469121e-19 1.263616650857263543e-17 8.314250597537248480e-21 3.416788459153310342e-19 5.472604464510448823e-18 8.256266024996755915e-21
2.074826557850289100e+05 1.763481855493796081e-19 4.471914325502416154e-18 3.890425921606900810e-21 1.270431441418011931e-19 1.933946409615398386e-18 3.866954144254780244e-21
2.766825682915017242e+05 6.497564240837959399e-20 1.566796943144632064e-18 1.803719786746961502e-21 4.814617397015018468e-20 6.782459679421801690e-19 1.818417560863487676e-21
3.689621347227101214e+05 2.440998684987483270e-20 5.441583703828894348e-19 8.338495680268449646e-22 1.866464379235522257e-20 2.368935260562132708e-19 8.491196963428732347e-22
4.920189143094656756e+05 9.360139269742879674e-21 1.891913848602824762e-19 3.910489990650613957e-22 7.401344314575987671e-21 8.300384602250251865e-20 3.936260935519928947e-22
6.561177672614024486e+05 3.657139949233888054e-21 6.597066320811934096e-20 1.823093139414118819e-22 2.994136603081586959e-21 2.917669421542998844e-20 1.832062980765288829e-22
8.749471046662279405e+05 1.456494774273405506e-21 2.301592373422458660e-20 8.455766869695135044e-23 1.236025717613993899e-21 1.027714632419299198e-20 8.550456322818910611e-23
1.166760716081662104e+06 5.924738081210795434e-22 8.019531704284817047e-21 3.967228804311738566e-23 5.197301914047895509e-22 3.641163036936220514e-21 4.000356469817783209e-23
1.555900421101123560e+06 2.459648010870055430e-22 2.798791588353357738e-21 1.860175760237650380e-23 2.219468282505339963e-22 1.298468787581733665e-21 1.875519265131955353e-23
2.074826557850289159e+06 1.040790523880285745e-22 9.811044158567299217e-22 8.677829936926956808e-24 9.602923258889470074e-23 4.666833922936807186e-22 8.798575598356881378e-24
2.766825682915017474e+06 4.475798531664867340e-23 3.456754067318046039e-22 4.064725607334785737e-24 4.202841433919472829e-23 1.694656648230076754e-22 4.108245674297637689e-24
3.689621347227101214e+06 1.954746469943632017e-23 1.227237759118416685e-22 1.895585304306225664e-24 1.859489811374843651e-23 6.236905660957983594e-23 1.907605574993937249e-24
4.920189143094656989e+06 8.647957381369404893e-24 4.402643017081951595e-23 8.774820291877975197e-25 8.292374982317803754e-24 2.331399253486442650e-23 8.826375396585967679e-25
6.561177672614024952e+06 3.857089905622898334e-24 1.599396867410228088e-23 4.092608022164912100e-25 3.726674897470267372e-24 8.867271804312714017e-24 4.082039678189514402e-25
8.749471046662278473e+06 1.730509673387430118e-24 5.887762885982260816e-24 1.905897834930784140e-25 1.685901461667861224e-24 3.441955521275977671e-24 1.890952785940132621e-25
1.166760716081662104e+07 7.809403624119555503e-25 2.202129081167840336e-24 8.805751240517260593e-26 7.654465312951517597e-25 1.364394661954640603e-24 8.819913574801427286e-26
1.555900421101123467e+07 3.545363944029580409e-25 8.402284422421864771e-25 4.077264569036521766e-26 3.487027846413890690e-25 5.527065667353461461e-25 4.085961547421254198e-26
2.074826557850288972e+07 1.616342956133959849e-25 3.273017132259347686e-25 1.878061492474308710e-26 1.591600260101707688e-25 2.282587133493818117e-25 1.875746743495846500e-26
2.766825682915017009e+07 7.381429056012767225e-26 1.301493462897695888e-25 8.642908650796303343e-27 7.271699884873629727e-26 9.593776953332371200e-26 8.634934274983577347e-27
3.689621347227101028e+07 3.365456305215864823e-26 5.275741142802152779e-26 3.974596676451522543e-27 3.318620570109748345e-26 4.094014874563655295e-26 3.939606413225693933e-27
4.920189143094656616e+07 1.530037027550839090e-26 2.176106079770101168e-26 1.822517037458482973e-27 1.512969738139383769e-26 1.768726613568342046e-26 1.796746393723636893e-27
6.561177672614024580e+07 6.958513730471401424e-27 9.127085536334918542e-27 8.300068384611492194e-28 6.884677551795889308e-27 7.717171967885887952e-27 8.182910123589325561e-28
8.749471046662279963e+07 3.150361202751391637e-27 3.872976807755923712e-27 3.759259474899102873e-28 3.126332021219832955e-27 3.390797811322375713e-27 3.730601600323936245e-28
1.166760716081662029e+08 1.413643179812032406e-27 1.653000659619318951e-27 1.706623669456996815e-28 1.408991156386097761e-27 1.489904965437548333e-27 1.688735449485713320e-28
1.555900421101123393e+08 6.292855609240141285e-28 7.077165748610864518e-28 7.605909552722947684e-29 6.276300875405869005e-28 6.514405427017704170e-28 7.525905076669229007e-29
2.074826557850289047e+08 2.778482909647915196e-28 3.029934469359031356e-28 3.338724998548854334e-29 2.761860794236144823e-28 2.825354057103917759e-28 3.323181235461506825e-29
2.766825682915017605e+08 1.207974444584725343e-28 1.287367263636236141e-28 1.450005932006713790e-29 1.195392766918919260e-28 1.210245910191335549e-28 1.437717643350641777e-29
3.689621347227101326e+08 5.172407735759034915e-29 5.416515211850570900e-29 6.162579690023973060e-30 5.095723613229344612e-29 5.119936348174785029e-29 6.107823345752399197e-30
4.920189143094656467e+08 2.173142557235094789e-29 2.246002315191283331e-29 2.536848723165298401e-30 2.129716012249385188e-29 2.127825985077142322e-29 2.546132961474023373e-30
6.561177672614024878e+08 8.919961858173286706e-30 9.133634306388844111e-30 1.016248184681354035e-30 8.696652634714696838e-30 8.651329932682038031e-30 1.024005483227043965e-30
8.749471046662279367e+08 3.563357241962128705e-30 3.624074346800517303e-30 3.936841497778601571e-31 3.449266846738877044e-30 3.422348609680906166e-30 3.921669007516334900e-31
1.166760716081662178e+09 1.377924945111140540e-30 1.394142392324123760e-30 1.454404330367250791e-31 1.324756634530323321e-30 1.312605963738470246e-30 1.437821284905470647e-31
1.555900421101123333e+09 5.149737960002052575e-31 5.196261560291611638e-31 5.133017625779364275e-32 4.922994962744007409e-31 4.872944099712918445e-31 5.051318372014550135e-32
2.074826557850289106e+09 1.864934793338970139e-31 1.878860633611407179e-31 1.716916757399326016e-32 1.757584827338810604e-31 1.740273558437333725e-31 1.677357019490485639e-32
2.766825682915017128e+09 6.475024064914389721e-32 6.522484616077783022e-32 5.333477797022809378e-33 6.000509048843173376e-32 5.946916847175084390e-32 5.224023455881583384e-33
3.689621347227100849e+09 2.151465949665508338e-32 2.168882428399490650e-32 1.530568728803293562e-33 1.941753280714434241e-32 1.926571819777176043e-32 1.518289472273210039e-33
4.920189143094656944e+09 6.784379799918094054e-33 6.854224236700578665e-33 4.097248877428861470e-34 5.945958570090640246e-33 5.909098312102981329e-33 4.141452739929303584e-34
6.561177672614025116e+09 2.021663496466675972e-33 2.051384060364393918e-33 1.036369199580842803e-34 1.715056895227267315e-33 1.708858826308763914e-33 1.045876091959250307e-34
8.749471046662279129e+09 5.584683421551083393e-34 5.703257106273054301e-34 2.362525648283482469e-35 4.541418952737710800e-34 4.548365210230034062e-34 2.395347444270097623e-35
1.166760716081661987e+10 1.412625723594796272e-34 1.457269636810168973e-34 4.769094269429193374e-36 1.066229096360709460e-34 1.073766011052927711e-34 4.883501792417383573e-36
1.555900421101123428e+10 3.237145229171330918e-35 3.392442286452985626e-35 8.411433037465232591e-37 2.154295291570429155e-35 2.194127279046833242e-35 8.700261378643545421e-37
2.074826557850289154e+10 6.773281973119405832e-36 7.257345544149794080e-36 1.238397067035280258e-37 3.519380063813177348e-36 3.660082130346081899e-36 1.305941953406071180e-37
2.766825682915017319e+10 1.283589310745074876e-36 1.409642897442964383e-36 1.331146564269757693e-38 4.439259322215362123e-37 4.786962801929297102e-37 1.560206911956444205e-38
3.689621347227101135e+10 1.902237897811488181e-37 2.194695138409421911e-37 8.430368723359206416e-40 4.073636931050467376e-38 4.427197293678001301e-38 1.272182582332899824e-39
4.920189143094656372e+10 2.025392817078799541e-38 2.600579655189769134e-38 3.011415607921718464e-41 1.095581011165694557e-39 1.474479291409687437e-39 5.045454070768445171e-41
6.561177672614024353e+10 7.992391485612101528e-40 1.590377444059688024e-39 1.661781335844476300e-43 1.126828483020693610e-41 2.827647303506626754e-41 7.296870122557570861e-43
8.749471046662280273e+10 1.978074384223002272e-43 4.027731245841484869e-41 1.757345159931004280e-45 9.947544793590194342e-44 4.437351659627626136e-43 1.007592452809101178e-44
