1.166760716081661986e+00 9.494398211160965046e-04 1.764285669089237993e-03 2.873515659480317908e-10 8.152363890385511559e-04 1.765404198192294973e-03 3.187051713655984905e-10
1.555900421101123365e+00 6.413090989073973094e-04 1.203654560413777632e-03 2.877666003574064224e-10 5.472733113081224314e-04 1.202016709969543854e-03 3.124708336891072796e-10
2.074826557850288911e+00 4.225973334447546428e-04 7.963272022790865955e-04 2.689565454405795910e-10 3.571330257217631365e-04 7.959268219951187500e-04 2.826823554369242917e-10
2.766825682915017293e+00 2.697683185801021143e-04 5.090442204428556475e-04 2.213516475279972603e-10 2.252563339582523683e-04 5.095649487339220466e-04 2.254578747071767292e-10
3.689621347227101111e+00 1.661609474344942700e-04 3.134933681300850383e-04 1.788764487971673189e-10 1.367894464940870721e-04 3.142660444711833576e-04 1.756448474236592271e-10
4.920189143094656714e+00 9.860175114630062273e-05 1.854805450583940825e-04 1.441769416517160608e-10 7.981199400152781480e-05 1.863312048104594741e-04 1.378539091471376680e-10
6.561177672614024736e+00 5.625015438494575747e-05 1.052027393200374416e-04 1.118978244641545454e-10 4.466142648371038566e-05 1.060121075948888234e-04 1.061726401580288290e-10
8.749471046662279150e+00 3.075732107119564867e-05 5.703237697496661555e-05 8.148984472169160829e-11 2.392713784393423769e-05 5.774676311422960245e-05 7.651196641325484585e-11
1.166760716081661897e+01 1.607693324212820888e-05 2.950007203680873736e-05 5.447149053248380074e-11 1.226904261337710338e-05 3.007679799220985928e-05 5.121117013672631214e-11
1.555900421101123499e+01 8.034216449943519254e-06 1.463643753865280550e-05 3.568676532671313097e-11 6.038420456958433187e-06 1.500405197964636706e-05 3.388207691499911457e-11
2.074826557850288822e+01 3.862292682604974422e-06 7.055984056503431120e-06 2.304182909576926002e-11 2.874951967959344368e-06 7.220628714407265861e-06 2.215163026562500065e-11
2.766825682915017381e+01 1.808863014880793815e-06 3.344082740830821112e-06 1.454287819119796595e-11 1.340094088362621194e-06 3.390241175972673056e-06 1.404789867068431964e-11
3.689621347227100756e+01 8.361283691002276315e-07 1.570656357862967997e-06 8.670598459051938160e-12 6.186549052558250228e-07 1.570283562912413204e-06 8.447248007024046212e-12
4.920189143094656714e+01 3.842926167636907506e-07 7.313537793998337942e-07 4.809773074763084416e-12 2.845994474344366869e-07 7.226332637409480370e-07 4.732416447649488049e-12
6.561177672614024914e+01 1.759226370077430324e-07 3.383171756532464706e-07 2.604806121028973127e-12 1.305759138380434324e-07 3.313112722545494697e-07 2.595512611637106438e-12
8.749471046662279150e+01 8.015788070496210648e-08 1.559618561034073283e-07 1.386958266007736517e-12 5.969696823391444639e-08 1.513772077312448166e-07 1.393213872714296699e-12
1.166760716081661968e+02 3.633948443823637178e-08 7.157596325780692155e-08 7.260954711230880948e-13 2.717728326424375987e-08 6.893427088810280921e-08 7.325846524003836793e-13
1.555900421101123356e+02 1.637296471363714518e-08 3.270371266913734107e-08 3.723157243526501175e-13 1.230432477706006295e-08 3.127916298140823632e-08 3.768231956960267345e-13
2.074826557850288964e+02 7.311347391579134258e-09 1.486355122732274260e-08 1.869803378529607996e-13 5.521920664239250117e-09 1.412547347858420740e-08 1.903671869038872658e-13
2.766825682915017524e+02 3.220913536901528506e-09 6.706773550447962852e-09 9.486718804252357113e-14 2.443981403653921570e-09 6.331581601656245399e-09 9.492503424201418612e-14
3.689621347227101182e+02 1.391708970121223016e-09 2.999247891334993685e-09 4.786519624429044005e-14 1.060641601690413544e-09 2.805718473491159320e-09 4.697002476912016873e-14
4.920189143094656856e+02 5.867234034807117712e-10 1.326525400349815871e-09 2.375863300158714823e-14 4.489955135830653337e-10 1.224328788133920281e-09 2.315947845627260547e-14
6.561177672614023777e+02 2.404482955414657457e-10 5.791701869858932229e-10 1.156399549604412306e-14 1.846985670375607458e-10 5.248134389893191818e-10 1.139196915446180178e-14
8.749471046662279150e+02 9.561437205190781637e-11 2.494357205164900022e-10 5.573600090594325903e-15 7.368482867349301991e-11 2.207018053717115729e-10 5.514486088354345543e-15
1.166760716081661940e+03 3.689249955207244116e-11 1.060661307524497077e-10 2.653435855828248275e-15 2.850222765842793331e-11 9.112134584237507910e-11 2.680366586418523005e-15
1.555900421101123356e+03 1.382996047610918422e-11 4.459633427380406255e-11 1.262317178657216630e-15 1.070130756454016098e-11 3.699195553230981130e-11 1.313806334533750283e-15
2.074826557850288737e+03 5.047487891591055096e-12 1.855496749703221957e-11 6.053894589310775588e-16 3.908973947186149571e-12 1.479879681252103301e-11 6.407978476768767875e-16
2.766825682915017296e+03 1.798517804087436899e-12 7.659651037695728558e-12 2.906060534340679359e-16 1.393283740034222936e-12 5.842554529232540787e-12 3.060288384398602985e-16
3.689621347227101069e+03 6.283383689398856042e-13 3.143624655386387039e-12 1.388351362140014340e-16 4.863650349256914919e-13 2.281287001907674131e-12 1.435768464093959367e-16
4.920189143094656174e+03 2.164584942016542787e-13 1.285454145068567810e-12 6.660182910977685661e-17 1.670874808065915421e-13 8.841235603195892756e-13 6.767601624768189491e-17
6.561177672614025141e+03 7.398170287629639289e-14 5.248451079105717768e-13 3.227165686073664517e-17 5.682542810946061521e-14 3.414592118057742224e-13 3.199435539306547846e-17
8.749471046662278241e+03 2.525395042930054544e-14 2.143069574245525537e-13 1.547782107897950885e-17 1.925108213020447831e-14 1.318000283898873194e-13 1.520732177475890539e-17
1.166760716081662031e+04 8.662943912711088920e-15 8.767863729575075426e-14 7.339830530115490528e-18 6.534183748802457991e-15 5.095479282005764217e-14 7.204544340525572206e-18
1.555900421101123356e+04 2.998268551452423060e-15 3.594924427584485938e-14 3.453575566717984130e-18 2.231389838070513068e-15 1.977498209178952282e-14 3.408844277073292465e-18
2.074826557850289100e+04 1.048624801374213635e-15 1.471620790079682262e-14 1.628631261309400658e-18 7.683211878974190642e-16 7.702172771474393432e-15 1.615298895120207228e-18
2.766825682915017387e+04 3.703156714086227810e-16 5.984632708510349665e-15 7.672043214212318891e-19 2.667659625244163605e-16 3.001094972004990879e-15 7.640499696110724505e-19
3.689621347227100341e+04 1.316504959768099633e-16 2.412360380118977133e-15 3.626190448386862179e-19 9.327208050483970121e-17 1.166521861631295259e-15 3.600767111055194365e-19
4.920189143094656174e+04 4.696278329868471437e-17 9.582536256231771188e-16 1.712773801142523196e-19 3.278127872362573967e-17 4.497162693516308043e-16 1.708539071975657271e-19
6.561177672614024777e+04 1.676795185837448358e-17 3.737557984668497181e-16 8.026743155527908280e-20 1.157468555897755150e-17 1.711767184657148695e-16 8.090270218092508419e-20
8.749471046662278241e+04 5.977836147762250320e-18 1.429339841976569785e-16 3.754243072509504753e-20 4.102110141174837689e-18 6.426082161857616061e-17 3.795929182079606541e-20
1.166760716081661958e+05 2.128874552599613917e-18 5.349279104768582733e-17 1.761071313329395513e-20 1.461025701290546491e-18 2.376148324100761156e-17 1.771673390874750448e-20
1.555900421101123211e+05 7.588998435148406718e-19 1.962296728452600946e-17 8.290745223518716573e-21 5.237858405832621331e-19 8.648567550281012675e-18 8.229780093111689973e-21
2.074826557850289100e+05 2.714644301197809755e-19 7.088496653265648115e-18 3.879664027154724592e-21 1.895815593070919221e-19 3.104629630675301481e-18 3.855110129183792031e-21
2.766825682915017242e+05 9.786837503070486789e-20 2.522701836658386869e-18 1.798696548830329539e-21 6.962776794317822034e-20 1.101318939569564804e-18 1.813079960870080651e-21
3.689621347227101214e+05 3.578929626101628207e-20 8.860330519193128622e-19 8.315072406100273779e-22 2.607463872980501451e-20 3.874103814475706783e-19 8.466956589918016756e-22
4.920189143094656756e+05 1.330393888090670796e-20 3.103055493956440248e-19 3.899678705964870259e-22 9.971443567257117293e-21 1.361733720051819875e-19 3.925283033898723609e-22
6.561177672614024486e+05 5.023543288313817928e-21 1.086411884419819541e-19 1.818132418240448006e-22 3.889142809732151388e-21 4.784834084296228337e-20 1.827184241030313727e-22
8.749471046662279405e+05 1.929686173675050526e-21 3.794755961280940530e-20 8.433598244562920992e-23 1.549311512650083819e-21 1.679058450058648344e-20 8.528938120930848447e-23
1.166760716081662104e+06 7.567186146109640303e-22 1.320247511877804809e-20 3.957749226097159877e-23 6.301308233565571945e-22 5.906528865808442997e-21 3.991235963814672325e-23
1.555900421101123560e+06 3.031959364876269848e-22 4.588796361986371569e-21 1.856283999019779256e-23 2.611315328404849971e-22 2.084142753300146806e-21 1.871893932462375902e-23
2.074826557850289159e+06 1.241068111434200385e-22 1.597719103222083368e-21 8.662844778784890194e-24 1.100369239929666067e-22 7.384790607709585882e-22 8.785051995324183840e-24
2.766825682915017474e+06 5.179856117708172589e-23 5.575184253424876622e-22 4.059582498038480730e-24 4.706632895290435747e-23 2.633186953570651184e-22 4.103725957555059354e-24
3.689621347227101214e+06 2.203568725198580241e-23 1.953938189306780259e-22 1.894107152688495087e-24 2.041663973559528845e-23 9.475082341499368284e-23 1.906463844798686956e-24
4.920189143094656989e+06 9.531024221090832837e-24 6.894532890808554779e-23 8.773085806590343084e-25 8.953177685981834859e-24 3.448114339599208259e-23 8.825973276197679848e-25
6.561177672614024952e+06 4.171364498848795732e-24 2.454149038856155288e-23 4.094829498440239245e-25 3.966900283298693469e-24 1.271212511642132678e-23 4.084573667948970363e-25
8.749471046662278473e+06 1.842863680970959654e-24 8.816607924639343917e-24 1.908605229701274400e-25 1.773625932367162126e-24 4.765480311459440670e-24 1.893727897320849147e-25
1.166760716081662104e+07 8.214679069420751897e-25 3.204705884942344357e-24 8.827564995052979760e-26 7.977852956708605696e-25 1.820483325863610159e-24 8.842047411023268686e-26
1.555900421101123467e+07 3.693828409756361343e-25 1.183822987499069381e-24 4.092781984049752559e-26 3.608241530744804838e-25 7.103342491843249982e-25 4.101624170565849595e-26
2.074826557850288972e+07 1.672279420816619543e-25 4.452184350283153882e-25 1.888465205232856876e-26 1.638476528446785040e-25 2.827953388808598614e-25 1.886175775223569149e-26
2.766825682915017009e+07 7.601919270580949925e-26 1.707058990551188893e-25 8.710757136483280252e-27 7.462300780134453878e-26 1.148981905180659153e-25 8.702852632664992480e-27
3.689621347227101028e+07 3.457975848915162426e-26 6.677934641517732790e-26 4.017996342900928658e-27 3.401504560513376176e-26 4.760538457081868109e-26 3.982751829269792266e-27
4.920189143094656616e+07 1.571892171279324584e-26 2.665649296776843286e-26 1.849949516621565140e-27 1.551904512005127281e-26 2.006921360435710740e-26 1.823871612412543180e-27
6.561177672614024580e+07 7.163214669882063218e-27 1.085894334423395215e-26 8.470791828913721927e-28 7.081517304118293305e-27 8.594319448386417783e-27 8.352131643403819033e-28
8.749471046662279963e+07 3.256922172693780568e-27 4.500495793306530957e-27 3.864456316318553906e-28 3.231672722276186587e-27 3.727943039098067505e-27 3.835287652188523410e-28
1.166760716081662029e+08 1.471389258006580037e-27 1.888410413974052247e-27 1.770888655958788893e-28 1.467233782225665327e-27 1.626667667488022949e-27 1.752453857135821862e-28
1.555900421101123393e+08 6.612509708843919204e-28 8.000888236403640898e-28 7.989275649976236299e-29 6.602213078159965664e-28 7.104235687920152530e-28 7.906612823974232884e-29
2.074826557850289047e+08 2.956040382858915286e-28 3.411744778155581493e-28 3.562466185181450478e-29 2.943571670313945208e-28 3.094701164925423760e-28 3.546589175099138102e-29
2.766825682915017605e+08 1.305276392804635422e-28 1.453158302198962265e-28 1.578022941780793233e-29 1.295120212167546745e-28 1.338537651882815837e-28 1.565174647816817413e-29
3.689621347227101326e+08 5.693913529797945038e-29 6.165523649517508176e-29 6.873453873264320067e-30 5.630605975320064960e-29 5.745233702559941291e-29 6.816381815848869422e-30
4.920189143094656467e+08 2.444231540107130468e-29 2.591450918499615565e-29 2.916865552723076634e-30 2.407584059684293007e-29 2.433085780080645912e-29 2.927673789784696152e-30
6.561177672614024878e+08 1.027669457369984937e-29 1.072907877729415086e-29 1.211966369074025531e-30 1.008432527300325312e-29 1.011627081213854271e-29 1.220154843372191722e-30
8.749471046662279367e+08 4.212919060117767674e-30 4.348674113329639590e-30 4.899875858979101766e-31 4.110815003333240303e-30 4.103406147843579686e-30 4.876510668393860929e-31
1.166760716081662178e+09 1.673892022262413921e-30 1.713041054534103069e-30 1.902308008352183713e-31 1.624738969050535673e-30 1.616606215958072026e-30 1.879320146157347314e-31
1.555900421101123333e+09 6.429813632638433990e-31 6.545662780202356903e-31 7.096074823105118515e-32 6.213877904801651446e-31 6.168224964623372912e-31 6.979650767663397419e-32
2.074826557850289106e+09 2.390730252830215545e-31 2.425503561458101517e-31 2.518444197803190463e-32 2.282051031557158423e-31 2.263644947651682282e-31 2.460934048272950475e-32
2.766825682915017128e+09 8.512463254191337364e-32 8.624279951531721614e-32 8.326417786663226335e-33 8.003452830945183062e-32 7.940157359555822077e-32 8.162947811062134820e-33
3.689621347227100849e+09 2.894456852853567745e-32 2.932416458273928869e-32 2.546669625735749408e-33 2.654728842133853648e-32 2.635477160546855903e-32 2.529194849849501430e-33
4.920189143094656944e+09 9.318174630645646565e-33 9.457236207419227777e-33 7.254457095231546584e-34 8.309717576256151812e-33 8.260820945684604965e-33 7.336726123794419271e-34
6.561177672614025116e+09 2.825536993597310328e-33 2.879920418840118226e-33 1.941119479350450874e-34 2.441945746165351730e-33 2.433620589263798303e-33 1.960522041567289507e-34
8.749471046662279129e+09 7.923962076145664848e-34 8.130332971509293351e-34 4.647980691807847638e-35 6.568070489796647801e-34 6.578648155361676052e-34 4.719003076056140811e-35
1.166760716081661987e+10 2.028320692854496107e-34 2.103434535554136707e-34 9.798080421393196241e-36 1.562602359775948420e-34 1.573973017041220981e-34 1.004208715096223981e-35
1.555900421101123428e+10 4.689205432518172716e-35 4.945264849746363510e-35 1.790598927628448570e-36 3.193027571217778306e-35 3.252849298212437201e-35 1.854672334023413018e-36
2.074826557850289154e+10 9.876107163299873833e-36 1.066363819715660927e-35 2.714072847835044897e-37 5.261408164760204378e-36 5.474096588439439062e-36 2.867726544542960051e-37
2.766825682915017319e+10 1.878987623540627554e-36 2.083543988793678709e-36 2.982482207563332867e-38 6.683558546195474918e-37 7.212332594404970160e-37 3.510034976266923049e-38
3.689621347227101135e+10 2.796332459759736357e-37 3.268549107274355438e-37 1.930702843779527358e-39 6.174610840302374563e-38 6.723171777369790757e-38 2.917997537920084872e-39
4.920189143094656372e+10 2.991166068487781849e-38 3.909065956613788867e-38 7.042938920185031890e-41 1.674502201702646848e-39 2.269020237261318984e-39 1.182778945756210742e-40
6.561177672614024353e+10 1.183310604057765827e-39 2.428701589669315353e-39 4.191329038173060403e-43 1.772493343534524779e-41 4.492462953028607269e-41 1.782668780893659401e-42
8.749471046662280273e+10 3.084296748996483212e-43 6.230660406626684994e-41 4.463048031442282513e-45 1.582941137466300299e-43 7.146428954488296722e-43 2.489050516938743732e-44
