1.166760716081661986e+00 9.496706875362176349e-04 1.765032828770110411e-03 2.881497693638868301e-10 8.154766060586121331e-04 1.766130442322087464e-03 3.195370018521705497e-10
1.555900421101123365e+00 6.413966146051902238e-04 1.204088857138705141e-03 2.885847104187729984e-10 5.473773857262824449e-04 1.202437839847684880e-03 3.133132095220434163e-10
2.074826557850288911e+00 4.225992134259380119e-04 7.965552966395142822e-04 2.697333309843890847e-10 3.571561033290990956e-04 7.961429686174532894e-04 2.834726903699001707e-10
2.766825682915017293e+00 2.697293910633915409e-04 5.091457138581153251e-04 2.220185475747658485e-10 2.252389734062323554e-04 5.096553411759576283e-04 2.261284479220699779e-10
3.689621347227101111e+00 1.661101993749327082e-04 3.135253022379342691e-04 1.794345004102627728e-10 1.367579508203489334e-04 3.142887810419557441e-04 1.762036764013794132e-10
4.920189143094656714e+00 9.855410519587745925e-05 1.854794976465107823e-04 1.446403814423369371e-10 7.978047181255350239e-05 1.863228739833152671e-04 1.383152793160018274e-10
6.561177672614024736e+00 5.621177994954707342e-05 1.051899712706326592e-04 1.122705055461570415e-10 4.463597894001326908e-05 1.059934868158157132e-04 1.065429200609552303e-10
8.749471046662279150e+00 3.072958071344864488e-05 5.701879270329931158e-05 8.177688691711724620e-11 2.390925802953536807e-05 5.772836527815541349e-05 7.679778807018655782e-11
1.166760716081661897e+01 1.605868128837546427e-05 2.948998613944758189e-05 5.468316552000990025e-11 1.225783281099979872e-05 3.006280352925909548e-05 5.142156627302763513e-11
1.555900421101123499e+01 8.023173710503205580e-06 1.463034066224335748e-05 3.583905329384274089e-11 6.032024576632173949e-06 1.499504961892643784e-05 3.403251536825022541e-11
2.074826557850288822e+01 3.855924856923823432e-06 7.052677533221253441e-06 2.314915949044147404e-11 2.871457359417100583e-06 7.215422559688033612e-06 2.225717315788280260e-11
2.766825682915017381e+01 1.805046432884351268e-06 3.342177550567864481e-06 1.461644510961115046e-11 1.338031935999482840e-06 3.387190881917581267e-06 1.412018319012761671e-11
3.689621347227100756e+01 8.334979704954743450e-07 1.569270357229107265e-06 8.719317943299545099e-12 6.171528102402015169e-07 1.568186367720998963e-06 8.495231525732010427e-12
4.920189143094656714e+01 3.821748336737099379e-07 7.301142024148476875e-07 4.840936601787405458e-12 2.832743360847522908e-07 7.208870757586701220e-07 4.763274966591165633e-12
6.561177672614024914e+01 1.740753272553715368e-07 3.371139770367281489e-07 2.624135171197597143e-12 1.293298895146665378e-07 3.296977106228805526e-07 2.614727465668882737e-12
8.749471046662279150e+01 7.854744926432148446e-08 1.548159807956903446e-07 1.398666790228911755e-12 5.855733777958516064e-08 1.498794002680989080e-07 1.404867599188012448e-12
1.166760716081661968e+02 3.500650049814283228e-08 7.055229422248297406e-08 7.329978982843451219e-13 2.620661385811620138e-08 6.761308270054585606e-08 7.394813609892525303e-13
1.555900421101123356e+02 1.535539451974488646e-08 3.186445069253560459e-08 3.763284966039602809e-13 1.155019555134029513e-08 3.020446117542277501e-08 3.808215421870142320e-13
2.074826557850288964e+02 6.604752725251256532e-09 1.423899385548881305e-08 1.892575473721160257e-13 4.992196807901066257e-09 1.333099840246915717e-08 1.926217056212870640e-13
2.766825682915017524e+02 2.776241047351483736e-09 6.285996804920396006e-09 9.612029407826798552e-14 2.107853820885486892e-09 5.800224206210218249e-09 9.616901665882825038e-14
3.689621347227101182e+02 1.137289018421161488e-09 2.741490103409541128e-09 4.853509591168688289e-14 8.670307781737174672e-10 2.483237676511256789e-09 4.763725618518007528e-14
4.920189143094656856e+02 4.533917928615328787e-10 1.181630865632756575e-09 2.410811087139366028e-14 3.469249921337564124e-10 1.045260784438236261e-09 2.350698238460733855e-14
6.561177672614023777e+02 1.758328210454349067e-10 5.035159933793913417e-10 1.174289098590086024e-14 1.349608654602391507e-10 4.327823107937437810e-10 1.157068637212364762e-14
8.749471046662279150e+02 6.636656814854644712e-11 2.122536126133433428e-10 5.662274248822842459e-15 5.105726355980277013e-11 1.763659696551438216e-10 5.603688094330582591e-15
1.166760716081661940e+03 2.441264501257027414e-11 8.864695645574738471e-11 2.696198227983966790e-15 1.880408413837678716e-11 7.085188293611116828e-11 2.723914373068312083e-15
1.555900421101123356e+03 8.771495127957742959e-12 3.674203629520537350e-11 1.282359151841691581e-15 6.755990759744520631e-12 2.810779723994793022e-11 1.334436691254159713e-15
2.074826557850288737e+03 3.088434753315086565e-12 1.512262349131154449e-11 6.146139211442365567e-16 2.376089679063315581e-12 1.103731690234537399e-11 6.503000743268341476e-16
2.766825682915017296e+03 1.070293591256911491e-12 6.198887646141733477e-12 2.947931242309891852e-16 8.216294197942547081e-13 4.297864951611572456e-12 3.103114541740855012e-16
3.689621347227101069e+03 3.672860593838087265e-13 2.536523798188245805e-12 1.406556348686721117e-16 2.808442565295799043e-13 1.664256724131173132e-12 1.454828483504464916e-16
4.920189143094656174e+03 1.256999425103112493e-13 1.038047557928437318e-12 6.738307885226737083e-17 9.549933046575336529e-14 6.434413189548774377e-13 6.850896189483416211e-17
6.561177672614025141e+03 4.317233906795325691e-14 4.252291474740872841e-13 3.260125283092738248e-17 3.249912869717211928e-14 2.493030653721532531e-13 3.235187974817749700e-17
8.749471046662278241e+03 1.495272750910061491e-14 1.742460127592006952e-13 1.561339540530885200e-17 1.111842246705092483e-14 9.689687029450047299e-14 1.535857353414319181e-17
1.166760716081662031e+04 5.236216447611339003e-15 7.137459436837964897e-14 7.394642093330919699e-18 3.835108697373152695e-15 3.774569226249233286e-14 7.267601292082695098e-18
1.555900421101123356e+04 1.852924752079584937e-15 2.915950171617426472e-14 3.475754583322074460e-18 1.334692170429374825e-15 1.472505006435491502e-14 3.434952418634531112e-18
2.074826557850289100e+04 6.609524168228738270e-16 1.181524089497694289e-14 1.637646889738086157e-18 4.682238086550772038e-16 5.736106365169244488e-15 1.626007434021847350e-18
2.766825682915017387e+04 2.369264222038530763e-16 4.721369212849321201e-15 7.708820851097183093e-19 1.652808781067249872e-16 2.220612444353018056e-15 7.684067947472042085e-19
3.689621347227100341e+04 8.505008182441971203e-17 1.858549629109392865e-15 3.641188624358245759e-19 5.860132594991255483e-17 8.518694817806241034e-16 3.618485310891365272e-19
4.920189143094656174e+04 3.050910373602461703e-17 7.177528324499513712e-16 1.718854996492358943e-19 2.084487612825523242e-17 3.224131283048388647e-16 1.715742037593568048e-19
6.561177672614024777e+04 1.093179246089329651e-17 2.715993935594778407e-16 8.052185298726578767e-20 7.446731924744149138e-18 1.200745837320476061e-16 8.120481270588950359e-20
8.749471046662278241e+04 3.911190043762776613e-18 1.008268631002653416e-16 3.765201087168683279e-20 2.674009685970611301e-18 4.407655934102447235e-17 3.808795318838403563e-20
1.166760716081661958e+05 1.400779424272190845e-18 3.671969874467078296e-17 1.765890447049277621e-20 9.679039697426279580e-19 1.595964858479021944e-17 1.777164456424319749e-20
1.555900421101123211e+05 5.040851020007788161e-19 1.315718806599343868e-17 8.312191619991457416e-21 3.540515923317102792e-19 5.704077795376294642e-18 8.253995897721554988e-21
2.074826557850289100e+05 1.829135622232291862e-19 4.663302261447353693e-18 3.889472236643085827e-21 1.313058837454945234e-19 2.018000376917246291e-18 3.865924687123946219e-21
2.766825682915017242e+05 6.724562871198722732e-20 1.635655291235701601e-18 1.803272019493152240e-21 4.961588034497654706e-20 7.082553513931418730e-19 1.817950561880660848e-21
3.689621347227101214e+05 2.519580803125841654e-20 5.685008981355697773e-19 8.336414140561328208e-22 1.917391967830213665e-20 2.474723740436064330e-19 8.489076592172862366e-22
4.920189143094656756e+05 9.632928370167600645e-21 1.977429124673634227e-19 3.909540763844616080e-22 7.578960739802015241e-21 8.671640733079873137e-20 3.935309236685124842e-22
6.561177672614024486e+05 3.751913218647326760e-21 6.896575402851229068e-20 1.822664875083630900e-22 3.056404478784015989e-21 3.047467089649647884e-20 1.831646548379432398e-22
8.749471046662279405e+05 1.489443957433937656e-21 2.405988155290177218e-20 8.453896503135454113e-23 1.257991604215763167e-21 1.072868072392908653e-20 8.548659767606765756e-23
1.166760716081662104e+06 6.039677789725139317e-22 8.381032868432045227e-21 3.966454062180701102e-23 5.275363827585729148e-22 3.797981429671851811e-21 3.999617355606667370e-23
1.555900421101123560e+06 2.499929967953183729e-22 2.923488448275840754e-21 1.859871754431768775e-23 2.247410285340413511e-22 1.352831387763004999e-21 1.875239554572329693e-23
2.074826557850289159e+06 1.054971816812496467e-22 1.024045833370253326e-21 8.676744111329132495e-24 9.703587503686382133e-23 4.854937173498961328e-22 8.797619216505136433e-24
2.766825682915017474e+06 4.525938072833249741e-23 3.604333330063164546e-22 4.064408002279200061e-24 4.239280044720090342e-23 1.759655670656976831e-22 4.107980124430664286e-24
3.689621347227101214e+06 1.972558540674773810e-23 1.277905008856834517e-22 1.895531699108949197e-24 1.872731894904122849e-23 6.461394306413484428e-23 1.907578839343664813e-24
4.920189143094656989e+06 8.711478706799113667e-24 4.576595776690786608e-23 8.775097992104631976e-25 8.340604462175373326e-24 2.408913143134425694e-23 8.826756871714131711e-25
6.561177672614024952e+06 3.879820205451295238e-24 1.659157206345180437e-23 4.093048252459274036e-25 3.744291909217424926e-24 9.134561152195486639e-24 4.082502283357142400e-25
8.749471046662278473e+06 1.738700544813213056e-24 6.092912269719290968e-24 1.906277636261470577e-25 1.692386353032266554e-24 3.534144235770268765e-24 1.891337195823676396e-25
1.166760716081662104e+07 7.839345310510960881e-25 2.272512067481364442e-24 8.808506010666227696e-26 7.678725146082807080e-25 1.396249057873559596e-24 8.822699069426857980e-26
1.555900421101123467e+07 3.556583561010795940e-25 8.644191398403588318e-25 4.079134027541054312e-26 3.496357250438309430e-25 5.637597719603580578e-25 4.087845620711140871e-26
2.074826557850288972e+07 1.620724350611219064e-25 3.356360215057180720e-25 1.879285367940908128e-26 1.595355666309247552e-25 2.321067102711437588e-25 1.876973256990730815e-26
2.766825682915017009e+07 7.399597549067518578e-26 1.330318777505902959e-25 8.650783290063253168e-27 7.287826013549406219e-26 9.728877304460114704e-26 8.642815214496566001e-27
3.689621347227101028e+07 3.373566705504112358e-26 5.376239677594211792e-26 3.979590573638023105e-27 3.326091694980174517e-26 4.142254473599902126e-26 3.944569028529772110e-27
4.920189143094656616e+07 1.533948442836881969e-26 2.211648166636842711e-26 1.825652013934818054e-27 1.516701733022130795e-26 1.786390869518498772e-26 1.799844915706311485e-27
6.561177672614024580e+07 6.978725929088605092e-27 9.255332151749779684e-27 8.319452129870139516e-28 6.904503290590736553e-27 7.784580975745519533e-27 8.202116414379153574e-28
8.749471046662279963e+07 3.161300852389048520e-27 3.920797754208237736e-27 3.771116173905838395e-28 3.137298098334104155e-27 3.417962907932373291e-27 3.742396024426090035e-28
1.166760716081662029e+08 1.419703937733016747e-27 1.671638439069944391e-27 1.713802948120869629e-28 1.415158740701005521e-27 1.501543540826829829e-27 1.695850945700929274e-28
1.555900421101123393e+08 6.326679789591127066e-28 7.153694658581475268e-28 7.648276040207352570e-29 6.310966575318008128e-28 6.567346130335469975e-28 7.567956145122304237e-29
2.074826557850289047e+08 2.797225581074967779e-28 3.063067060576555973e-28 3.363126966560312004e-29 2.781092084163504202e-28 2.850582988004833609e-28 3.347531577712187749e-29
2.766825682915017605e+08 1.218139976469670246e-28 1.302328313894383273e-28 1.463745796541067513e-29 1.205820548265803459e-28 1.222590273567940046e-28 1.451389064964046863e-29
3.689621347227101326e+08 5.226020638701207787e-29 5.485901114500108998e-29 6.237426802567589590e-30 5.150686840115710575e-29 5.180770211505130728e-29 6.182386577707707449e-30
4.920189143094656467e+08 2.200448600538182946e-29 2.278391058255736398e-29 2.575957530478780643e-30 2.157661397805852480e-29 2.157455039998796576e-29 2.585397332707418529e-30
6.561177672614024878e+08 9.053455632565286740e-30 9.283146405879683193e-30 1.035860665885777749e-30 8.832835639996695403e-30 8.791820920871423030e-30 1.043673130939021263e-30
8.749471046662279367e+08 3.625669716155261184e-30 3.691312221222146256e-30 4.030414829681137313e-31 3.512491051784816783e-30 3.486468465120862243e-30 4.014516887619177622e-31
1.166760716081662178e+09 1.405580373244908282e-30 1.423265828117136780e-30 1.496395936569535719e-31 1.352645879540254163e-30 1.340594727268837760e-30 1.479245894250803372e-31
1.555900421101123333e+09 5.266246570394807790e-31 5.317128939664666689e-31 5.309830718053634257e-32 5.039735631698475595e-31 4.989348780773188616e-31 5.225109372185699756e-32
2.074826557850289106e+09 1.911596516748232540e-31 1.926821416626745503e-31 1.786030013016281730e-32 1.803742754495533048e-31 1.786154135402303668e-31 1.744931777208982889e-32
2.766825682915017128e+09 6.651540559726969788e-32 6.703046098926655725e-32 5.579746920776413377e-33 6.172262446541506231e-32 6.117437944132576796e-32 5.465772645827364120e-33
3.689621347227100849e+09 2.214420782074266880e-32 2.233154993799567873e-32 1.610198123578893222e-33 2.001424790418572686e-32 1.985823846238731989e-32 1.597485898499052967e-33
4.920189143094656944e+09 6.994808931233965708e-33 7.069221945208552530e-33 4.332989084606776268e-34 6.139456787850846473e-33 6.101475584372029632e-33 4.380104564247325655e-34
6.561177672614025116e+09 2.087269325673480918e-33 2.118667426650321135e-33 1.100979614571710240e-34 1.773411626907606685e-33 1.767023514754392480e-33 1.111215927226853643e-34
8.749471046662279129e+09 5.772682394062775210e-34 5.897345950732352663e-34 2.519355678012326256e-35 4.701385933592651819e-34 4.708612767298989036e-34 2.554793652240467487e-35
1.166760716081661987e+10 1.461490285463652742e-34 1.508273837320371086e-34 5.101978645492218539e-36 1.104829157940898740e-34 1.112663603232715788e-34 5.225117215072122692e-36
1.555900421101123428e+10 3.351266683414133605e-35 3.513687715989272494e-35 9.021144896074648612e-37 2.234030503495748301e-35 2.275403557180782907e-35 9.332819928003110435e-37
2.074826557850289154e+10 7.015247647741148036e-36 7.520849397516150212e-36 1.330792982300957759e-37 3.651743287247667379e-36 3.797919411558248962e-36 1.403782353901130557e-37
2.766825682915017319e+10 1.329750858607959665e-36 1.461363186445912811e-36 1.432566202194363898e-38 4.608354540836625539e-37 4.969695271322079486e-37 1.679924085575580371e-38
3.689621347227101135e+10 1.971071756097670527e-37 2.276264410605383588e-37 9.086425499373590606e-40 4.230757861870417388e-38 4.598813112490298382e-38 1.371813159613957193e-39
4.920189143094656372e+10 2.099140526259630358e-38 2.698764326727127727e-38 3.251268778829665934e-41 1.138842105510453270e-39 1.533660083511418781e-39 5.452724512323804852e-41
6.561177672614024353e+10 8.284395184765033320e-40 1.652250701390045172e-39 1.811597761562570882e-43 1.175188847899860696e-41 2.951536035933083278e-41 7.940072102171348168e-43
8.749471046662280273e+10 2.063247135330650256e-43 4.188194669647879729e-41 1.917388554522819556e-45 1.039062749019056750e-43 4.640390417057765799e-43 1.097287661681891929e-44
