1.166760716081661986e+00 9.496158237459072140e-04 1.764858510313539047e-03 2.879686081015315213e-10 8.154199951542583221e-04 1.765960459365994040e-03 3.193480594560109054e-10
1.555900421101123365e+00 6.413758913715299909e-04 1.203988109174210491e-03 2.883990941632685097e-10 5.473531088552621411e-04 1.202339774711991792e-03 3.131219802467935034e-10
2.074826557850288911e+00 4.225987858940243318e-04 7.965028125696863807e-04 2.695572039219892806e-10 3.571509515482226295e-04 7.960929863624622823e-04 2.832934457490734142e-10
2.766825682915017293e+00 2.697386377878803953e-04 5.091227550996511907e-04 2.218675388735686356e-10 2.252433430922648830e-04 5.096347630321423731e-04 2.259766299937772860e-10
3.689621347227101111e+00 1.661222912560967615e-04 3.135185086595468720e-04 1.793083546174969113e-10 1.367656512033352430e-04 3.142839832751847975e-04 1.760773721233700941e-10
4.920189143094656714e+00 9.856553117765514023e-05 1.854803277335081578e-04 1.445357697083940705e-10 7.978818763209710426e-05 1.863253050154952447e-04 1.382111657240370069e-10
6.561177672614024736e+00 5.622107721217359456e-05 1.051934665947105080e-04 1.121865361783877090e-10 4.464226967365953277e-05 1.059982958304308550e-04 1.064595218105430908e-10
8.749471046662279150e+00 3.073640721635438513e-05 5.702240971538406712e-05 8.171237803032545997e-11 2.391376030899771595e-05 5.773309336957466989e-05 7.673357171130681573e-11
1.166760716081661897e+01 1.606328307068102953e-05 2.949271949581457614e-05 5.463575673332919538e-11 1.226074638499464358e-05 3.006646690015119775e-05 5.137444625556558027e-11
1.555900421101123499e+01 8.026068651592126012e-06 1.463208086008876278e-05 3.580507203704199659e-11 6.033779963180395141e-06 1.499750394440780390e-05 3.399895505478838855e-11
2.074826557850288822e+01 3.857700188391438252e-06 7.053713645129760535e-06 2.312530049779521138e-11 2.872504420844777265e-06 7.216946021279978548e-06 2.223372469927043497e-11
2.766825682915017381e+01 1.806200237600054736e-06 3.342845497543389182e-06 1.460016204801207641e-11 1.338719507575903125e-06 3.388172264540100598e-06 1.410419791506265363e-11
3.689621347227100756e+01 8.343510160021985630e-07 1.569786583827726018e-06 8.708594479292327755e-12 6.176885480376224453e-07 1.568914419111894773e-06 8.484678183102382237e-12
4.920189143094656714e+01 3.828811445019397258e-07 7.305715182150730579e-07 4.834123172986089676e-12 2.837465962431097550e-07 7.215063555837006407e-07 4.756530045831171430e-12
6.561177672614024914e+01 1.746826633175118868e-07 3.375376941854325485e-07 2.619941400800677958e-12 1.297556545310352919e-07 3.302565048954316336e-07 2.610558668936732766e-12
8.749471046662279150e+01 7.905392318080116745e-08 1.551962429347029615e-07 1.396148328530523687e-12 5.892324679276487307e-08 1.503737486947952982e-07 1.402360761822700364e-12
1.166760716081661968e+02 3.539900033988211285e-08 7.086920108339550107e-08 7.315271880124278943e-13 2.649548420400095567e-08 6.802170663599597635e-08 7.380119555977682092e-13
1.555900421101123356e+02 1.563168098758893064e-08 3.210432680704039799e-08 3.754820406253807718e-13 1.175602535251537368e-08 3.051166874094066331e-08 3.799783560453666264e-13
2.074826557850288964e+02 6.780108555889573961e-09 1.440257859191086977e-08 1.887823054835289088e-13 5.123984889291780769e-09 1.353892198076851526e-08 1.921518218568032995e-13
2.766825682915017524e+02 2.876919083635248755e-09 6.386832822122072830e-09 9.586204153089956462e-14 2.184048907534870692e-09 5.927169364026406640e-09 9.591293019843984876e-14
3.689621347227101182e+02 1.190073454929450377e-09 2.798302830788635378e-09 4.839900557402873309e-14 9.072297889777267455e-10 2.553859718236353019e-09 4.750172012605316863e-14
4.920189143094656856e+02 4.789650750926796247e-10 1.211328104920311415e-09 2.403819456040407447e-14 3.665166822847569021e-10 1.081567117628022382e-09 2.343744187564970242e-14
6.561177672614023777e+02 1.874168280462000422e-10 5.181428675123559438e-10 1.170763473854429251e-14 1.438854317202491775e-10 4.502920732422309546e-10 1.153547014424176390e-14
8.749471046662279150e+02 7.132234906290520943e-11 2.191371276384799654e-10 5.645087055616923275e-15 5.489521908008785819e-11 1.843965323739749134e-10 5.586376013052930946e-15
1.166760716081661940e+03 2.643110228308801697e-11 9.177585140819166791e-11 2.688052673693407195e-15 2.037433516207170243e-11 7.439330783085535321e-11 2.715596944208789421e-15
1.555900421101123356e+03 9.558749751987964716e-12 3.812430629147205973e-11 1.278606136992892195e-15 7.370631012237612338e-12 2.962053009233029984e-11 1.330556627150820468e-15
2.074826557850288737e+03 3.383673035598518160e-12 1.571803505585872955e-11 6.129130639388415414e-16 2.607303516881443242e-12 1.166588243035704839e-11 6.485377181176265169e-16
2.766825682915017296e+03 1.177126431274222309e-12 6.449572662362672140e-12 2.940314349134158155e-16 9.055539433564002301e-13 4.552272498567449779e-12 3.095276254520982618e-16
3.689621347227101069e+03 4.047624827752912646e-13 2.639932081980298124e-12 1.403283036238322879e-16 3.103676952924192634e-13 1.764732185537329562e-12 1.451375657875414834e-16
4.920189143094656174e+03 1.385305108902267174e-13 1.080077673056393999e-12 6.724405377533432357e-17 1.056254537939968615e-13 6.823383510149271404e-13 6.835928925194695088e-17
6.561177672614025141e+03 4.749558227009626760e-14 4.422313596224331795e-13 3.254311894428892857e-17 3.591325322834587678e-14 2.641670281469116784e-13 3.228803498962078389e-17
8.749471046662278241e+03 1.640091777685570799e-14 1.811765171544107563e-13 1.558962599404158746e-17 1.226055351806544422e-14 1.025564775133506824e-13 1.533166992348270071e-17
1.166760716081662031e+04 5.723491252420672555e-15 7.425567282340987038e-14 7.385079065202748405e-18 4.217513650360139761e-15 3.991574838278058373e-14 7.256424926492812531e-18
1.555900421101123356e+04 2.018965826645639688e-15 3.038879280019063929e-14 3.471893584828831716e-18 1.463678199684704800e-15 1.557064621943936660e-14 3.430333633342364802e-18
2.074826557850289100e+04 7.184990157280829392e-16 1.235123425452730050e-14 1.636076966535295281e-18 5.122010182285544954e-16 6.072216726190265370e-15 1.624114568850705465e-18
2.766825682915017387e+04 2.572002027033624065e-16 4.957246971242170745e-15 7.702392247788493610e-19 1.804344374996518363e-16 2.356318099991151292e-15 7.676374310830649724e-19
3.689621347227100341e+04 9.227498575960278968e-17 1.961841090110672201e-15 3.638544533181095393e-19 6.386417447151597722e-17 9.070716926391586692e-16 3.615347293479003234e-19
4.920189143094656174e+04 3.309653821673962251e-17 7.621001959277285897e-16 1.717767926028224021e-19 2.268016617150561319e-17 3.447425041224331646e-16 1.714458172542906040e-19
6.561177672614024777e+04 1.185745154270006711e-17 2.900959356715575477e-16 8.047550273847209223e-20 8.087280584001967112e-18 1.289666396891413403e-16 8.115031282951621506e-20
8.749471046662278241e+04 4.240319798107057271e-18 1.082912106506040800e-16 3.763160881743172202e-20 2.896982585557231187e-18 4.754456286707092243e-17 3.806439420529702340e-20
1.166760716081661958e+05 1.516888178443063953e-18 3.963086542655904483e-17 1.764975568712035335e-20 1.045216624023807360e-18 1.728097468348840876e-17 1.776141073722871657e-20
1.555900421101123211e+05 5.447231751804681765e-19 1.425811066169727087e-17 8.308052485789526071e-21 3.807466788944594867e-19 6.195794970821678253e-18 8.249404187011182917e-21
2.074826557850289100e+05 1.970324078988723432e-19 5.069655621746930577e-18 3.887559363885980259e-21 1.404979311405819614e-19 2.197233464158189477e-18 3.863849012248283696e-21
2.766825682915017242e+05 7.212830728734328434e-20 1.782398345009500248e-18 1.802374428342278258e-21 5.278253601317477945e-20 7.724374205070686130e-19 1.817009791946891830e-21
3.689621347227101214e+05 2.688594469535105394e-20 6.205206756548213327e-19 8.332233279845884597e-22 2.026999177762048994e-20 2.701477385729272908e-19 8.484800376376031718e-22
4.920189143094656756e+05 1.021940727065308689e-20 2.160535509073346672e-19 3.907625642675868208e-22 7.960681743309144298e-21 9.468646610541375019e-20 3.933382916897197489e-22
6.561177672614024486e+05 3.955519788925090110e-21 7.538767062782897580e-20 1.821795825512497323e-22 3.189989432767803058e-21 3.326402281730818684e-20 1.830798970970261588e-22
8.749471046662279405e+05 1.560155186224595864e-21 2.630028670767526793e-20 8.450072141072248058e-23 1.305019113782404224e-21 1.169964378527140175e-20 8.544975878574094092e-23
1.166760716081662104e+06 6.286014682551820087e-22 9.157252452234592906e-21 3.964853289740320259e-23 5.442124416059208611e-22 4.135305781625583241e-21 3.998086703062925026e-23
1.555900421101123560e+06 2.586131070407926180e-22 3.191307349059196731e-21 1.859234080909321120e-23 2.306975053809718540e-22 1.469779457757969523e-21 1.874650610148787574e-23
2.074826557850289159e+06 1.085272712636918880e-22 1.116277557705256596e-21 8.674406331314266699e-24 9.917777358090689186e-23 5.259573272232189523e-22 8.795542535107495322e-24
2.766825682915017474e+06 4.632919245335377352e-23 3.921275184356086606e-22 4.063681619091501920e-24 4.316698675621133875e-23 1.899454545320081528e-22 4.107360361900783479e-24
3.689621347227101214e+06 2.010515359788949433e-23 1.386692960202491116e-22 1.895374589348864872e-24 1.900835056375774947e-23 6.944107368952142614e-23 1.907477442436245080e-24
4.920189143094656989e+06 8.846669011479271699e-24 4.949967154221180697e-23 8.775378922107071937e-25 8.442854845957542892e-24 2.575539039292849911e-23 8.827254515645366383e-25
6.561177672614024952e+06 3.928117559812103076e-24 1.787372709203462878e-23 4.093774852145973373e-25 3.781585600353377900e-24 9.708907607677259261e-24 4.083276922551615854e-25
8.749471046662278473e+06 1.756058956883785119e-24 6.532834039739959247e-24 1.906948902409059989e-25 1.706076216679432385e-24 3.732131588037308022e-24 1.892018512829622410e-25
1.166760716081662104e+07 7.902511405840689673e-25 2.423343964637161679e-24 8.813495428278018720e-26 7.729675958202584431e-25 1.464606142070003879e-24 8.827748357477647534e-26
1.555900421101123467e+07 3.580072237719171857e-25 9.162157138164805631e-25 4.082559168528931507e-26 3.515780296765976045e-25 5.874497705274275944e-25 4.091298928340914274e-26
2.074826557850288972e+07 1.629788960463901231e-25 3.534597572397273406e-25 1.881541102121082562e-26 1.603071532366064254e-25 2.403376427240237211e-25 1.879234107621695257e-26
2.766825682915017009e+07 7.436583174938654482e-26 1.391854971180360023e-25 8.665347795333357987e-27 7.320392658794953326e-26 1.001693325229237762e-25 8.657392869045793713e-27
3.689621347227101028e+07 3.389768600227705805e-26 5.590198910737279870e-26 3.988848901171269661e-27 3.340895487956493692e-26 4.244582083525587131e-26 3.953770695919207362e-27
4.920189143094656616e+07 1.541619230862193664e-26 2.286997106585094592e-26 1.831475988265087053e-27 1.523968850954659639e-26 1.823563808126126371e-26 1.805601988851153448e-27
6.561177672614024580e+07 7.017775881284250424e-27 9.525465341028814873e-27 8.355537812559208735e-28 6.942602681945962762e-27 7.924824909341308035e-27 8.237876752137218512e-28
8.749471046662279963e+07 3.182229006025862026e-27 4.020602735913288701e-27 3.793243907990523779e-28 3.158200932538577741e-27 3.473655835061281338e-27 3.764411014294954073e-28
1.166760716081662029e+08 1.431241369326489634e-27 1.710076940412564665e-27 1.727242067102068388e-28 1.426873048113201268e-27 1.525021429054860965e-27 1.709172903180322607e-28
1.555900421101123393e+08 6.391002308114446817e-28 7.309406517637021062e-28 7.727878404268337665e-29 6.376805202655760131e-28 6.672567469233353522e-28 7.646982887463740436e-29
2.074826557850289047e+08 2.832935336833775385e-28 3.129608144075747916e-28 3.409182804677497921e-29 2.817710761654536055e-28 2.900179118162701401e-28 3.393501601066213820e-29
2.766825682915017605e+08 1.237586605347350057e-28 1.332070316441350278e-28 1.489819336395301817e-29 1.225766419026089667e-28 1.246710917033431384e-28 1.477339186086359707e-29
3.689621347227101326e+08 5.329158870650340094e-29 5.623007391800953895e-29 6.380376685777840469e-30 5.256448322429893667e-29 5.299459694473653887e-29 6.324825669352511255e-30
4.920189143094656467e+08 2.253332501128731379e-29 2.342268330773353199e-29 2.651217523506515008e-30 2.211814039229379972e-29 2.215383555733193148e-29 2.660959723015697958e-30
6.561177672614024878e+08 9.313915042566674295e-30 9.578440018684173583e-30 1.073931968381702498e-30 9.098775382713257604e-30 9.067748586807332729e-30 1.081845221772139973e-30
8.749471046662279367e+08 3.748190951109389891e-30 3.824611499685018037e-30 4.213862272242669734e-31 3.636957308504992174e-30 3.613164401299846620e-30 4.196508864726318367e-31
1.166760716081662178e+09 1.460381225270758009e-30 1.481301208643863076e-30 1.579649835707806203e-31 1.407998703376274686e-30 1.396276481391809335e-30 1.561362524424578872e-31
1.555900421101123333e+09 5.498857792995666135e-31 5.559386426961478120e-31 5.664712136048641746e-32 5.273273079897825656e-31 5.222563151358194622e-31 5.573898647955034396e-32
2.074826557850289106e+09 2.005412630218383032e-31 2.023517181783969948e-31 1.926552885743489063e-32 1.896779808429384459e-31 1.878717004211057987e-31 1.882337616185655897e-32
2.766825682915017128e+09 7.008743799028809315e-32 7.069186298851725490e-32 6.087211834413013962e-33 6.520882479674390511e-32 6.463740975407081839e-32 5.964032791502172738e-33
3.689621347227100849e+09 2.342561168462511461e-32 2.364188993721950763e-32 1.776490459305587916e-33 2.123311168318524804e-32 2.106889767804901355e-32 1.762913675436872754e-33
4.920189143094656944e+09 7.425311765861776225e-33 7.509675579109325648e-33 4.831568432746622819e-34 6.536897160379336375e-33 6.496680402241464952e-33 4.884892764598450449e-34
6.561177672614025116e+09 2.222062840387450022e-33 2.257083447519407740e-33 1.239157900424834572e-34 1.893831958035534160e-33 1.887063754020211266e-33 1.250973279633521147e-34
8.749471046662279129e+09 6.160362055358152479e-34 6.298098746416160871e-34 2.857966005574671606e-35 5.032781123125233995e-34 5.040605265318868239e-34 2.899144157482654829e-35
1.166760716081661987e+10 1.562545465050320336e-34 1.613902605065143338e-34 5.826660203261211538e-36 1.185058783162617852e-34 1.193517062022557905e-34 5.968946264926027359e-36
1.555900421101123428e+10 3.587777652590476964e-35 3.765383945827761132e-35 1.035733511335136375e-36 2.400221802022996602e-35 2.444818584353180143e-35 1.071947326292838622e-36
2.074826557850289154e+10 7.517500648032424213e-36 8.068921492238332860e-36 1.534367526453445897e-37 3.928216048807666451e-36 4.085858448165422015e-36 1.619436633983495144e-37
2.766825682915017319e+10 1.425662332239775293e-36 1.569097563103587070e-36 1.656922552132961916e-38 4.962166410641630364e-37 5.352111820822164041e-37 1.944961609209228637e-38
3.689621347227101135e+10 2.114247612761601791e-37 2.446504845819416761e-37 1.054349216018811716e-39 4.560057296230845275e-38 4.958654898762013213e-38 1.593153421837838890e-39
4.920189143094656372e+10 2.252730740298065697e-38 2.904169174609426053e-38 3.786003237721791007e-41 1.229674826434109732e-39 1.658115922069602824e-39 6.361084961426084455e-41
6.561177672614024353e+10 8.892954961373963856e-40 1.782189697123835870e-39 2.150053818203706881e-43 1.277292861992445534e-41 3.213700693763031094e-41 9.384896044351989657e-43
8.749471046662280273e+10 2.242554301547278473e-43 4.526195666187016547e-41 2.279334103082628637e-45 1.132779440068285309e-43 5.070930734759054153e-43 1.299150424771501815e-44
