1.166760716081661986e+00 9.497093734386469460e-04 1.765154608757296207e-03 2.882751627181771272e-10 8.155164092270488028e-04 1.766249252710373795e-03 3.196678324766069757e-10
1.555900421101123365e+00 6.414115599715248129e-04 1.204159478007827983e-03 2.887131677007850401e-10 5.473946839911373674e-04 1.202506720350041873e-03 3.134455878155050674e-10
2.074826557850288911e+00 4.225998346247526218e-04 7.965921267888669954e-04 2.698551859772794027e-10 3.571599154596892425e-04 7.961781807062001453e-04 2.835967157908476141e-10
2.766825682915017293e+00 2.697230790486942727e-04 5.091617806566631731e-04 2.221229584681685807e-10 2.252359888763226590e-04 5.096698493160107786e-04 2.262334090503953330e-10
3.689621347227101111e+00 1.661017650074815034e-04 3.135299692376229946e-04 1.795216493901534163e-10 1.367525337778153994e-04 3.142921299687516140e-04 1.762909293239996466e-10
4.920189143094656714e+00 9.854604769962499943e-05 1.854787778324581537e-04 1.447126065116743094e-10 7.977498164154875370e-05 1.863210852099888117e-04 1.383871507046894029e-10
6.561177672614024736e+00 5.620515818037996256e-05 1.051873649477408449e-04 1.123284298730375210e-10 4.463145478039461762e-05 1.059899882032046546e-04 1.066004403295112301e-10
8.749471046662279150e+00 3.072466101194952823e-05 5.701610065764549888e-05 8.182133430207032275e-11 2.390597589258758814e-05 5.772490214720138934e-05 7.684202775762165408e-11
1.166760716081661897e+01 1.605531149543192425e-05 2.948792447293550810e-05 5.471577930903853402e-11 1.225566668321045019e-05 3.006008203169883026e-05 5.145398063841811716e-11
1.555900421101123499e+01 8.021004667473252594e-06 1.462899219621971706e-05 3.586239016212769998e-11 6.030680340491954158e-06 1.499318312912307894e-05 3.405556023355468419e-11
2.074826557850288822e+01 3.854551747840181185e-06 7.051840980082014788e-06 2.316551690303910626e-11 2.870622020593152961e-06 7.214222952053263692e-06 2.227324469365804502e-11
2.766825682915017381e+01 1.804121657633798028e-06 3.341615269305808247e-06 1.462758688573714937e-11 1.337460197478647770e-06 3.386386851652911355e-06 1.413111656744207307e-11
3.689621347227100756e+01 8.327971220223095063e-07 1.568827419913661361e-06 8.726637152490591582e-12 6.166983586110678151e-07 1.567573844185997869e-06 8.502431871587279402e-12
4.920189143094656714e+01 3.815925854926265514e-07 7.297241747908199227e-07 4.845573081855444391e-12 2.828767321948166313e-07 7.203643085994801932e-07 4.767864187414643923e-12
6.561177672614024914e+01 1.735827297032443362e-07 3.367606352296334707e-07 2.626979286025830633e-12 1.289804450185368996e-07 3.292335687161785494e-07 2.617554569224110908e-12
8.749471046662279150e+01 7.814880786639305841e-08 1.545089292736368304e-07 1.400368233835679967e-12 5.826758312573705027e-08 1.494806247352316122e-07 1.406561291139467016e-12
1.166760716081661968e+02 3.470919267430263854e-08 7.030614642196539211e-08 7.339874069877362590e-13 2.598716977857717777e-08 6.729572561484678135e-08 7.404700064087907864e-13
1.555900421101123356e+02 1.515464831349330543e-08 3.168577681116495796e-08 3.768955316581508109e-13 1.140044701999139507e-08 2.997570294482683262e-08 3.813863349439328038e-13
2.074826557850288964e+02 6.482414303834070109e-09 1.412203357732702717e-08 1.895744727937398740e-13 4.900197352337592639e-09 1.318251066699969814e-08 1.929348642155518874e-13
2.766825682915017524e+02 2.708532625199559765e-09 6.216495496226590644e-09 9.629160702645698756e-14 2.056591563522738217e-09 5.712943887052185634e-09 9.633880151292927956e-14
3.689621347227101182e+02 1.102883824904893461e-09 2.703500987061780934e-09 4.862482904999485534e-14 8.408196602931122080e-10 2.436208698130732915e-09 4.772662069673428145e-14
4.920189143094656856e+02 4.371447554372383536e-10 1.162229293981193372e-09 2.415391820374664257e-14 3.344730054659085292e-10 1.021683828639268074e-09 2.355255266781014816e-14
6.561177672614023777e+02 1.686225599080915352e-10 4.941169716076522918e-10 1.176585023436070400e-14 1.294032405718551572e-10 4.216212472217205316e-10 1.159362007515796784e-14
8.749471046662279150e+02 6.333166183407898719e-11 2.078790688234845001e-10 5.673392697659893807e-15 4.870568409660192797e-11 1.713137025648908481e-10 5.614894928484628092e-15
1.166760716081661940e+03 2.319256554622428467e-11 8.667286062121685945e-11 2.701432123273162781e-15 1.785444014623040637e-11 6.864389565563757179e-11 2.729265503121733124e-15
1.555900421101123356e+03 8.300704590402531315e-12 3.587435448077501503e-11 1.284755235257571827e-15 6.388254311851529207e-12 2.717075659163558730e-11 1.336918637489768560e-15
2.074826557850288737e+03 2.913455488363296869e-12 1.475040768832781941e-11 6.156937296770720683e-16 2.238999865647480365e-12 1.064996574043121635e-11 6.514217836256217969e-16
2.766825682915017296e+03 1.007444026431738264e-12 6.042713344952052887e-12 2.952743694037902340e-16 7.722390673344165118e-13 4.141779836117739247e-12 3.108080704468327748e-16
3.689621347227101069e+03 3.453618366402545076e-13 2.472244962128173441e-12 1.408616370612854464e-16 2.635672912255002150e-13 1.602831184206707645e-12 1.457008750803888915e-16
4.920189143094656174e+03 1.182183588915370519e-13 1.011922076684424050e-12 6.747027273516896634e-17 8.959358900430034333e-14 6.197096368569147180e-13 6.860323200789661632e-17
6.561177672614025141e+03 4.065243853860335828e-14 4.146283024094769574e-13 3.263760519907970389e-17 3.050944184368613272e-14 2.402316395778579718e-13 3.239201257718811899e-17
8.749471046662278241e+03 1.410634315692858722e-14 1.698978676002712982e-13 1.562823180478592695e-17 1.045154880051877645e-14 9.343223479847611082e-14 1.537546441581265553e-17
1.166760716081662031e+04 4.949877450746946700e-15 6.955217499207810475e-14 7.400603303869258256e-18 3.610914688181171611e-15 3.640988843497662917e-14 7.274609759865911294e-18
1.555900421101123356e+04 1.754649220349606555e-15 2.837582600389362669e-14 3.478160875859055027e-18 1.258661855571457039e-15 1.420098222782715862e-14 3.437847311800649029e-18
2.074826557850289100e+04 6.266357914821621891e-16 1.147187185082375187e-14 1.638626232506899053e-18 4.421544379934368210e-16 5.526506492063948639e-15 1.627193885548599878e-18
2.766825682915017387e+04 2.247585966253434050e-16 4.570176395289114663e-15 7.712841016745383384e-19 1.562527898343001765e-16 2.135665817067116735e-15 7.688891471920240198e-19
3.689621347227100341e+04 8.069413356662502364e-17 1.792576574330629293e-15 3.642849422355733206e-19 5.545374777941209531e-17 8.172978930338310225e-16 3.620456538374258207e-19
4.920189143094656174e+04 2.894517791372089980e-17 6.896122063122497784e-16 1.719542218918304635e-19 1.974439256297663583e-17 3.084639843954315069e-16 1.716551343908359682e-19
6.561177672614024777e+04 1.037178620146876860e-17 2.599565525793717501e-16 8.055139053536639889e-20 7.062047969514297295e-18 1.145453255761636538e-16 8.123935518457381618e-20
8.749471046662278241e+04 3.712101018382884959e-18 9.616691583661472933e-17 3.766512278643910992e-20 2.539988934435302609e-18 4.193195027537410236e-17 3.810297759159001770e-20
1.166760716081661958e+05 1.330589647845842772e-18 3.491606273911658018e-17 1.766482436742656399e-20 9.214110225725119602e-19 1.514703430031640991e-17 1.777821566308421930e-20
1.555900421101123211e+05 4.795354500063329570e-19 1.247954583093916355e-17 8.314883436817652948e-21 3.379909447876043617e-19 5.403174326965778637e-18 8.256961939630912988e-21
2.074826557850289100e+05 1.743887230301226294e-19 4.414497802634097507e-18 3.890719271867110869e-21 1.257722836434137984e-19 1.908774527584650023e-18 3.867270108720866436e-21
2.766825682915017242e+05 6.429822590506762678e-20 1.546171181895629769e-18 1.803857527909950538e-21 4.770785588980214237e-20 6.692701285906675031e-19 1.818560923130305547e-21
3.689621347227101214e+05 2.417547117158527566e-20 5.368751749637210984e-19 8.339135341113213467e-22 1.851268631553982781e-20 2.337322713216129685e-19 8.491847462630635188e-22
4.920189143094656756e+05 9.278715402655961215e-21 1.866348810473353831e-19 3.910781077470070029e-22 7.348314006290706883e-21 8.189513580873994757e-20 3.936552391328297422e-22
6.561177672614024486e+05 3.628842214957172299e-21 6.507577704737303976e-20 1.823224121213079785e-22 2.975531156480921367e-21 2.878923366076499279e-20 1.832190182811610956e-22
8.749471046662279405e+05 1.446652102792567615e-21 2.270412028887285932e-20 8.456336921066226715e-23 1.229456566065774349e-21 1.014239308897356219e-20 8.551003211478688970e-23
1.166760716081662104e+06 5.890382947108926883e-22 7.911584144236628138e-21 3.967463795018442974e-23 5.173934832004791003e-22 3.594369143940829809e-21 4.000580432984387452e-23
1.555900421101123560e+06 2.447600069449189832e-22 2.761559844094475188e-21 1.860267320475338332e-23 2.211096661919130648e-22 1.282247865303479632e-21 1.875603361175005532e-23
2.074826557850289159e+06 1.036546314955641014e-22 9.682832657780519400e-22 8.678152860296779937e-24 9.572740484424345066e-23 4.610705656347510342e-22 8.798858833321731593e-24
2.766825682915017474e+06 4.460783865063064013e-23 3.412688783066496828e-22 4.064817145283365327e-24 4.191909335282579579e-23 1.675260248962706696e-22 4.108321353607507670e-24
3.689621347227101214e+06 1.949409683522558267e-23 1.212107711074540333e-22 1.895598380356401322e-24 1.855515202836515425e-23 6.169909434816717730e-23 1.907610508125357089e-24
4.920189143094656989e+06 8.628914922712847394e-24 4.350690798912990692e-23 8.774715849808974653e-25 8.277892454089464755e-24 2.308263153492954960e-23 8.826239603347722657e-25
6.561177672614024952e+06 3.850270722360534683e-24 1.581545878428047514e-23 4.092461800542005566e-25 3.721381083136285038e-24 8.787478754244162974e-24 4.081886784748662748e-25
8.749471046662278473e+06 1.728049342716199239e-24 5.826469441160129601e-24 1.905774731957892572e-25 1.683950191389167513e-24 3.414428234792442074e-24 1.890828318727763821e-25
1.166760716081662104e+07 7.800390568638150633e-25 2.181094553216272919e-24 8.804866598101032786e-26 7.647147781947506675e-25 1.354879620194951733e-24 8.819019352240895221e-26
1.555900421101123467e+07 3.541974465683232144e-25 8.329961087342777000e-25 4.076666903983990204e-26 3.484202257535206718e-25 5.494030529889734363e-25 4.085359305337782794e-26
2.074826557850288972e+07 1.615012077306076962e-25 3.248086351960690499e-25 1.877671138392025327e-26 1.590455957862105264e-25 2.271075868454385609e-25 1.875355566297295898e-26
2.766825682915017009e+07 7.375869892837269157e-26 1.292863782379913272e-25 8.640400567893223794e-27 7.266748170146353441e-26 9.553301128460080966e-26 8.632424295483930129e-27
3.689621347227101028e+07 3.362954118214934798e-26 5.245616008370010432e-26 3.973007683715970063e-27 3.316307510662809452e-26 4.079527701544830475e-26 3.938027469621814720e-27
4.920189143094656616e+07 1.528820804959838612e-26 2.165431167575357152e-26 1.821520417602252859e-27 1.511805842124158672e-26 1.763402153130645406e-26 1.795761422163405834e-27
6.561177672614024580e+07 6.952190184428944884e-27 9.088452279816517408e-27 8.293912004458952446e-28 6.878461321116557302e-27 7.696746950150929210e-27 8.176810483376145480e-28
8.749471046662279963e+07 3.146925296517233299e-27 3.858510486707407339e-27 3.755497944790699719e-28 3.122882783806848737e-27 3.382512666338439391e-27 3.726860088618958436e-28
1.166760716081662029e+08 1.411736170803701056e-27 1.647332457022396193e-27 1.704349177681591835e-28 1.407048794202525436e-27 1.486330305255554032e-27 1.686481330803089560e-28
1.555900421101123393e+08 6.282210869542766457e-28 7.053753604330081414e-28 7.592509857991051944e-29 6.265385866456645269e-28 6.498043954734537544e-28 7.512606387417247607e-29
2.074826557850289047e+08 2.772590426418349473e-28 3.019742352810771522e-28 3.331022830562834863e-29 2.755813346338212875e-28 2.817522621453833414e-28 3.315496198119015699e-29
2.766825682915017605e+08 1.204784613483717245e-28 1.282745930814093925e-28 1.445679717833699547e-29 1.192120562769054882e-28 1.206405429037560333e-28 1.433413441156471120e-29
3.689621347227101326e+08 5.155627502738024411e-29 5.395033447156460372e-29 6.139080895369319806e-30 5.078522956034429473e-29 5.101004015550910705e-29 6.084415906581705280e-30
4.920189143094656467e+08 2.164621699693703567e-29 2.235969447657500556e-29 2.524611789266304423e-30 2.120997981998632174e-29 2.118615628994403000e-29 2.533847526616147999e-30
6.561177672614024878e+08 8.878441309369408761e-30 9.087360268342723111e-30 1.010135391932066399e-30 8.654312811726819984e-30 8.607750798774672161e-30 1.017875022442075576e-30
8.749471046662279367e+08 3.544041825859510063e-30 3.603301366120345281e-30 3.907805178637994302e-31 3.429679740133834947e-30 3.402513304341658807e-30 3.892855410875235020e-31
1.166760716081662178e+09 1.369381347099174505e-30 1.385165688174314522e-30 1.441439102232840752e-31 1.316147032173021722e-30 1.303973767943984585e-30 1.425030219256228546e-31
1.555900421101123333e+09 5.113862002604939990e-31 5.159102028696865075e-31 5.078720650200593457e-32 4.887079454411132423e-31 4.837153191901124236e-31 4.997947647229708945e-32
2.074826557850289106e+09 1.850609816757250947e-31 1.864153342851210819e-31 1.695813164803570915e-32 1.743430321700012259e-31 1.726209158989741311e-31 1.656723938675921178e-32
2.766825682915017128e+09 6.420984656841886137e-32 6.467252872423252135e-32 5.258716620054875330e-33 5.947997895572083399e-32 5.894793151983486245e-32 5.150641498419991641e-33
3.689621347227100849e+09 2.132240592241893032e-32 2.149267575826391967e-32 1.506534125795949561e-33 1.923558576957051779e-32 1.908507081258482803e-32 1.494388104098409652e-33
4.920189143094656944e+09 6.720257508410049889e-33 6.788746718207840023e-33 4.026479429336719386e-34 5.887096449906020601e-33 5.850580893938736457e-33 4.069812694418904440e-34
6.561177672614025116e+09 2.001708123032306217e-33 2.030929175942090381e-33 1.017064383736799222e-34 1.697340214371312517e-33 1.691200517875741396e-33 1.026354599030365527e-34
8.749471046662279129e+09 5.527587873771932554e-34 5.644343499919517377e-34 2.315853585525020028e-35 4.492931367072406262e-34 4.499793484582318470e-34 2.347902563980309422e-35
1.166760716081661987e+10 1.397803349507961400e-34 1.441807281439984722e-34 4.670368882512822235e-36 1.054544992404628665e-34 1.061992179879209657e-34 4.782196120371008556e-36
1.555900421101123428e+10 3.202558635648253149e-35 3.355722169088046532e-35 8.231103933569086623e-37 2.130187445249863481e-35 2.169554248634980614e-35 8.513200247599429644e-37
2.074826557850289154e+10 6.699997659883415718e-36 7.177605026491089483e-36 1.211129990206960051e-37 3.479395161172806357e-36 3.618445689043278167e-36 1.277073491312660585e-37
2.766825682915017319e+10 1.269613798004722784e-36 1.394000895983095188e-36 1.301265632045046857e-38 4.388214529670262147e-37 4.731805865689581388e-37 1.524947499592637086e-38
3.689621347227101135e+10 1.881407330822686527e-37 2.170045067448916526e-37 8.237391512000473403e-40 4.026238925824030374e-38 4.375437056208014937e-38 1.242881872773420720e-39
4.920189143094656372e+10 2.003086185656171234e-38 2.570936840443486338e-38 2.940976665994360421e-41 1.082541371171253287e-39 1.456653469913402645e-39 4.925886061144049980e-41
6.561177672614024353e+10 7.904092283905822692e-40 1.571726960973207228e-39 1.618052384022239408e-43 1.112289500069991879e-41 2.790437641832355907e-41 7.108702968370716761e-43
8.749471046662280273e+10 1.952442115837088737e-43 3.979422688389546867e-41 1.710654240804784685e-45 9.814457166288772633e-44 4.376432907768285929e-43 9.813728378373853338e-45
