1.166760716081661986e+00 9.496979893068045525e-04 1.765097131571342123e-03 2.882064138621217004e-10 8.155031886181333478e-04 1.766194846636633640e-03 3.195960973528855656e-10
1.555900421101123365e+00 6.414094071845401115e-04 1.204126730042228734e-03 2.886427409384817993e-10 5.473905327185472555e-04 1.202475726858149565e-03 3.133730076845473878e-10
2.074826557850288911e+00 4.226030636975962079e-04 7.965755413733915328e-04 2.697883823981943194e-10 3.571609631194223519e-04 7.961629655963898449e-04 2.835287210131247525e-10
2.766825682915017293e+00 2.697285517608192205e-04 5.091550469935346738e-04 2.220657246773790846e-10 2.252393803104219786e-04 5.096642630884663273e-04 2.261758746094074260e-10
3.689621347227101111e+00 1.661074673104762588e-04 3.135285437395802545e-04 1.794738849899983414e-10 1.367564364431652214e-04 3.142915949253898391e-04 1.762431085058121440e-10
4.920189143094656714e+00 9.855101998732715407e-05 1.854797631947070074e-04 1.446730262297982495e-10 7.977846605806964027e-05 1.863227488644368472e-04 1.383477652101939234e-10
6.561177672614024736e+00 5.620906658768246066e-05 1.051890910889599683e-04 1.122966914445562507e-10 4.463416877645001648e-05 1.059922535795293340e-04 1.065689243086142746e-10
8.749471046662279150e+00 3.072749640814902172e-05 5.701772297670450434e-05 8.179698550892305519e-11 2.390788858991540062e-05 5.772697455295718255e-05 7.681779336075681854e-11
1.166760716081661897e+01 1.605722895922407652e-05 2.948912691830518924e-05 5.469791820423730641e-11 1.225690992953906303e-05 3.006166153234869498e-05 5.143622882632269629e-11
1.555900421101123499e+01 8.022231483783442792e-06 1.462976835242180765e-05 3.584961355354606107e-11 6.031446436098175210e-06 1.499425212610190308e-05 3.404294379049186189e-11
2.074826557850288822e+01 3.855327264221427933e-06 7.052320232971031718e-06 2.315656420967815012e-11 2.871097252230211390e-06 7.214906625414998654e-06 2.226444891207780820e-11
2.766825682915017381e+01 1.804644574436524955e-06 3.341936838863543887e-06 1.462149094410466426e-11 1.337785658952453175e-06 3.386844596504360588e-06 1.412513511367262519e-11
3.689621347227100756e+01 8.331938488274420751e-07 1.569080186405775215e-06 8.722634450626662527e-12 6.169569325390074325e-07 1.567922379144775746e-06 8.498494451855349770e-12
4.920189143094656714e+01 3.819218213087023317e-07 7.299460073007084647e-07 4.843038882533592754e-12 2.831022893831888965e-07 7.206612150345817704e-07 4.765355884936686685e-12
6.561177672614024914e+01 1.738602670572292902e-07 3.369606631174179743e-07 2.625425714426358245e-12 1.291776823541035049e-07 3.294961829868320820e-07 2.616010297860088248e-12
8.749471046662279150e+01 7.837214275211427061e-08 1.546817207446192773e-07 1.399439479261675352e-12 5.843006434272307139e-08 1.497050072321185283e-07 1.405636756665912109e-12
1.166760716081661968e+02 3.487460514325964464e-08 7.044370157777741848e-08 7.334476736862704190e-13 2.610931456166293818e-08 6.747307296743192549e-08 7.399307415127770268e-13
1.555900421101123356e+02 1.526551479011444394e-08 3.178488772522234691e-08 3.765864821384842705e-13 1.148316519024108762e-08 3.010258639097646749e-08 3.810785122707769406e-13
2.074826557850288964e+02 6.549498823400395044e-09 1.418644924908820432e-08 1.894018805786235625e-13 4.950650266581952215e-09 1.326426979497790741e-08 1.927643427377977918e-13
2.766825682915017524e+02 2.745424822383231197e-09 6.254531858625683174e-09 9.619840193729875433e-14 2.084524562308443334e-09 5.760686550346850504e-09 9.624643701167291783e-14
3.689621347227101182e+02 1.121529263323561414e-09 2.724184463171458043e-09 4.857606177863278296e-14 8.550253651635868821e-10 2.461793405619785552e-09 4.767805406964252946e-14
4.920189143094656856e+02 4.459110130427619786e-10 1.172751533967350434e-09 2.412905199115900936e-14 3.411921410294140272e-10 1.034455738118202374e-09 2.352781413966682386e-14
6.561177672614023777e+02 1.724993392137315135e-10 4.992005282232960493e-10 1.175340057270483241e-14 1.323917179716042250e-10 4.276485756781949177e-10 1.158118416278384065e-14
8.749471046662279150e+02 6.495893326102088679e-11 2.102408263685602362e-10 5.667370914848095625e-15 4.996669233229678550e-11 1.740361975401483416e-10 5.608824486688191008e-15
1.166760716081661940e+03 2.384529429215627411e-11 8.773739237496500979e-11 2.698600867238094582e-15 1.836253890465793521e-11 6.983193575925401907e-11 2.726370134921024118e-15
1.555900421101123356e+03 8.552107723400313371e-12 3.634185365230366849e-11 1.283460564021175917e-15 6.584643971258424168e-12 2.767439647971350988e-11 1.335577094471155174e-15
2.074826557850288737e+03 3.006749904950042080e-12 1.495081053376683423e-11 6.151108614582537501e-16 2.312098411908249717e-12 1.085797366378850316e-11 6.508160112048542014e-16
2.766825682915017296e+03 1.040911064429977221e-12 6.126747528386490863e-12 2.950148205342481647e-16 7.985410068287232270e-13 4.225532502144084357e-12 3.105400914227411093e-16
3.689621347227101069e+03 3.570253298953223377e-13 2.506819221468362848e-12 1.407506108209859176e-16 2.727590366336047869e-13 1.635770724733679570e-12 1.455832948596773624e-16
4.920189143094656174e+03 1.221964508596706452e-13 1.025975122967693621e-12 6.742330730539490746e-17 9.273388172969662908e-14 6.324316154184702937e-13 6.855241514078026129e-17
6.561177672614025141e+03 4.199232986755341234e-14 4.203340800501017903e-13 3.261803487187757818e-17 3.156736131745057827e-14 2.450951178236111748e-13 3.237038616096946727e-17
8.749471046662278241e+03 1.455663997080418119e-14 1.722409453699716816e-13 1.562024711892982223e-17 1.080626909782024769e-14 9.529085915296619451e-14 1.536636434830477942e-17
1.166760716081662031e+04 5.102374803099698807e-15 7.053566510017920030e-14 7.397395777732444195e-18 3.730259034404212969e-15 3.712722482606250311e-14 7.270834699175065680e-18
1.555900421101123356e+04 1.807057103755930016e-15 2.879931078259897052e-14 3.476866142875750022e-18 1.299174313068250608e-15 1.448275168720112802e-14 3.436288124307167295e-18
2.074826557850289100e+04 6.449601420629632746e-16 1.165756370456376798e-14 1.638099176800396897e-18 4.560591882000826051e-16 5.639317959571207427e-15 1.626554844853108845e-18
2.766825682915017387e+04 2.312630543699493449e-16 4.651938394577201229e-15 7.710676409706267265e-19 1.610722575830070359e-16 2.181412719019908941e-15 7.686293261097098467e-19
3.689621347227100341e+04 8.302437373288169863e-17 1.828227048652550107e-15 3.641954431747707509e-19 5.713508905514785261e-17 8.359157944376566094e-16 3.619394313998940741e-19
4.920189143094656174e+04 2.978212559882165050e-17 7.047999977082681879e-16 1.719171433220158513e-19 2.033247867784059673e-17 3.159720664024018207e-16 1.716114944393519654e-19
6.561177672614024777e+04 1.067150908940922617e-17 2.662310419004002354e-16 8.053543035547320863e-20 7.267666710492140942e-18 1.175188179241198989e-16 8.122071008448943738e-20
8.749471046662278241e+04 3.818648918343878145e-18 9.867449828358121971e-17 3.765802722645792055e-20 2.611633337410626597e-18 4.308409735169646465e-17 3.809485870513159387e-20
1.166760716081661958e+05 1.368148375303970813e-18 3.588530684958234382e-17 1.766161699351132044e-20 9.462667501922782779e-19 1.558316060161991901e-17 1.777466045145327749e-20
1.555900421101123211e+05 4.926702051734846826e-19 1.284327817536457581e-17 8.313423794282036398e-21 3.465777532301036710e-19 5.564524382643833540e-18 8.255355528454930269e-21
2.074826557850289100e+05 1.789492870102230251e-19 4.547922394612646674e-18 3.890042815420795924e-21 1.287311218576437544e-19 1.967300372287088792e-18 3.866541017340944269e-21
2.766825682915017242e+05 6.587493384211208612e-20 1.594123901442258311e-18 1.803539904641925181e-21 4.872824709160918432e-20 6.901473106539675530e-19 1.818230130743402158e-21
3.689621347227101214e+05 2.472130758509416233e-20 5.538137522475875173e-19 8.337659840239265874e-22 1.886638593551567067e-20 2.410871824999117113e-19 8.490346192723685079e-22
4.920189143094656756e+05 9.468219509308876856e-21 1.925820362396875270e-19 3.910109190506111769e-22 7.471724683273992208e-21 8.447513974700560377e-20 3.935879379326861775e-22
6.561177672614024486e+05 3.694695119805365787e-21 6.715789498074432463e-20 1.822921539549932242e-22 3.018818946299510184e-21 2.969098297097739066e-20 1.831896219057126900e-22
8.749471046662279405e+05 1.469554120938999178e-21 2.342966999926392321e-20 8.455018619658924506e-23 1.244736317156379149e-21 1.045603326027406121e-20 8.549738003429044631e-23
1.166760716081662104e+06 5.970306437619624059e-22 8.162788976746910424e-21 3.966919540261633228e-23 5.228270779646128185e-22 3.703286910089875381e-21 4.000061561396171942e-23
1.555900421101123560e+06 2.475622734730185468e-22 2.848204607878043521e-21 1.860054792584102631e-23 2.230558057706769353e-22 1.320004231533829135e-21 1.875408052898282685e-23
2.074826557850289159e+06 1.046416107801514339e-22 9.981204692172300363e-22 8.677400315221329415e-24 9.642889640757238742e-23 4.741350782469759646e-22 8.798197902727575199e-24
2.766825682915017474e+06 4.495693817452935083e-23 3.515235414089925597e-22 4.064601676209642253e-24 4.217312541204623775e-23 1.720406726524836003e-22 4.108142563324614800e-24
3.689621347227101214e+06 1.961816004535882071e-23 1.247316604528895755e-22 1.895565796633485918e-24 1.864749835303352604e-23 6.325843278946954338e-23 1.907596788214322998e-24
4.920189143094656989e+06 8.673175070078735663e-24 4.471582887996228773e-23 8.774943136785617994e-25 8.311536627932424888e-24 2.362110396524578006e-23 8.826539588193537757e-25
6.561177672614024952e+06 3.866116789590320247e-24 1.623082642227399363e-23 4.092791277746272292e-25 3.733676379054514575e-24 8.973180507368242324e-24 4.082231796075262804e-25
8.749471046662278473e+06 1.733764327343248208e-24 5.969081210419226578e-24 1.906054125479350679e-25 1.688480278148796482e-24 3.478487616620049036e-24 1.891110895852303096e-25
1.166760716081662104e+07 7.821312522100332408e-25 2.230031486913764594e-24 8.806879942986778181e-26 7.664123240587671406e-25 1.377019829560498109e-24 8.821054695356762842e-26
1.555900421101123467e+07 3.549833638455400561e-25 8.498201927028321165e-25 4.078028944535028496e-26 3.490748794540079878e-25 5.570885224441415688e-25 4.086731841925136977e-26
2.074826557850288972e+07 1.618092749861116148e-25 3.306071338677325179e-25 1.878561359400009475e-26 1.593102187955965940e-25 2.297848586994938243e-25 1.876247677111442452e-26
2.766825682915017009e+07 7.388709088331761674e-26 1.312929938435286099e-25 8.646122798230428854e-27 7.278171983854278156e-26 9.647395151516234640e-26 8.638150929494162154e-27
3.689621347227101028e+07 3.368718403002787264e-26 5.315636890524659752e-26 3.976634084216335071e-27 3.321630379660637511e-26 4.113180829462163297e-26 3.941631002314277344e-27
4.920189143094656616e+07 1.531615920579204151e-26 2.190228070675168005e-26 1.823795525007400154e-27 1.514478273921928462e-26 1.775756485568270583e-26 1.798009979772869036e-27
6.561177672614024580e+07 6.966695858975537987e-27 9.178110851740489806e-27 8.307969993928770544e-28 6.892711360052193707e-27 7.744062473629812254e-27 8.190739174341133793e-28
8.749471046662279963e+07 3.154797738447900602e-27 3.892039623844398929e-27 3.764090306185329053e-28 3.130782284898327570e-27 3.401666822569506355e-27 3.735406906074157130e-28
1.166760716081662029e+08 1.416103211125977857e-27 1.660448270863658864e-27 1.709546942693016990e-28 1.411495591594969434e-27 1.494576673043521092e-27 1.691632654540559518e-28
1.555900421101123393e+08 6.306586193060796543e-28 7.107829358881652079e-28 7.623147319263802057e-29 6.290376338937877889e-28 6.535716767718582380e-28 7.543013776967279546e-29
2.074826557850289047e+08 2.786087927150040400e-28 3.043243801386678415e-28 3.348644362771156209e-29 2.769664895814218419e-28 2.835530806195426301e-28 3.333079121296845131e-29
2.766825682915017605e+08 1.212095673883499657e-28 1.293388664587244393e-28 1.455584989815471913e-29 1.199620375366534811e-28 1.215230626495689111e-28 1.443268637395164794e-29
3.689621347227101326e+08 5.194117985675861709e-29 5.444471228613330376e-29 6.192931550781558930e-30 5.117979416228221625e-29 5.144505803714470393e-29 6.138058769506776516e-30
4.920189143094656467e+08 2.184184934264210577e-29 2.259055510630199037e-29 2.552683708237270152e-30 2.141015580044413549e-29 2.139786490188716160e-29 2.562030824093638138e-30
6.561177672614024878e+08 8.973865441946333881e-30 9.193867977791570362e-30 1.024175181273553015e-30 8.751632063762916121e-30 8.707988124923478061e-30 1.031955052331151981e-30
8.749471046662279367e+08 3.588479573576913787e-30 3.651140608359812440e-30 3.974586311538142267e-31 3.474750329521510742e-30 3.448175365480636930e-30 3.959122594003912416e-31
1.166760716081662178e+09 1.389057487913992816e-30 1.405853512783143510e-30 1.471304059079872022e-31 1.335979617636730596e-30 1.323864055252190829e-30 1.454493354594574364e-31
1.555900421101123333e+09 5.196568003482131552e-31 5.244808018685826297e-31 5.204001151609526410e-32 4.969899345338506387e-31 4.919700538956301597e-31 5.121089692813018229e-32
2.074826557850289106e+09 1.883664284829629644e-31 1.898101524981440405e-31 1.744591117889692865e-32 1.776102679376147890e-31 1.758677044367468357e-31 1.704414883864439039e-32
2.766825682915017128e+09 6.545785462883875571e-32 6.594839544684037565e-32 5.431826233219357556e-33 6.069319109101988228e-32 6.015226612655895890e-32 5.320562542885502993e-33
3.689621347227100849e+09 2.176674285498942706e-32 2.194610540863605867e-32 1.562284917310965600e-33 1.965630106292358030e-32 1.950279517145655593e-32 1.549831659111786668e-33
4.920189143094656944e+09 6.868555710137753935e-33 6.940205179981506824e-33 4.190909687120661436e-34 6.023300922832043429e-33 5.985990300803053662e-33 4.236268233651123327e-34
6.561177672614025116e+09 2.047885310166856676e-33 2.078269816684847786e-33 1.061983377496611454e-34 1.738360512873726554e-33 1.732086129309917526e-33 1.071778666699803147e-34
8.749471046662279129e+09 5.659770779427635587e-34 5.780757613877114450e-34 2.424584491237645277e-35 4.605252885400265981e-34 4.612310533811408919e-34 2.458438000257790725e-35
1.166760716081661987e+10 1.432131544619684366e-34 1.477624043532070650e-34 4.900609337787459792e-36 1.081622518093041111e-34 1.089277879367680463e-34 5.018460693133222357e-36
1.555900421101123428e+10 3.282681842816319981e-35 3.440805919320029621e-35 8.652008669909955738e-37 2.186076198875824181e-35 2.226521961574331514e-35 8.949836237503781654e-37
2.074826557850289154e+10 6.869801788867342377e-36 7.362415932831588901e-36 1.274816653310689663e-37 3.572116113192749740e-36 3.714997870771729118e-36 1.344504299345767432e-37
2.766825682915017319e+10 1.301999768883293660e-36 1.430260283609222654e-36 1.371092411070666840e-38 4.506607906733676096e-37 4.859740169101271677e-37 1.607351864800039763e-38
3.689621347227101135e+10 1.929685158301813682e-37 2.227199499018431785e-37 8.688571665948109447e-40 4.136196649084145593e-38 4.495521999659854663e-38 1.311390766954710580e-39
4.920189143094656372e+10 2.054792740483858021e-38 2.639687659028567135e-38 3.105743651517150227e-41 1.112799427248211844e-39 1.498026419342309873e-39 5.205600818870634650e-41
6.561177672614024353e+10 8.108785752432760922e-40 1.615004101469118430e-39 1.720534262489421401e-43 1.146053570140102999e-41 2.876875693572040968e-41 7.549380646332393675e-43
8.749471046662280273e+10 2.011949986700896229e-43 4.091561789224890388e-41 1.820094467227396872e-45 1.012361440494662750e-43 4.517992708214192920e-43 1.042792503115069122e-44
