1.166760716081661986e+00 9.495209358254363789e-04 1.764550109567129387e-03 2.876396047947351306e-10 8.153212323018471739e-04 1.765660726234596391e-03 3.190051498590258027e-10
1.555900421101123365e+00 6.413401747331544953e-04 1.203808992144894023e-03 2.880619082597534027e-10 5.473105495161890250e-04 1.202166075903602586e-03 3.127747591310458400e-10
2.074826557850288911e+00 4.225984444815079639e-04 7.964089427929680123e-04 2.692370908537616021e-10 3.571418371916976957e-04 7.960040368594809663e-04 2.829677315465694853e-10
2.766825682915017293e+00 2.697551227597315741e-04 5.090812045537998834e-04 2.215927786732076318e-10 2.252508927818988376e-04 5.095977948515171586e-04 2.257003607492488584e-10
3.689621347227101111e+00 1.661436004327222847e-04 3.135056665528237877e-04 1.790785111303521004e-10 1.367789779074173398e-04 3.142749442908220428e-04 1.758472143148126883e-10
4.920189143094656714e+00 9.858549022720748006e-05 1.854810571401210124e-04 1.443449453504777898e-10 7.980145649262625554e-05 1.863290513492826253e-04 1.380212045134057278e-10
6.561177672614024736e+00 5.623713906613809842e-05 1.051989746586547738e-04 1.120331376063108727e-10 4.465296398723267484e-05 1.060062327315548000e-04 1.063071212984748161e-10
8.749471046662279150e+00 3.074801784884165825e-05 5.702819361772207843e-05 8.159428708425737890e-11 2.392127377998472308e-05 5.774087808144265957e-05 7.661598873634223578e-11
1.166760716081661897e+01 1.607092902451497484e-05 2.949700689020534793e-05 5.454872999343246902e-11 1.226546397347145959e-05 3.007238092219342875e-05 5.128794610110200325e-11
1.555900421101123499e+01 8.030705884029111459e-06 1.463468295444086502e-05 3.574250712565584082e-11 6.036482685254965717e-06 1.500131663341462976e-05 3.393715250547659691e-11
2.074826557850288822e+01 3.860388685328030299e-06 7.055139275015043167e-06 2.308123939112894107e-11 2.873994140935305908e-06 7.219164845542339644e-06 2.219040180214180231e-11
2.766825682915017381e+01 1.807826874738004718e-06 3.343679051586725521e-06 1.456998800354314157e-11 1.339610857929615643e-06 3.389486382352931369e-06 1.407455459370128648e-11
3.689621347227100756e+01 8.354848589452286374e-07 1.570398921446651309e-06 8.688634601049296111e-12 6.183459557980419570e-07 1.569828171424774958e-06 8.465022535206139772e-12
4.920189143094656714e+01 3.838020804075200549e-07 7.311197094810563760e-07 4.821373519648578149e-12 2.843296481079166025e-07 7.222719358078027219e-07 4.743905775596418742e-12
6.561177672614024914e+01 1.754901343802440235e-07 3.380684058624393584e-07 2.612046250291260289e-12 1.303044853241279428e-07 3.309652037433808583e-07 2.602710226665672004e-12
8.749471046662279150e+01 7.975940165208554024e-08 1.557006722433462663e-07 1.391374766154381034e-12 5.942485696374959894e-08 1.510319305972581078e-07 1.397609566795366046e-12
1.166760716081661968e+02 3.598204097957767237e-08 7.131885286732692763e-08 7.287189454088662343e-13 2.692127356830362132e-08 6.860175495398486147e-08 7.352061401297782643e-13
1.555900421101123356e+02 1.607363857708027393e-08 3.247101133162232604e-08 3.738531429066199605e-13 1.208410742516454521e-08 3.098128898160127385e-08 3.783554341507380328e-13
2.074826557850288964e+02 7.082855856676987846e-09 1.467250551620893461e-08 1.878602322851124589e-13 5.351149579566886023e-09 1.388239995899539637e-08 1.912391834970582806e-13
2.766825682915017524e+02 3.063771819557667959e-09 6.565685034182271382e-09 9.535614974361909111e-14 2.325349832476074077e-09 6.153045955431918393e-09 9.541083290860160577e-14
3.689621347227101182e+02 1.294537025836232700e-09 2.905631567246056201e-09 4.812949256124115172e-14 9.867407416772960842e-10 2.688063324222202221e-09 4.723328709443552912e-14
4.920189143094656856e+02 5.324030290978871596e-10 1.270370130519074227e-09 2.389812232263673748e-14 4.074307232419957654e-10 1.154414020475601418e-09 2.329815880551420964e-14
6.561177672614023777e+02 2.127240857537820747e-10 5.483615976940528381e-10 1.163620836302291430e-14 1.633686486456759334e-10 4.869366353858342384e-10 1.146412045340625615e-14
8.749471046662279150e+02 8.254367536172861700e-11 2.337465901553313390e-10 5.609837228036646066e-15 6.357842822059048264e-11 2.017298255595793157e-10 5.550907322286797122e-15
1.166760716081661940e+03 3.113492881646983344e-11 9.853672896611561426e-11 2.671134010398716084e-15 2.403063401828970414e-11 8.220494267745829236e-11 2.698357163595961347e-15
1.555900421101123356e+03 1.143694659805474717e-11 4.114714154301433127e-11 1.270715077089707888e-15 8.835896511922464303e-12 3.300853999508992195e-11 1.322425154331328324e-15
2.074826557850288737e+03 4.101898762939335710e-12 1.703158936902030385e-11 6.092976637347275415e-16 3.169410976408537606e-12 1.308963332106038849e-11 6.448079997883933721e-16
2.766825682915017296e+03 1.441254270129713213e-12 7.006449944387436837e-12 2.923970676037878298e-16 1.112929424804879338e-12 5.133773598211036035e-12 3.078535512218186488e-16
3.689621347227101069e+03 4.986045572207720994e-13 2.870755623413892562e-12 1.396203509642794608e-16 3.842586826111776659e-13 1.996062202598457372e-12 1.443949954995180191e-16
4.920189143094656174e+03 1.709329756736434008e-13 1.174014741243663216e-12 6.694126579291559172e-17 1.311878630806412307e-13 7.723117625066857797e-13 6.803566971279945491e-17
6.561177672614025141e+03 5.844871834441488845e-14 4.800767831859910508e-13 3.241574727221829326e-17 4.456284724864920353e-14 2.985733069647722494e-13 3.214942183372398870e-17
8.749471046662278241e+03 2.005964258097993231e-14 1.964457743528732369e-13 1.553734282766255654e-17 1.514894542920229064e-14 1.155996462008959203e-13 1.527310894394835993e-17
1.166760716081662031e+04 6.943835578498469185e-15 8.050756320669875361e-14 7.363979334415174995e-18 5.178134361305168391e-15 4.486945681637155122e-14 7.232039005410834646e-18
1.555900421101123356e+04 2.429322796365868175e-15 3.301293072011626436e-14 3.463364826744786402e-18 1.784397660282256396e-15 1.747580105387679254e-14 3.420243770378845149e-18
2.074826557850289100e+04 8.585644002545824621e-16 1.348110854107151660e-14 1.632611599982345849e-18 6.202686142989219312e-16 6.819367455942779380e-15 1.619978020077901139e-18
2.766825682915017387e+04 3.058381157745116240e-16 5.451979317307081323e-15 7.688249353643301808e-19 2.172532071179976510e-16 2.654967496393089987e-15 7.659555453606173247e-19
3.689621347227100341e+04 1.094110739384099766e-16 2.179184620829024179e-15 3.632767016483243288e-19 7.653110293397879288e-17 1.028054975779207321e-15 3.608505194876164518e-19
4.920189143094656174e+04 3.918747434431076591e-17 8.563491737814235371e-16 1.715417809805402099e-19 2.706670689481405636e-17 3.937830187577709306e-16 1.711673441028231509e-19
6.561177672614024777e+04 1.402787514311634776e-17 3.299607204107653065e-16 8.037670358213958136e-20 9.611082203910713246e-18 1.486329480801441836e-16 8.103318008258442279e-20
8.749471046662278241e+04 5.011000807523449639e-18 1.246270320595058958e-16 3.758880099948666026e-20 3.425850148851110371e-18 5.528870795805819765e-17 3.801431713659272959e-20
1.166760716081661958e+05 1.788796326590247954e-18 4.609649303470414209e-17 1.763082046287406486e-20 1.228247305908987842e-18 2.026199132465617574e-17 1.773993463273158622e-20
1.555900421101123211e+05 6.399512139427330119e-19 1.673516515861999724e-17 8.299580419832260296e-21 4.438519841642239354e-19 7.315916863001305218e-18 8.239884241426167125e-21
2.074826557850289100e+05 2.301372195421452070e-19 5.993745549382267481e-18 3.883669547639464309e-21 1.621943118764148434e-19 2.608917063145873212e-18 3.859579898918932620e-21
2.766825682915017242e+05 8.357984224737130605e-20 2.118902967230634823e-18 1.800554879130826157e-21 6.024295319938111129e-20 9.208409269322115925e-19 1.815081812740637828e-21
3.689621347227101214e+05 3.084887362297985714e-20 7.405622817079559073e-19 8.323739537831562685e-22 2.284614627960960840e-20 3.228401986347466927e-19 8.476032818422536535e-22
4.920189143094656756e+05 1.159341247812477387e-20 2.584988401859678356e-19 3.903705703267256781e-22 8.855213315085596366e-21 1.132725925926176480e-19 3.929411087875694712e-22
6.561177672614024486e+05 4.431827205942290946e-21 9.032122742561670087e-20 1.819998729503957800e-22 3.501901107924506386e-21 3.978428949787037225e-20 1.829034772578250637e-22
8.749471046662279405e+05 1.725220526626906864e-21 3.152102489428492606e-20 8.442054392944404880e-23 1.414360722969593391e-21 1.397269333528334183e-20 8.537205986138733492e-23
1.166760716081662104e+06 6.859476590563831711e-22 1.096833623697802030e-20 3.961433611159686180e-23 5.828067235736854360e-22 4.925593886534728134e-21 3.994801057139967848e-23
1.555900421101123560e+06 2.786169213475643477e-22 3.816579523293835797e-21 1.857835451334292692e-23 2.444192584620068372e-22 1.743834159752688543e-21 1.873349725540297854e-23
2.074826557850289159e+06 1.155357788746622307e-22 1.331640353240707851e-21 8.669053057989011682e-24 1.040912160076387016e-22 6.207680320804556131e-22 8.790721589838560328e-24
2.766825682915017474e+06 4.879590310854780517e-23 4.661182786689501408e-22 4.061864225851526350e-24 4.493677227709113785e-23 2.226896178438547401e-22 4.105767856778108680e-24
3.689621347227101214e+06 2.097787490457825581e-23 1.640539550058991971e-22 1.894865097058252643e-24 1.964908392028010304e-23 8.074129564469880067e-23 1.907088508508490312e-24
4.920189143094656989e+06 9.156685597676272285e-24 5.820592090208784031e-23 8.774892816006690508e-25 8.675469267063401585e-24 2.965345392854467135e-23 8.827244142818748702e-25
6.561177672614024952e+06 4.038537158632692840e-24 2.086084364336348451e-23 4.094656320318624371e-25 3.866202401179721288e-24 1.105142625640276489e-23 4.084269042937777481e-25
8.749471046662278473e+06 1.795566331536676372e-24 7.556679579151361665e-24 1.907971273708409731e-25 1.736996026831111337e-24 4.194428618535959789e-24 1.893064696503986452e-25
1.166760716081662104e+07 8.045180232760557274e-25 2.773933545179484200e-24 8.821626998392370860e-26 7.843778190777681682e-25 1.623979302545002975e-24 8.835995840842697858e-26
1.555900421101123467e+07 3.632434109951610818e-25 1.036413059114052724e-24 4.088311174893042598e-26 3.558632447730137176e-25 6.425588869787236666e-25 4.097103982928500066e-26
2.074826557850288972e+07 1.649578407704912298e-25 3.947291223932256577e-25 1.885386631829469424e-26 1.619699143900590212e-25 2.594180608503357206e-25 1.883089176572996729e-26
2.766825682915017009e+07 7.514955395679113537e-26 1.533884128967323790e-25 8.690388261433264723e-27 7.388340413361409520e-26 1.068097502902514235e-25 8.682460442352429301e-27
3.689621347227101028e+07 3.422858339853643708e-26 6.081666098753660242e-26 4.004852776006997918e-27 3.370631961723803732e-26 4.478380063596626324e-26 3.969681213088428530e-27
4.920189143094656616e+07 1.556693748568372404e-26 2.458798411069044235e-26 1.841586979726176742e-27 1.538033101087137404e-26 1.907316769312908697e-26 1.815599752101134641e-27
6.561177672614024580e+07 7.091992805027831721e-27 1.013441948721823132e-26 8.418445505272858281e-28 7.014142846684027186e-27 8.234349002967494103e-27 8.300232947834843215e-28
8.749471046662279963e+07 3.221071362090627524e-27 4.241885197836426020e-27 3.832000313426981919e-28 3.196666913499841807e-27 3.593220250888214564e-27 3.802980781786474201e-28
1.166760716081662029e+08 1.452369747653062576e-27 1.793425871271345070e-27 1.750914866861229767e-28 1.448208394564739294e-27 1.573824933931548886e-27 1.732646034288054867e-28
1.555900421101123393e+08 6.508236928115906760e-28 7.638170465089640633e-28 7.869074595702691411e-29 6.496421933541818686e-28 6.884468561793745744e-28 7.787211045897814783e-29
2.074826557850289047e+08 2.898138811109390107e-28 3.266309062247000111e-28 3.491568927582779524e-29 2.884467116747009837e-28 2.997547676914941712e-28 3.475771648094911798e-29
2.766825682915017605e+08 1.273333675200887549e-28 1.391773921895543894e-28 1.536940576720888341e-29 1.262412572525245920e-28 1.293315252943224853e-28 1.524258163855636410e-29
3.689621347227101326e+08 5.520700618681927039e-29 5.894025121972699554e-29 6.641888105559675666e-30 5.452918823449361357e-29 5.527339733154498805e-29 6.585503854476319225e-30
4.920189143094656467e+08 2.352809802154342438e-29 2.467670853756651356e-29 2.790891626159443444e-30 2.313776108494067681e-29 2.326802356544763840e-29 2.801203323845094951e-30
6.561177672614024878e+08 9.811013587897940013e-30 1.015852809767382179e-29 1.145773204853624023e-30 9.607145412403867995e-30 9.602498230651550769e-30 1.153852283843808331e-30
8.749471046662279367e+08 3.985679269044286769e-30 4.088089883216163962e-30 4.566688109595309757e-31 3.878768709053190680e-30 3.861497864883573710e-30 4.546391339920420492e-31
1.166760716081662178e+09 1.568300605854462780e-30 1.597126917464819394e-30 1.743307555325641091e-31 1.517338138524469688e-30 1.506894953693713605e-30 1.722717993108454759e-31
1.555900421101123333e+09 5.964147002466882596e-31 6.048480524749524631e-31 6.379354085338329811e-32 5.742210994890500519e-31 5.692563044791452968e-31 6.276083896341592619e-32
2.074826557850289106e+09 2.195867996376327502e-31 2.221110809584555280e-31 2.216940803988622983e-32 2.086589274042271360e-31 2.067987120933260937e-31 2.166291686081537902e-32
2.766825682915017128e+09 7.744026318617774283e-32 7.826508669250136626e-32 7.164868784081375621e-33 7.242851799432441965e-32 7.181872918213966868e-32 7.022454903196159184e-33
3.689621347227100849e+09 2.609687422872157902e-32 2.638370264920188235e-32 2.139599735829870099e-33 2.379229693539934332e-32 2.361279343806352079e-32 2.124248774937721046e-33
4.920189143094656944e+09 8.332904982181945667e-33 8.441147862456237221e-33 5.950065888202474750e-34 7.381757318541086904e-33 7.337137880797115839e-33 6.017308631620253200e-34
6.561177672614025116e+09 2.508988440129995491e-33 2.552557031584955337e-33 1.556781256060678066e-34 2.152565666357843251e-33 2.145036959744648928e-33 1.572228900437521923e-34
8.749471046662279129e+09 6.992540896275135552e-34 7.160781334112906341e-34 3.653083214502925778e-35 5.751346526517812173e-34 5.760513377418010934e-34 3.707938183826161400e-35
1.166760716081661987e+10 1.780931705913117334e-34 1.842880914478854482e-34 7.560778702340128176e-36 1.360403057855946466e-34 1.370237247331017356e-34 7.748924778419864949e-36
1.555900421101123428e+10 4.101524986691722147e-35 4.314141320487350541e-35 1.360497255024841696e-36 2.765920424304670004e-35 2.817624990420862474e-35 1.409017568214609305e-36
2.074826557850289154e+10 8.612866234444075332e-36 9.269621793640536533e-36 2.035531163508191459e-37 4.539823249126079016e-36 4.722889339798022202e-36 2.150424690792019101e-37
2.766825682915017319e+10 1.635426004594807653e-36 1.806058443038330834e-36 2.214614948200599129e-38 5.748280882069570232e-37 6.201928991874872370e-37 2.604271545589382325e-38
3.689621347227101135e+10 2.428435460745236904e-37 2.822898468943484943e-37 1.419889448805184644e-39 5.294598687347126105e-38 5.761781981489793816e-38 2.147927553870497700e-39
4.920189143094656372e+10 2.591090157556115760e-38 3.361140742510983934e-38 5.137862783656467230e-41 1.432647222000257164e-39 1.936910353510664968e-39 8.651381802705996301e-41
6.561177672614024353e+10 1.023643603733565292e-39 2.073850405994185170e-39 3.016804402772118249e-43 1.506308299461361455e-41 3.804202298697837904e-41 1.303024150722462622e-42
8.749471046662280273e+10 2.639943762067351539e-43 5.290196794833091145e-41 3.207415366836733881e-45 1.342872433278094036e-43 6.039937605924583969e-43 1.810716780867712385e-44
