1.166760716081661986e+00 9.497075242596987425e-04 1.765147709438169565e-03 2.882677315577756860e-10 8.155144439528816576e-04 1.766242574328629692e-03 3.196600779184749570e-10
1.555900421101123365e+00 6.414110593958231550e-04 1.204155616345348829e-03 2.887055553972233781e-10 5.473940011238402625e-04 1.202503001706416207e-03 3.134377423297245909e-10
2.074826557850288911e+00 4.226000850112218298e-04 7.965902045007983634e-04 2.698479656987273593e-10 3.571599425020495098e-04 7.961763876699627564e-04 2.835893666127742691e-10
2.766825682915017293e+00 2.697236446662156797e-04 5.091610112796941378e-04 2.221167732737986918e-10 2.252363326017222018e-04 5.096691976069236919e-04 2.262271914794595943e-10
3.689621347227101111e+00 1.661023817813565048e-04 3.135298084688035677e-04 1.795164883697630780e-10 1.367529554776224449e-04 3.142920644028961890e-04 1.762857622713195471e-10
4.920189143094656714e+00 9.854659227157161830e-05 1.854788884944470306e-04 1.447083303379207698e-10 7.977536384758300439e-05 1.863212699607750687e-04 1.383828956870570588e-10
6.561177672614024736e+00 5.620558766537912923e-05 1.051875573267455392e-04 1.123250014795707470e-10 4.463175362554241699e-05 1.059902400086524583e-04 1.065970360783518212e-10
8.749471046662279150e+00 3.072497284298107180e-05 5.701628076496407767e-05 8.181870474424281510e-11 2.390618674057505119e-05 5.772513193387817699e-05 7.683941062588598919e-11
1.166760716081661897e+01 1.605552255951480211e-05 2.948805783276467945e-05 5.471385098286446018e-11 1.225580392980586778e-05 3.006025696386277913e-05 5.145206412072974707e-11
1.555900421101123499e+01 8.021140005838655278e-06 1.462907845007155799e-05 3.586101122596481974e-11 6.030765185318088136e-06 1.499330165344550211e-05 3.405419861843698509e-11
2.074826557850288822e+01 3.854637646563421636e-06 7.051894492056398961e-06 2.316455098771265292e-11 2.870674936607571255e-06 7.214299025623463542e-06 2.227229575972652591e-11
2.766825682915017381e+01 1.804179865402061274e-06 3.341651358490718444e-06 1.462692943561772208e-11 1.337496641913347895e-06 3.386438028940002200e-06 1.413047151932089835e-11
3.689621347227100756e+01 8.328414273269405564e-07 1.568855845645867013e-06 8.726205668943845371e-12 6.167273808581302067e-07 1.567612932612553834e-06 8.502007457799066126e-12
4.920189143094656714e+01 3.816293422162016711e-07 7.297490821345329046e-07 4.845300059206792436e-12 2.829019969170899436e-07 7.203975975172002073e-07 4.767593962519699813e-12
6.561177672614024914e+01 1.736136000777542764e-07 3.367829954983976675e-07 2.626812022002606188e-12 1.290024241666343388e-07 3.292629093567633845e-07 2.617388307459041241e-12
8.749471046662279150e+01 7.817349761714117521e-08 1.545281232161603881e-07 1.400268314133929183e-12 5.828556235477908419e-08 1.495055463541981391e-07 1.406461824100909089e-12
1.166760716081661968e+02 3.472734232263627935e-08 7.032131143533701830e-08 7.339293861370294366e-13 2.600057787471407646e-08 6.731527715582481637e-08 7.404120355690514060e-13
1.555900421101123356e+02 1.516671713862915286e-08 3.169661680752710483e-08 3.768623369273403558e-13 1.140945343864857522e-08 2.998957913260318062e-08 3.813532725071134671e-13
2.074826557850288964e+02 6.489662251550874724e-09 1.412902559719800199e-08 1.895559508757490864e-13 4.905648922671384398e-09 1.319138268033963079e-08 1.929165667503711318e-13
2.766825682915017524e+02 2.712492043533093534e-09 6.220596895885139222e-09 9.628161476547734580e-14 2.059589650765334604e-09 5.718089032202773773e-09 9.632890043048185100e-14
3.689621347227101182e+02 1.104873764142894528e-09 2.705719369770608263e-09 4.861960690063865249e-14 8.423358770939527515e-10 2.438950323688007010e-09 4.772142006765683924e-14
4.920189143094656856e+02 4.380761138559721067e-10 1.163353353077089082e-09 2.415125871045684409e-14 3.351869327627378865e-10 1.023046491816222869e-09 2.354990671237422590e-14
6.561177672614023777e+02 1.690329694160463718e-10 4.946585337868146388e-10 1.176452025598221670e-14 1.297196435033411343e-10 4.222622898243185360e-10 1.159229155098010938e-14
8.749471046662279150e+02 6.350344318559622412e-11 2.081302173767872818e-10 5.672750211252296662e-15 4.883881563557423751e-11 1.716026258197544861e-10 5.614247158848265233e-15
1.166760716081661940e+03 2.326131344378271618e-11 8.678592858731169599e-11 2.701130431724791609e-15 1.790796071104969346e-11 6.876978692515427987e-11 2.728956900106566273e-15
1.555900421101123356e+03 8.327133502244948676e-12 3.592396625413732226e-11 1.284617443712593817e-15 6.408901889309227534e-12 2.722406607582570365e-11 1.336775802978343527e-15
2.074826557850288737e+03 2.923247604415369665e-12 1.477165898420043905e-11 6.156317599410518615e-16 2.246672895243538424e-12 1.067196289189453246e-11 6.513573461962455212e-16
2.766825682915017296e+03 1.010952149203968188e-12 6.051618986922373314e-12 2.952467991273466835e-16 7.749963321664973700e-13 4.150629674925551190e-12 3.107795887343369383e-16
3.689621347227101069e+03 3.465832805948607363e-13 2.475907647675940704e-12 1.408498518529773091e-16 2.645299466726915387e-13 1.606309572693924259e-12 1.456883858654844211e-16
4.920189143094656174e+03 1.186347526164042216e-13 1.013410928420944716e-12 6.746529056346130559e-17 8.992229978481618779e-14 6.210526318728002255e-13 6.859783675044055458e-17
6.561177672614025141e+03 4.079269455063443802e-14 4.152332130216043477e-13 3.263553027186956126e-17 3.062017616066148789e-14 2.407451215349204939e-13 3.238971730252765689e-17
8.749471046662278241e+03 1.415350830031786304e-14 1.701465851492495698e-13 1.562738550700790815e-17 1.048869452386391607e-14 9.362859595200697857e-14 1.537449881155683901e-17
1.166760716081662031e+04 4.965867988625198395e-15 6.965673352233140378e-14 7.400263410950260169e-18 3.623422443484528358e-15 3.648575659891512504e-14 7.274209277414900822e-18
1.555900421101123356e+04 1.760152112661633684e-15 2.842090987762780118e-14 3.478023675808416739e-18 1.262912025055891461e-15 1.423082079680639467e-14 3.437681916469252601e-18
2.074826557850289100e+04 6.285624788210312539e-16 1.149165514158871098e-14 1.638570368321580911e-18 4.436146709760600844e-16 5.538465657318027773e-15 1.627126094709826780e-18
2.766825682915017387e+04 2.254432534996854880e-16 4.578886405477975947e-15 7.712611459955746872e-19 1.567593521337593690e-16 2.140518193383195901e-15 7.688615822846646229e-19
3.689621347227100341e+04 8.093959257990926944e-17 1.796371235765776680e-15 3.642754421998633690e-19 5.563058141351577631e-17 8.192725821348426246e-16 3.620343796561781659e-19
4.920189143094656174e+04 2.903337055376059457e-17 6.912266538941734059e-16 1.719502810420996761e-19 1.980626881814788029e-17 3.092598510357191459e-16 1.716504991832247037e-19
6.561177672614024777e+04 1.040337177236983420e-17 2.606224825247297337e-16 8.054969158647579381e-20 7.083687217475524464e-18 1.148602229406092273e-16 8.123737265891215655e-20
8.749471046662278241e+04 3.723328303463566943e-18 9.643263833933861274e-17 3.766436626830095094e-20 2.547529586597909960e-18 4.205383389146348068e-17 3.810211328841220688e-20
1.166760716081661958e+05 1.334546705547445907e-18 3.501862578503417907e-17 1.766448198122550353e-20 9.240272724625778099e-19 1.519312332725416330e-17 1.777783670708742016e-20
1.555900421101123211e+05 4.809190722313766816e-19 1.251798883909578533e-17 8.314727486860093115e-21 3.388948285712148380e-19 5.420209742865004364e-18 8.256790524912620470e-21
2.074826557850289100e+05 1.748690825085497371e-19 4.428585928112807816e-18 3.890646972767783480e-21 1.260837761369210967e-19 1.914949000991770022e-18 3.867192265938289546e-21
2.766825682915017242e+05 6.446429048377831913e-20 1.551230707670829201e-18 1.803823580228038110e-21 4.781529572185166580e-20 6.714713578685664328e-19 1.818525602736109910e-21
3.689621347227101214e+05 2.423296163672503133e-20 5.386613964389223685e-19 8.338977720828376605e-22 1.854993707643579080e-20 2.345074122054834286e-19 8.491687218507856445e-22
4.920189143094656756e+05 9.298676723462646484e-21 1.872617811159806814e-19 3.910709377545215831e-22 7.361315265419509016e-21 8.216696188625829791e-20 3.936480617169088536e-22
6.561177672614024486e+05 3.635779895246363397e-21 6.529519749138045130e-20 1.823191873541880326e-22 2.980093212661503593e-21 2.888422164370267266e-20 1.832158872661739348e-22
8.749471046662279405e+05 1.449065403819955141e-21 2.278056763588578111e-20 8.456196662900967482e-23 1.231067573763733076e-21 1.017542706899061645e-20 8.550868681292108259e-23
1.166760716081662104e+06 5.898807266858080502e-22 7.938049505909701325e-21 3.967406027278432022e-23 5.179666273267413749e-22 3.605840139761486771e-21 4.000525385754897150e-23
1.555900421101123560e+06 2.450554714516346541e-22 2.770687735735266934e-21 1.860244841223166040e-23 2.213150358665956347e-22 1.286224214516114068e-21 1.875582721015991557e-23
2.074826557850289159e+06 1.037587284071079842e-22 9.714265434919311090e-22 8.678073763082732247e-24 9.580145795918867130e-23 4.624464827026027167e-22 8.798789511648485795e-24
2.766825682915017474e+06 4.464466858786379048e-23 3.423492068630654562e-22 4.064794857083316565e-24 4.194591787387890927e-23 1.680015097213788262e-22 4.108302967138837950e-24
3.689621347227101214e+06 1.950718881083062797e-23 1.215817137533788846e-22 1.895595308504091332e-24 1.856490544156682368e-23 6.186333211007286220e-23 1.907609437835649102e-24
4.920189143094656989e+06 8.633586790309797738e-24 4.363428201984418247e-23 8.774742432040253189e-25 8.281446647185150492e-24 2.313934971409508428e-23 8.826273887541297138e-25
6.561177672614024952e+06 3.851943962773162467e-24 1.585922634761227520e-23 4.092498316972095024e-25 3.722680417458646436e-24 8.807040604901161871e-24 4.081924936317072782e-25
8.749471046662278473e+06 1.728653176339942708e-24 5.841498115392776337e-24 1.905805350266961506e-25 1.684429235794036350e-24 3.421177032475216422e-24 1.890859270944968546e-25
1.166760716081662104e+07 7.802603490750820358e-25 2.186252309410149636e-24 8.805086282178557639e-26 7.648945068080384951e-25 1.357212549641572001e-24 8.819241403303511724e-26
1.555900421101123467e+07 3.542807208037537783e-25 8.347696277395326935e-25 4.076815209667594011e-26 3.484896777980145953e-25 5.502131024423712449e-25 4.085508742728494221e-26
2.074826557850288972e+07 1.615339376702102166e-25 3.254200495979739519e-25 1.877767962519563803e-26 1.590737530986703262e-25 2.273898999844611435e-25 1.875452593803126374e-26
2.766825682915017009e+07 7.377238830317776969e-26 1.294980478385170703e-25 8.641022525995014307e-27 7.267968292342338068e-26 9.563230506320750107e-26 8.633046719111265531e-27
3.689621347227101028e+07 3.363571182739618013e-26 5.253006820440234915e-26 3.973401656191572667e-27 3.316878287677097651e-26 4.083083188003339043e-26 3.938418946389004331e-27
4.920189143094656616e+07 1.529121150171943314e-26 2.168051051042731722e-26 1.821767478826552530e-27 1.512093415105421888e-26 1.764709770918686883e-26 1.796005593205323787e-27
6.561177672614024580e+07 6.953753443003440638e-27 9.097938936430937067e-27 8.295437908382993609e-28 6.879998633576591996e-27 7.701767779225522892e-27 8.178322307081318410e-28
8.749471046662279963e+07 3.147775259928659789e-27 3.862065479193338420e-27 3.756430078851147603e-28 3.123736259734744370e-27 3.384551684646858075e-27 3.727787250402501541e-28
1.166760716081662029e+08 1.412208062219129693e-27 1.648726702990282893e-27 1.704912673075582659e-28 1.407529507661583941e-27 1.487211139170832983e-27 1.687039771549079544e-28
1.555900421101123393e+08 6.284844965805707952e-28 7.059518475185558960e-28 7.595828565558379175e-29 6.268087071216188869e-28 6.502079964758038930e-28 7.515900024350444781e-29
2.074826557850289047e+08 2.774048270886594513e-28 3.022254423027321558e-28 3.332929729609049334e-29 2.757309585756503639e-28 2.819455919754835963e-28 3.317398819490173766e-29
2.766825682915017605e+08 1.205573526523982115e-28 1.283885771632748938e-28 1.446750328369449632e-29 1.192929850535791222e-28 1.207353858054870418e-28 1.434478584220568821e-29
3.689621347227101326e+08 5.159775700154279150e-29 5.400333904616815256e-29 6.144893134688971684e-30 5.082774981757345577e-29 5.105679636181646186e-29 6.090205452417089131e-30
4.920189143094656467e+08 2.166726985005212449e-29 2.238445165889066659e-29 2.527636654881844733e-30 2.123151878058691688e-29 2.120889763361407990e-29 2.536884374346989246e-30
6.561177672614024878e+08 8.888693975762843734e-30 9.098776997147996420e-30 1.011645367164611577e-30 8.664767013653693202e-30 8.618506757614554261e-30 1.019389383367872696e-30
8.749471046662279367e+08 3.548808503039563907e-30 3.608424802888032875e-30 3.914972026931998579e-31 3.434512979239507942e-30 3.407406547619442694e-30 3.899967392433694146e-31
1.166760716081662178e+09 1.371488479751393359e-30 1.387378772340399761e-30 1.444636366291045906e-31 1.318270167678656438e-30 1.306102131332002739e-30 1.428184574086972574e-31
1.555900421101123333e+09 5.122705092682093804e-31 5.168259019484058291e-31 5.092097494460988605e-32 4.895930885257128140e-31 4.845973019696275651e-31 5.011096375661169092e-32
2.074826557850289106e+09 1.854138905376354214e-31 1.867775917703301196e-31 1.701007092874891244e-32 1.746916718560267257e-31 1.729673149671035358e-31 1.661802034425016013e-32
2.766825682915017128e+09 6.434291227061089263e-32 6.480851085884988210e-32 5.277097556429670300e-33 5.960925084259877086e-32 5.907624510553688973e-32 5.168683028310566786e-33
3.689621347227100849e+09 2.136972538187540293e-32 2.154094838434017937e-32 1.512437314755791019e-33 1.928035627702216925e-32 1.912952067198698169e-32 1.500258457394862876e-33
4.920189143094656944e+09 6.736033937105398338e-33 6.804855007257145905e-33 4.043844715461738469e-34 5.901574301470249288e-33 5.864973809282370343e-33 4.087391451355317737e-34
6.561177672614025116e+09 2.006616316147186296e-33 2.035959768653933756e-33 1.021797450208654721e-34 1.701696349754588549e-33 1.695542272929914696e-33 1.031140733268261828e-34
8.749471046662279129e+09 5.541627208100309425e-34 5.658828534599504608e-34 2.327288443426153735e-35 4.504849996757624733e-34 4.511732759041104457e-34 2.359526513514012335e-35
1.166760716081661987e+10 1.401447284065922332e-34 1.445608161917227280e-34 4.694542557730989035e-36 1.057416354604867673e-34 1.064885578150429660e-34 4.807001192963509979e-36
1.555900421101123428e+10 3.211060099134009236e-35 3.364746965910365867e-35 8.275237828087475729e-37 2.136110752387685980e-35 2.175591818747577551e-35 8.558980631851670297e-37
2.074826557850289154e+10 6.718009066111176159e-36 7.197200336455693542e-36 1.217800814266083465e-37 3.489217978848847664e-36 3.628674137643912881e-36 1.284135853645425912e-37
2.766825682915017319e+10 1.273048389035123331e-36 1.397844338080694845e-36 1.308573851556550489e-38 4.400752812184518992e-37 4.745354027998054949e-37 1.533570630700307472e-38
3.689621347227101135e+10 1.886526224516072576e-37 2.176101091632743329e-37 8.284576179010341714e-40 4.037880069460566154e-38 4.388149129956519521e-38 1.250045909246080204e-39
4.920189143094656372e+10 2.008567347341960103e-38 2.578218278594639902e-38 2.958194792981155813e-41 1.085743487674928608e-39 1.461030386379824516e-39 4.955111503767933132e-41
6.561177672614024353e+10 7.925788073008178813e-40 1.576306989511288131e-39 1.628729755364861915e-43 1.115858140656779513e-41 2.799569323640715980e-41 7.154665945098454471e-43
8.749471046662280273e+10 1.958734686384237402e-43 3.991283337992285879e-41 1.722053823377861857e-45 9.847118529818363090e-44 4.391380203457186400e-43 9.877765482356454059e-45
