1.166760716081661986e+00 9.495784369108978360e-04 1.764730755312513433e-03 2.878301403921017886e-10 8.153806678884869099e-04 1.765836754712863180e-03 3.192037039534648990e-10
1.555900421101123365e+00 6.413623505719904128e-04 1.203914007664311399e-03 2.882571975252206038e-10 5.473365377945481986e-04 1.202268126142639780e-03 3.129758352317489120e-10
2.074826557850288911e+00 4.225995069720675274e-04 7.964640862128408855e-04 2.694225187094267524e-10 3.571479005909720646e-04 7.960564064754806169e-04 2.831563932036085559e-10
2.766825682915017293e+00 2.697460825906607801e-04 5.091057529523095905e-04 2.217519834390381278e-10 2.252469845700522143e-04 5.096197183509765770e-04 2.258604452208660649e-10
3.689621347227101111e+00 1.661315716575356249e-04 3.135134221554606725e-04 1.792117406670464757e-10 1.367715477480343437e-04 3.142805026513875873e-04 1.759806301243824099e-10
4.920189143094656714e+00 9.857414402913270454e-05 1.854808611003415234e-04 1.444555921193519514e-10 7.979396641328378949e-05 1.863271057875514822e-04 1.381313581138950810e-10
6.561177672614024736e+00 5.622799869572579735e-05 1.051959574234966966e-04 1.121221203017389879e-10 4.464691354825927661e-05 1.060018082797625148e-04 1.063955321537851623e-10
8.749471046662279150e+00 3.074142482242996977e-05 5.702497977964872470e-05 8.166282770031548497e-11 2.391703335716378025e-05 5.773651021156777562e-05 7.668423883177128811e-11
1.166760716081661897e+01 1.606660979706607821e-05 2.949463084032292423e-05 5.459927915978258354e-11 1.226281993892231453e-05 3.006907258362402356e-05 5.133818995085284033e-11
1.555900421101123499e+01 8.028111166395521513e-06 1.463325993559953434e-05 3.577887768726652362e-11 6.034988709821215641e-06 1.499920497921873341e-05 3.397308182820872196e-11
2.074826557850288822e+01 3.858908714025448757e-06 7.054380495382470777e-06 2.310687465536200317e-11 2.873190749320599514e-06 7.217959632259588775e-06 2.221561068337271133e-11
2.766825682915017381e+01 1.806952023797735574e-06 3.343251412198027584e-06 1.458756031429631304e-11 1.339145973760095630e-06 3.388792855555119645e-06 1.409182113283045869e-11
3.689621347227100756e+01 8.348881043883301804e-07 1.570091475288364217e-06 8.700272754372208951e-12 6.180108037135570332e-07 1.569357921389366111e-06 8.476485226424814196e-12
4.920189143094656714e+01 3.833216556272194689e-07 7.308434232148998035e-07 4.828818442190809102e-12 2.840321999804118034e-07 7.218807386543750187e-07 4.751277911853019889e-12
6.561177672614024914e+01 1.750668547813496334e-07 3.377964356515952411e-07 2.616664136359925644e-12 1.300203511706275328e-07 3.306000064443815199e-07 2.607300837990468511e-12
8.749471046662279150e+01 7.938432746345747814e-08 1.554369760447513543e-07 1.394172044133138785e-12 5.915983683816321761e-08 1.506872901430151846e-07 1.400393698332381033e-12
1.166760716081661968e+02 3.566585869807687406e-08 7.107859966067635367e-08 7.303678899634174130e-13 2.669104859234224266e-08 6.829175875939514257e-08 7.368536808104128168e-13
1.555900421101123356e+02 1.582845455004499498e-08 3.227043750084272096e-08 3.748116414153269327e-13 1.190233554833224331e-08 3.072442506799367479e-08 3.793104709704788040e-13
2.074826557850288964e+02 6.910959969196654553e-09 1.452131708106398286e-08 1.884040342021729111e-13 5.222239906725994075e-09 1.368997562981091363e-08 1.917775711574665635e-13
2.766825682915017524e+02 2.955354489888517642e-09 6.463266845966283091e-09 9.565528675270269833e-14 2.243383004445289174e-09 6.023603686648014618e-09 9.570779522183296500e-14
3.689621347227101182e+02 1.232765234482047257e-09 2.842984345585927864e-09 4.828933036339230623e-14 9.397308427923851858e-10 2.609616216605880711e-09 4.739248730212522046e-14
4.920189143094656856e+02 5.003019442798939873e-10 1.235373989742712952e-09 2.398145394396308819e-14 3.828563841739636211e-10 1.111136773904802278e-09 2.338101625244942152e-14
6.561177672614023777e+02 1.973274194538520769e-10 5.302422879865254331e-10 1.167883000967439578e-14 1.515172087817974012e-10 4.648934674081727915e-10 1.150669756296210746e-14
8.749471046662279150e+02 7.564781764907440158e-11 2.249155268520250076e-10 5.630941354538097189e-15 5.824332033641567452e-11 1.912078803428364777e-10 5.572137001431013015e-15
1.166760716081661940e+03 2.822124187262868734e-11 9.442797686244187309e-11 2.681297875263939441e-15 2.176625382487420822e-11 7.743275912028742284e-11 2.708708517337654458e-15
1.555900421101123356e+03 1.026611970468525409e-11 3.930365778765887977e-11 1.275471330156869284e-15 7.922644865092666601e-12 3.092970052371340868e-11 1.327322190124417210e-15
2.074826557850288737e+03 3.651845061955699821e-12 1.622856991766056147e-11 6.114832530972452450e-16 2.817237069841209095e-12 1.221330651686149658e-11 6.470601702394848349e-16
2.766825682915017296e+03 1.275040883589451647e-12 6.665390327062446743e-12 2.933875965401884592e-16 9.824463605411888916e-13 4.774994354802095385e-12 3.088669688063272633e-16
3.689621347227101069e+03 4.393515031415952609e-13 2.729206347698265895e-12 1.400503475479161651e-16 3.376083625817066796e-13 1.853064033535104907e-12 1.448453799638779561e-16
4.920189143094656174e+03 1.504260215914096007e-13 1.116384402045771792e-12 6.712552419563009952e-17 1.150115439914937635e-13 7.166244950228719273e-13 6.823224565922510393e-17
6.561177672614025141e+03 5.150941518679247184e-14 4.568792139062673409e-13 3.249338390463914584e-17 3.908318136892973262e-14 2.772720382786284869e-13 3.223371551075647809e-17
8.749471046662278241e+03 1.774269284003347912e-14 1.871098104795796128e-13 1.556924552424018614e-17 1.331953782237144830e-14 1.075324131411746215e-13 1.530874657912482156e-17
1.166760716081662031e+04 6.172542702042931446e-15 7.670006991332851256e-14 7.376865509124846828e-18 4.570636641872162830e-15 4.181274192355282673e-14 7.246888820975696925e-18
1.555900421101123356e+04 2.170798133839247219e-15 3.142203010261823950e-14 3.468575620296126745e-18 1.582084228514965294e-15 1.630421380421223564e-14 3.426390094650468059e-18
2.074826557850289100e+04 7.706678071040601193e-16 1.279870675064201667e-14 1.634728683137310508e-18 5.523053900850567943e-16 6.361603415360217603e-15 1.622498212584461042e-18
2.766825682915017387e+04 2.754344241227800300e-16 5.153746548291285083e-15 7.696883434887341159e-19 1.941685197176268721e-16 2.472540142384663127e-15 7.669804158663734444e-19
3.689621347227100341e+04 9.873400180085672443e-17 2.048118650729160785e-15 3.636288490549467915e-19 6.861021462554920538e-17 9.542659168295577353e-16 3.612672165926314630e-19
4.920189143094656174e+04 3.540101800232166570e-17 7.993819340872494082e-16 1.716846496414477167e-19 2.432932221251611155e-17 3.638676011357230673e-16 1.713367346377132460e-19
6.561177672614024777e+04 1.268041766330128929e-17 3.057794712895826810e-16 8.043655014784691999e-20 8.661535972834432121e-18 1.366172763924113697e-16 8.110426793036970060e-20
8.749471046662278241e+04 4.532822498497259321e-18 1.146783451384650066e-16 3.761462347225068562e-20 3.096602647510556753e-18 5.054595282416092780e-17 3.804462253253251704e-20
1.166760716081661958e+05 1.620111228796807125e-18 4.214348314871359091e-17 1.764219953766074988e-20 1.114372798735751260e-18 1.843151447831848693e-17 1.775288730842127122e-20
1.555900421101123211e+05 5.808711051783938823e-19 1.521547810854547830e-17 8.304655341355160221e-21 4.046090467724452771e-19 6.626378444150550094e-18 8.245606736992713120e-21
2.074826557850289100e+05 2.095970547779923043e-19 5.425192746352386046e-18 3.885994877805667145e-21 1.487082168381264887e-19 2.354935467990360317e-18 3.862140036695558749e-21
2.766825682915017242e+05 7.647445362700100781e-20 1.911403105845187561e-18 1.801641381617050642e-21 5.560807588460808680e-20 8.291248445819138536e-19 1.816236592756539159e-21
3.689621347227101214e+05 2.839018947840511713e-20 6.664157927790462480e-19 8.328813021932911484e-22 2.124667364558172175e-20 2.902322344130559787e-19 8.481283525878836112e-22
4.920189143094656756e+05 1.074113693319944494e-20 2.322496811903553828e-19 3.906051338588097280e-22 8.300240815491517868e-21 1.017600338787575702e-19 3.931792722100040564e-22
6.561177672614024486e+05 4.136491223300945735e-21 8.107810863212255591e-20 1.821076816961328623e-22 3.308568035416104393e-21 3.574295957170194244e-20 1.830095052821879210e-22
8.749471046662279405e+05 1.622926325154224665e-21 2.828782715104235181e-20 8.446880859742467290e-23 1.346660547501451405e-21 1.256327390702600941e-20 8.541890944373707801e-23
1.166760716081662104e+06 6.504338093985861348e-22 9.846347451275184432e-21 3.963501803662670957e-23 5.589390444738844422e-22 4.435469872871437148e-21 3.996790771215537065e-23
1.555900421101123560e+06 2.662388279953161688e-22 3.429147454071463288e-21 1.858686767732361612e-23 2.359436656337211994e-22 1.573858516287447338e-21 1.874142947040835710e-23
2.074826557850289159e+06 1.112027200128330185e-22 1.198190715052602649e-21 8.672344317137478555e-24 1.010597267281915118e-22 5.619658891807827547e-22 8.793694823481269379e-24
2.766825682915017474e+06 4.727210131777562534e-23 4.202720748678331722e-22 4.063002909995265059e-24 4.384588983115900749e-23 2.023835367996963104e-22 4.106770901838273529e-24
3.689621347227101214e+06 2.043915726643469063e-23 1.483269447162585541e-22 1.895198967388856333e-24 1.925442926822387410e-23 7.373453687333172271e-23 1.907349164951668156e-24
4.920189143094656989e+06 8.965447615743410132e-24 5.281291537197358286e-23 8.775346485666143118e-25 8.532275003538685482e-24 2.723686756459568944e-23 8.827407821001044703e-25
6.561177672614024952e+06 3.970473685994638977e-24 1.901090466444085342e-23 4.094221068625436783e-25 3.814146468299515297e-24 1.021931564769560421e-23 4.083765566634861528e-25
8.749471046662278473e+06 1.771239150714347076e-24 6.922769748398176075e-24 1.907412592996341123e-25 1.717993976054472192e-24 3.907967144786540283e-24 1.892491235991202380e-25
1.166760716081662104e+07 7.957484177145000621e-25 2.556935078133097817e-24 8.817073147236826007e-26 7.773791126181799764e-25 1.525260011787879094e-24 8.831373541514893229e-26
1.555900421101123467e+07 3.600345839500986486e-25 9.620459319722365811e-25 4.085056923776288880e-26 3.532439273950903605e-25 6.084412088422724439e-25 4.093818678360928066e-26
2.074826557850288972e+07 1.637511131423616592e-25 3.692088621555627835e-25 1.883200149435498268e-26 1.609592731381045275e-25 2.476151521101698664e-25 1.880897163349629965e-26
2.766825682915017009e+07 7.467514830359720673e-26 1.446121180524612254e-25 8.676111782939112092e-27 7.347373292205805978e-26 1.027073736052511450e-25 8.668167967850348849e-27
3.689621347227101028e+07 3.403017483931665779e-26 5.778316381336845926e-26 3.995712935377778143e-27 3.352880862654467742e-26 4.334240742492255561e-26 3.960594014848951200e-27
4.920189143094656616e+07 1.547748915333157532e-26 2.352939561535194821e-26 1.835805053033164536e-27 1.529723517891590293e-26 1.855851201143939137e-26 1.809882117304586526e-27
6.561177672614024580e+07 7.048373883606425738e-27 9.760201906347154301e-27 8.382429140158497815e-28 6.972245640034681191e-27 8.045086914827017015e-27 8.264530110839838181e-28
8.749471046662279963e+07 3.198405612672895217e-27 4.106440768406879113e-27 3.809782018833519767e-28 3.174278503408796015e-27 3.520609785258436231e-27 3.780867963858718941e-28
1.166760716081662029e+08 1.440093435087190717e-27 1.742687498318878451e-27 1.737322233612593631e-28 1.435832672490635842e-27 1.544432977841350435e-27 1.719167193869867608e-28
1.555900421101123393e+08 6.440239768547903022e-28 7.439394801232199835e-28 7.787846092224087688e-29 6.427111899789982332e-28 6.757945186182442382e-28 7.706532445649231060e-29
2.074826557850289047e+08 2.860312635254293977e-28 3.184260211280957027e-28 3.444062808310641731e-29 2.845759713983996977e-28 2.939833504941322020e-28 3.428327391401370297e-29
2.766825682915017605e+08 1.252561330155092962e-28 1.356172093778456690e-28 1.509692649185576092e-29 1.241121569875688294e-28 1.265825760780467331e-28 1.497124434808127342e-29
3.689621347227101326e+08 5.409093881182073565e-29 5.733157359718839967e-29 6.490162920887646008e-30 5.338433542795221063e-29 5.393222440126305790e-29 6.434248845168896199e-30
4.920189143094656467e+08 2.294644692602804157e-29 2.393406268784219688e-29 2.709535458962016433e-30 2.254143181926263817e-29 2.261218676179355932e-29 2.719515252118459082e-30
6.561177672614024878e+08 9.519193539436233512e-30 9.815044301050573703e-30 1.103737508766591405e-30 9.308581275666496625e-30 9.287144878636087720e-30 1.111724034017592710e-30
8.749471046662279367e+08 3.845662921623303814e-30 3.931845929031860376e-30 4.359171236428109069e-31 3.736116237954766877e-30 3.714610026075689284e-30 4.340633224479458177e-31
1.166760716081662178e+09 1.504393389038205305e-30 1.528266689473876571e-30 1.646480575705785469e-31 1.452537088881640903e-30 1.441224862361189804e-30 1.627266839650176823e-31
1.555900421101123333e+09 5.687411198142545055e-31 5.756795529291794478e-31 5.953780946914306132e-32 5.463018490094943602e-31 5.412437328633943510e-31 5.857974453686578497e-32
2.074826557850289106e+09 2.082122572048995909e-31 2.102877037507027145e-31 2.042806181382798050e-32 1.973079910707206098e-31 1.954725082804089289e-31 1.996020870232198905e-32
2.766825682915017128e+09 7.303181932095752683e-32 7.371820826278500690e-32 6.513890164954849610e-33 6.809289800279739361e-32 6.750446843873422935e-32 6.383072069331528792e-33
3.689621347227100849e+09 2.448958674179994249e-32 2.473221988579314624e-32 1.918613742070879811e-33 2.224948314697077626e-32 2.207886171794905231e-32 1.904334443227598777e-33
4.920189143094656944e+09 7.785070649550169066e-33 7.878411779430854344e-33 5.264410243513203152e-34 6.870647694011701355e-33 6.828633870575754357e-33 5.323159500091388531e-34
6.561177672614025116e+09 2.335320131503444737e-33 2.373575954899467410e-33 1.360798833951983161e-34 1.995562774520917594e-33 1.988487488366835943e-33 1.374018111023522299e-34
8.749471046662279129e+09 6.487632723605801305e-34 6.636964528155676687e-34 3.159659689113341834e-35 5.314161872310837910e-34 5.322510140265213820e-34 3.206032844456624958e-35
1.166760716081661987e+10 1.648171192421349794e-34 1.703565285224807296e-34 6.479172004517653979e-36 1.253475245605789609e-34 1.262470575004194805e-34 6.638802047727926194e-36
1.555900421101123428e+10 3.788733838514891156e-35 3.979702475859739765e-35 1.157083354597772018e-36 2.542466592494981313e-35 2.589832270116357433e-35 1.197911478512011041e-36
2.074826557850289154e+10 7.945147944195979714e-36 8.536802712406022431e-36 1.720544072214628577e-37 4.165526938921802400e-36 4.333039210866297741e-36 1.816727151902655639e-37
2.766825682915017319e+10 1.507438857342972695e-36 1.661255960681193999e-36 1.863186387869940858e-38 5.266570800864961983e-37 5.681187951456231716e-37 2.188811015378887516e-38
3.689621347227101135e+10 2.236518336154181154e-37 2.592522309228635417e-37 1.188992807602696596e-39 4.843987785141048141e-38 5.269071364143280320e-38 1.797691121130012416e-39
4.920189143094656372e+10 2.384138574384625597e-38 3.080920669465438000e-38 4.282440743023128100e-41 1.308135811984360832e-39 1.765814686386637534e-39 7.204136065866864266e-41
6.561177672614024353e+10 9.414149217962027858e-40 1.894563038862702643e-39 2.468347310703238519e-43 1.365946044565378092e-41 3.441950784932043266e-41 1.073323428772426368e-42
8.749471046662280273e+10 2.397475448710974232e-43 4.819649013212644647e-41 2.620084071927135048e-45 1.214253264889575128e-43 5.446303604017958323e-43 1.487989943881814945e-44
