1.166760716081661986e+00 9.496546053734310428e-04 1.764965242988514576e-03 2.880721840887142297e-10 8.154588294835835157e-04 1.766065846380482666e-03 3.194560734010646229e-10
1.555900421101123365e+00 6.413921219622547090e-04 1.204050055333866090e-03 2.885052214232700980e-10 5.473708355802862089e-04 1.202400794755157905e-03 3.132313091188401726e-10
2.074826557850288911e+00 4.226015392433181178e-04 7.965353502708534626e-04 2.696579132057153784e-10 3.571560826477441922e-04 7.961244524131866080e-04 2.833959347368961917e-10
2.766825682915017293e+00 2.697347314805740724e-04 5.091372966303701160e-04 2.219538994529338873e-10 2.252420331694691882e-04 5.096481577559713958e-04 2.260634552583985863e-10
3.689621347227101111e+00 1.661161068167701167e-04 3.135231520228715725e-04 1.793805113609668039e-10 1.367618683884158095e-04 3.142876068348169423e-04 1.761496207041698025e-10
4.920189143094656714e+00 9.855937476497178464e-05 1.854802489564459460e-04 1.445956187319696819e-10 7.978409129090385300e-05 1.863243767406075422e-04 1.382707318428565832e-10
6.561177672614024736e+00 5.621595720628443294e-05 1.051916737175501756e-04 1.122345860421953433e-10 4.463883363214989802e-05 1.059957873516227873e-04 1.065072469949883030e-10
8.749471046662279150e+00 3.073261078681878975e-05 5.702045147690264275e-05 8.174930321219826494e-11 2.391127157663401972e-05 5.773051978106746900e-05 7.677033074682755770e-11
1.166760716081661897e+01 1.606071545676889794e-05 2.949121915522172013e-05 5.466290471727546832e-11 1.225913013401900436e-05 3.006444710249902826e-05 5.140142904337244887e-11
1.555900421101123499e+01 8.024455751451123073e-06 1.463112488783413322e-05 3.582453943914409500e-11 6.032808747162866372e-06 1.499614813869985950e-05 3.401818191373558271e-11
2.074826557850288822e+01 3.856716694715711136e-06 7.053148334927032313e-06 2.313897498967569378e-11 2.871929735308803602e-06 7.216108489489118348e-06 2.224716483260243107e-11
2.766825682915017381e+01 1.805566366521728131e-06 3.342484437456036138e-06 1.460949914989359280e-11 1.338345936509555054e-06 3.387637289011046611e-06 1.411336524150675924e-11
3.689621347227100756e+01 8.338854730389648928e-07 1.569508732189448960e-06 8.714747532435824990e-12 6.173990320900560057e-07 1.568520095935912584e-06 8.490734202932211597e-12
4.920189143094656714e+01 3.824961738866624209e-07 7.303248356928483938e-07 4.838035689329281840e-12 2.834908690879193549e-07 7.211712000573476283e-07 4.760403356267218029e-12
6.561177672614024914e+01 1.743502912473930647e-07 3.373076646431822302e-07 2.622351717938002283e-12 1.295235001074111645e-07 3.299527515475279072e-07 2.612954647984654356e-12
8.749471046662279150e+01 7.877455037891348990e-08 1.549879749027963782e-07 1.397597199899514945e-12 5.872178451305158704e-08 1.501029047929411321e-07 1.403802925787869347e-12
1.166760716081661968e+02 3.518026941611626879e-08 7.069379822247872857e-08 7.323741806726157437e-13 2.633464463257006434e-08 6.779553382083316644e-08 7.388581954367924318e-13
1.555900421101123356e+02 1.547598741934669080e-08 3.197004855509971654e-08 3.759700624533413873e-13 1.164008101086268438e-08 3.033969088219400568e-08 3.804645047446323630e-13
2.074826557850288964e+02 6.680211919721248720e-09 1.430998951419661172e-08 1.890566221556843315e-13 5.048921230441216767e-09 1.342120630822747698e-08 1.924230879164236595e-13
2.766825682915017524e+02 2.819001188368641026e-09 6.329192614186418139e-09 9.601131023465989455e-14 2.140219903700372046e-09 5.854562214616338058e-09 9.606096672709312097e-14
3.689621347227101182e+02 1.159454526003154766e-09 2.765560725536801273e-09 4.847778606408066063e-14 8.839133521182469392e-10 2.513118997313454883e-09 4.758018046401217172e-14
4.920189143094656856e+02 4.640299037843329684e-10 1.194105163892308787e-09 2.407873362237842591e-14 3.550759677561058761e-10 1.060480673068757074e-09 2.347776115844763267e-14
6.561177672614023777e+02 1.806150785551748385e-10 5.096217107887437124e-10 1.172810870826957741e-14 1.386458169717129463e-10 4.400714733100730236e-10 1.155592085323314098e-14
8.749471046662279150e+02 6.840008822329472132e-11 2.151148440523996160e-10 5.655084839942609085e-15 5.263238241818909634e-11 1.796924279193073498e-10 5.596444800800347314e-15
1.166760716081661940e+03 2.523684837925993060e-11 8.994391035208858459e-11 2.692799093349406039e-15 1.944538304177436113e-11 7.231377509427227031e-11 2.720442013254225689e-15
1.555900421101123356e+03 9.091669905637301019e-12 3.731389853361023843e-11 1.280796599053683096e-15 7.006003819136579929e-12 2.873071448840675296e-11 1.332820172829557884e-15
2.074826557850288737e+03 3.208104814014366544e-12 1.536857959704536427e-11 6.139072041391082655e-16 2.469821512081240760e-12 1.129565351878981700e-11 6.495671565535707762e-16
2.766825682915017296e+03 1.113476145590293708e-12 6.302312034301838636e-12 2.944771852525208036e-16 8.555563827714554269e-13 4.402255453560570334e-12 3.099860200267727173e-16
3.689621347227101069e+03 3.824019226678110309e-13 2.579150682058196010e-12 1.405200556521177133e-16 2.927535952490447811e-13 1.705430627261576511e-12 1.453396685312782033e-16
4.920189143094656174e+03 1.308682969556365570e-13 1.055371617938391326e-12 6.732556723920870907e-17 9.957858404196041351e-14 6.593684944838252079e-13 6.844695449693261695e-17
6.561177672614025141e+03 4.491332288217787709e-14 4.322441035216637794e-13 3.257723006849148325e-17 3.387395639540364767e-14 2.553895744535130534e-13 3.232544883021974566e-17
8.749471046662278241e+03 1.553641512411072994e-14 1.771116033344705464e-13 1.560357978302845150e-17 1.157861685326165365e-14 9.921672607756668753e-14 1.534744079747966456e-17
1.166760716081662031e+04 5.432981833765124087e-15 7.256932358404613599e-14 7.390695011227482501e-18 3.989409271400464378e-15 3.863691073052246493e-14 7.262978509683847978e-18
1.555900421101123356e+04 1.920146872072971471e-15 2.967073574361322098e-14 3.474161168699857611e-18 1.386839815539147679e-15 1.507318006353562499e-14 3.433042360905918006e-18
2.074826557850289100e+04 6.843147528542589958e-16 1.203857670854063323e-14 1.636998812104699158e-18 4.860406466538682734e-16 5.874802205321570004e-15 1.625224662716955916e-18
2.766825682915017387e+04 2.451770605590630208e-16 4.819693636395611855e-15 7.706164928750826459e-19 1.714318199487593177e-16 2.276695515032059027e-15 7.680886218001873313e-19
3.689621347227100341e+04 8.799554925576160366e-17 1.901559164354052126e-15 3.640094611739501168e-19 6.074074188550689161e-17 8.746905841057002549e-16 3.617186748108498863e-19
4.920189143094656174e+04 3.156504845187740150e-17 7.361777883522719778e-16 1.718404212959444912e-19 2.159171156346102354e-17 3.316371822392971647e-16 1.715210132097552536e-19
6.561177672614024777e+04 1.130972003708602003e-17 2.792624918844971663e-16 8.050257853814772860e-20 7.707556490363504143e-18 1.237420329035680198e-16 8.118219082463470522e-20
8.749471046662278241e+04 4.045569488063359428e-18 1.039102664649264702e-16 3.764350127448473604e-20 2.764834765476448800e-18 4.550413301503114567e-17 3.807815301716060328e-20
1.166760716081661958e+05 1.448176585828571697e-18 3.791895991013653183e-17 1.765507911109469837e-20 9.994031273871594180e-19 1.650248909314411716e-17 1.776737709500929951e-20
1.555900421101123211e+05 5.206704697726051216e-19 1.360964033577943558e-17 8.310457680135680452e-21 3.649298701325968992e-19 5.905726443665140367e-18 8.252076992495888400e-21
2.074826557850289100e+05 1.886748058899493687e-19 4.829982371255535017e-18 3.888670130968088052e-21 1.350525178023375705e-19 2.091390991011367231e-18 3.865056112574854480e-21
2.766825682915017242e+05 6.923786034003018753e-20 1.695757428674265734e-18 1.802895520820584424e-21 5.090701335440695498e-20 7.345045158340328837e-19 1.817556722927557946e-21
3.689621347227101214e+05 2.588544171417860780e-20 5.897831073746031759e-19 8.334661645984928852e-22 1.962101485407870754e-20 2.567378896944199398e-19 8.487287032909733209e-22
4.920189143094656756e+05 9.872268941684057298e-21 2.052281543533479462e-19 3.908739333179497419e-22 7.734754907016865907e-21 8.997106513998198696e-20 3.934504158502147789e-22
6.561177672614024486e+05 3.835028361038086146e-21 7.158952892591479494e-20 1.822301987188169039e-22 3.110963244802003338e-21 3.161325574078318278e-20 1.831293045907165334e-22
8.749471046662279405e+05 1.518321311311697699e-21 2.497490248503602621e-20 8.452304142474428458e-23 1.277214088733092127e-21 1.112491573647735658e-20 8.547127605941064356e-23
1.166760716081662104e+06 6.140331114471213528e-22 8.697986153417374125e-21 3.965790165209665607e-23 5.343586220031949340e-22 3.935620327023546578e-21 3.998983108559001969e-23
1.555900421101123560e+06 2.535172864358506893e-22 3.032835423967640582e-21 1.859608776887937973e-23 2.271799145529828794e-22 1.400547958442182582e-21 1.874997023072725498e-23
2.074826557850289159e+06 1.067367734037997605e-22 1.061702183755580888e-21 8.675789250355921995e-24 9.791353707852992186e-23 5.020038553360391200e-22 8.796773644628994076e-24
2.766825682915017474e+06 4.569728246745715557e-23 3.733740199182237489e-22 4.064117666607245586e-24 4.271022090810460270e-23 1.816700836567782895e-22 4.107734146629453542e-24
3.689621347227101214e+06 1.988103170180768113e-23 1.322327098247501059e-22 1.895473738264789566e-24 1.884259580187780220e-23 6.658384999607773825e-23 1.907543945856334896e-24
4.920189143094656989e+06 8.766871375583380791e-24 4.729077162748520869e-23 8.775259852823296681e-25 8.382563704160597503e-24 2.476919917070331753e-23 8.827008212099556006e-25
6.561177672614024952e+06 3.899621804300542384e-24 1.711527991746085782e-23 4.093377854114104813e-25 3.759604271826019538e-24 9.369011766493507335e-24 4.082851515232830193e-25
8.749471046662278473e+06 1.745824372186785048e-24 6.272638764181461271e-24 1.906573511375684782e-25 1.698013043536776974e-24 3.614980407750895613e-24 1.891637153619685894e-25
1.166760716081662104e+07 7.865312417396950178e-25 2.334148810622082988e-24 8.810683285512108525e-26 7.699706559986462490e-25 1.424167097216211218e-24 8.824901718284865313e-26
1.555900421101123467e+07 3.566267333558582577e-25 8.855926249354817103e-25 4.080621728386089768e-26 3.504381857906371940e-25 5.734396791336150020e-25 4.089345312235127379e-26
2.074826557850288972e+07 1.624478193277423936e-25 3.429254109276423473e-25 1.880262791588284908e-26 1.598559423944272348e-25 2.354724572386565817e-25 1.877952854539061684e-26
2.766825682915017009e+07 7.415008758012601905e-26 1.355502337949070527e-25 8.657085414474350076e-27 7.301437682532078272e-26 9.846810066843813401e-26 8.649122779104116613e-27
3.689621347227101028e+07 3.380367048884689625e-26 5.463892546950015521e-26 3.983592979828078899e-27 3.332324919053856313e-26 4.184229474069798114e-26 3.948546715081811668e-27
4.920189143094656616e+07 1.537191414634267123e-26 2.242565791480263318e-26 1.828167754526146480e-27 1.519782637721294759e-26 1.801685204662943055e-26 1.802331619342830587e-27
6.561177672614024580e+07 6.995333477060476935e-27 9.366445617220117937e-27 8.335027462895563529e-28 6.920740957978205347e-27 7.842533836525987559e-27 8.217550504361005772e-28
8.749471046662279963e+07 3.170236915339587161e-27 3.961994271274142655e-27 3.780658112913050168e-28 3.146236305236499757e-27 3.441106895972255978e-27 3.751888778933239798e-28
1.166760716081662029e+08 1.424640458877525121e-27 1.687577151723135728e-27 1.719591607434123238e-28 1.420175505746659489e-27 1.511361695879404420e-27 1.701588774463123554e-28
1.555900421101123393e+08 6.354215890431133117e-28 7.218601016102813698e-28 7.682515674218116969e-29 6.339166362207375221e-28 6.611607018188119667e-28 7.601945389754808401e-29
2.074826557850289047e+08 2.812503129079972046e-28 3.090946479264772068e-28 3.382903670422650736e-29 2.796762412179797829e-28 2.871537835111447811e-28 3.367269514075473603e-29
2.766825682915017605e+08 1.226447417720614711e-28 1.314840697408944948e-28 1.474919121145795255e-29 1.214341780359176101e-28 1.232807274546661942e-28 1.462508436525805864e-29
3.689621347227101326e+08 5.269987984237794591e-29 5.543725795855882313e-29 6.298537019789498847e-30 5.195768784778783644e-29 5.231081993098240987e-29 6.243273281272806246e-30
4.920189143094656467e+08 2.222935528052122223e-29 2.305355368675158872e-29 2.608039003947121531e-30 2.180683056720360245e-29 2.181993785203604538e-29 2.617607172171757733e-30
6.561177672614024878e+08 9.163893898075822254e-30 9.407742436610850913e-30 1.052036146312234805e-30 8.945560695421280132e-30 8.908509750530548776e-30 1.059892427973718676e-30
8.749471046662279367e+08 3.677466279387422784e-30 3.747478744586796887e-30 4.108064303704841032e-31 3.565085613775244125e-30 3.539925428166565685e-30 4.091555638632763064e-31
1.166760716081662178e+09 1.428678394584986914e-30 1.447671776778836826e-30 1.531484674566887572e-31 1.375962375701181736e-30 1.364027315399084169e-30 1.513857461563856126e-31
1.555900421101123333e+09 5.364004162890299499e-31 5.418780266785035395e-31 5.458699166089310454e-32 5.137808221761743279e-31 5.087225975996893611e-31 5.371426662717766386e-32
2.074826557850289106e+09 1.950916249999269676e-31 1.967302711506083241e-31 1.844683985919405909e-32 1.842698321586150251e-31 1.824896595849763356e-31 1.802282991197724193e-32
2.766825682915017128e+09 6.800870728181411151e-32 6.855985603989522973e-32 5.790462383576549562e-33 6.317833838141430386e-32 6.262010031968480242e-32 5.672648738802182387e-33
3.689621347227100849e+09 2.267868059568567313e-32 2.287773677383462975e-32 1.678887338629911011e-33 2.052193947672597396e-32 2.036244944618437404e-32 1.665811780432490217e-33
4.920189143094656944e+09 7.174011064812538970e-33 7.252465247912493502e-33 4.537906272142633304e-34 6.304639524493645424e-33 6.265717570774364977e-33 4.587566187503768058e-34
6.561177672614025116e+09 2.143283916050941514e-33 2.176158130663376687e-33 1.157520249004703379e-34 1.823367395152706837e-33 1.816819528940744263e-33 1.168399886379226824e-34
8.749471046662279129e+09 5.933551718941236068e-34 6.063554648777958962e-34 2.657383287294823491e-35 4.838649604063768302e-34 4.846121148253603099e-34 2.695147128035219475e-35
1.166760716081661987e+10 1.503375573691949069e-34 1.552030162267229471e-34 5.396400393879687684e-36 1.138016259732476850e-34 1.146107887523461678e-34 5.527297687119157828e-36
1.555900421101123428e+10 3.449212474708185762e-35 3.617852385931446442e-35 9.562547448624147713e-37 2.302698505901172819e-35 2.345401755531646994e-35 9.894611030528267163e-37
2.074826557850289154e+10 7.223112444355474305e-36 7.747492752857732789e-36 1.413098380530539317e-37 3.765879444882568762e-36 3.916784172738898344e-36 1.490959245540725372e-37
2.766825682915017319e+10 1.369429414044196649e-36 1.505887519074933440e-36 1.523125000983807256e-38 4.754315461026354761e-37 5.127445798169236389e-37 1.786872402123918674e-38
3.689621347227101135e+10 2.030276509271779043e-37 2.346565342246079290e-37 9.673605298896387295e-40 4.366516097618709390e-38 4.747137152794767436e-38 1.461003098263981209e-39
4.920189143094656372e+10 2.162618276885502015e-38 2.783504203044167504e-38 3.466431723281896296e-41 1.176263784872573133e-39 1.584902458727491709e-39 5.818194235635480298e-41
6.561177672614024353e+10 8.535836127894828718e-40 1.705774246406258765e-39 1.947108705388332458e-43 1.217168834689748839e-41 3.059228238600271418e-41 8.519921415024059711e-43
8.749471046662280273e+10 2.137063786807018915e-43 4.327253282102333171e-41 2.062246077102206450e-45 1.077570605210150648e-43 4.817124228994243905e-43 1.178238832016555581e-44
