1.166760716081661986e+00 9.513679554190794096e-04 1.768065295438960710e-03 2.922113699261730648e-10 8.170647125240412291e-04 1.769183880110079994e-03 3.237193687844561570e-10
1.555900421101123365e+00 6.426591825624446142e-04 1.206353937855990854e-03 2.927617547886719398e-10 5.485689055237812127e-04 1.204713601711256609e-03 3.175893923668907359e-10
2.074826557850288911e+00 4.235301479985749081e-04 7.982258518800679605e-04 2.737198543938756380e-10 3.580381558896338599e-04 7.978226575590250313e-04 2.875206543812788049e-10
2.766825682915017293e+00 2.704047831458688688e-04 5.103592931151960119e-04 2.254925603512302385e-10 2.258801938101285352e-04 5.108773105080672509e-04 2.296364690486980794e-10
3.689621347227101111e+00 1.665902661848330348e-04 3.143910287296982188e-04 1.824052480805250150e-10 1.372141712128958349e-04 3.151613609787507972e-04 1.791841210342178150e-10
4.920189143094656714e+00 9.888832810615546436e-05 1.860851006005890347e-04 1.471366108889854443e-10 8.009789280022996125e-05 1.869337883758998215e-04 1.408044017367182233e-10
6.561177672614024736e+00 5.643970478119201103e-05 1.056050864357365685e-04 1.143217981520389533e-10 4.485193224707104462e-05 1.064127298258441922e-04 1.085721823770458536e-10
8.749471046662279150e+00 3.088178474514803227e-05 5.729743430105523278e-05 8.340521547071173831e-11 2.405295546459225746e-05 5.801031795404799348e-05 7.839936783955635743e-11
1.166760716081661897e+01 1.615820681345824544e-05 2.967320091642188876e-05 5.592216017954158001e-11 1.235146574611774464e-05 3.024866774101648786e-05 5.264012534203792286e-11
1.555900421101123499e+01 8.087017104978162151e-06 1.474862439472907842e-05 3.675838316396157093e-11 6.091951873438993973e-06 1.511528619115518949e-05 3.493818826245975410e-11
2.074826557850288822e+01 3.896339081835472710e-06 7.128018948794194927e-06 2.381650197069756471e-11 2.909346828049996831e-06 7.292034227810833707e-06 2.291795953985742148e-11
2.766825682915017381e+01 1.830541375686374663e-06 3.389793159021633214e-06 1.508906900598719009e-11 1.361874451361251086e-06 3.435566462774749143e-06 1.459065728281158714e-11
3.689621347227100756e+01 8.496787471546251002e-07 1.599244074339504861e-06 9.044814488264298199e-12 6.321877765935317398e-07 1.598627185799622258e-06 8.821335087384099843e-12
4.920189143094656714e+01 3.925607552636494886e-07 7.489336724418474340e-07 5.058579805223660033e-12 2.928111397736851237e-07 7.400388258217364412e-07 4.981692848696915865e-12
6.561177672614024914e+01 1.808151175941552271e-07 3.489124074273935703e-07 2.766362046248571849e-12 1.354141922305785470e-07 3.417664328471453346e-07 2.758063107619627361e-12
8.749471046662279150e+01 8.293929570818244649e-08 1.621937190477762741e-07 1.489868011174086686e-12 6.244209638685336890e-08 1.574888408305376326e-07 1.496902982664630226e-12
1.166760716081661968e+02 3.783971401619531116e-08 7.513364428952884016e-08 7.901016711336849069e-13 2.866063386727935063e-08 7.238719523748537124e-08 7.969004962140608309e-13
1.555900421101123356e+02 1.713002779872238063e-08 3.466335165489039223e-08 4.112684199078649138e-13 1.305831584222146066e-08 3.315080539069391804e-08 4.158227812067397558e-13
2.074826557850288964e+02 7.664293660860755851e-09 1.590086192659545669e-08 2.100519332983218980e-13 5.878473166267216508e-09 1.509331022393984555e-08 2.134805052648613932e-13
2.766825682915017524e+02 3.371744315956219621e-09 7.234426020524831479e-09 1.083448430908754520e-13 2.599757866042592121e-09 6.808612292608886076e-09 1.083117509266677820e-13
3.689621347227101182e+02 1.450742066440547748e-09 3.258512976088531085e-09 5.558098479025595942e-14 1.123431989761162652e-09 3.031078679077520482e-09 5.458586239380176627e-14
4.920189143094656856e+02 6.080097607163139243e-10 1.450581655068465119e-09 2.806660477572318397e-14 4.724352283706169654e-10 1.327456556129657962e-09 2.740615707890667442e-14
6.561177672614023777e+02 2.475924784000132388e-10 6.374697990072206312e-10 1.390879906574967039e-14 1.928573836549043155e-10 5.710416930525058465e-10 1.371298894608724103e-14
8.749471046662279150e+02 9.787288735744905372e-11 2.765092297888287948e-10 6.817692815652287822e-15 7.635091576659191219e-11 2.411475481781079046e-10 6.750924830879703340e-15
1.166760716081661940e+03 3.757531277310894935e-11 1.185154653525823830e-10 3.299611345292162665e-15 2.932447445849512378e-11 1.000623109862995603e-10 3.332317641332502141e-15
1.555900421101123356e+03 1.403274519366607490e-11 5.025751114343532244e-11 1.592205713469062447e-15 1.094217323400157961e-11 4.085178847334295597e-11 1.653555968606951049e-15
2.074826557850288737e+03 5.109915614985218098e-12 2.109692329774751734e-11 7.720019305964331468e-16 3.976906975743209800e-12 1.644031859338454547e-11 8.144127864702185541e-16
2.766825682915017296e+03 1.820134566747746978e-12 8.788612863710597897e-12 3.733664132299249055e-16 1.412441088495083342e-12 6.528915451425805538e-12 3.922920587371413548e-16
3.689621347227101069e+03 6.372063254006342739e-13 3.640827547902288694e-12 1.791241532835746315e-16 4.922302305407725418e-13 2.563611993202235544e-12 1.851022936107753651e-16
4.920189143094656174e+03 2.205935924393562267e-13 1.502936478299626736e-12 8.600344441435782441e-17 1.692121855445266733e-13 9.985788241666330017e-13 8.738341196932903273e-17
6.561177672614025141e+03 7.598184684665901832e-14 6.192950707641274154e-13 4.152430885037317802e-17 5.771013724063868223e-14 3.872242833295065514e-13 4.116117102475649487e-17
8.749471046662278241e+03 2.619163695722330930e-14 2.549135891311612649e-13 1.975437063490710623e-17 1.962887064532584815e-14 1.497551183933799353e-13 1.939133020235428551e-17
1.166760716081662031e+04 9.075514168799188698e-15 1.048848155300512691e-13 9.242462177546515749e-18 6.685023666270597789e-15 5.779368169810495622e-14 9.053982887626482431e-18
1.555900421101123356e+04 3.165887537925995051e-15 4.308617067712573564e-14 4.256971903563817732e-18 2.283826126042882581e-15 2.226749486456653511e-14 4.194935369515675844e-18
2.074826557850289100e+04 1.110604141696822635e-15 1.758069103201337767e-14 1.950751134948478787e-18 7.823419229506400038e-16 8.547683926611720306e-15 1.932782525000394056e-18
2.766825682915017387e+04 3.906041606387804800e-16 7.082174655489992682e-15 8.852373668312963778e-19 2.681195462716530379e-16 3.253188019297309799e-15 8.810142363805055472e-19
3.689621347227100341e+04 1.370841690525683050e-16 2.808835849918997849e-15 3.994470145206099078e-19 9.163366035371752983e-17 1.222851430448870414e-15 3.961387387638620657e-19
4.920189143094656174e+04 4.779603881576776478e-17 1.089911473986707699e-15 1.783056746666268323e-19 3.112628464010771762e-17 4.509498971742483496e-16 1.778107329548209563e-19
6.561177672614024777e+04 1.649920808599328811e-17 4.121892996658133521e-16 7.787286832581644324e-20 1.049168453329994817e-17 1.622465440031190177e-16 7.876269435938837792e-20
8.749471046662278241e+04 5.618111319859159495e-18 1.516785307564834651e-16 3.347310013446578996e-20 3.501290363381925336e-18 5.688945370324479171e-17 3.403634451941665352e-20
1.166760716081661958e+05 1.885343280403741185e-18 5.416498124047354758e-17 1.424360386097106030e-20 1.156797292488705939e-18 1.940284276019566669e-17 1.435175310623125808e-20
1.555900421101123211e+05 6.237394468384390111e-19 1.878353501175312933e-17 6.022381875898412652e-21 3.782370523795946307e-19 6.423798937824900236e-18 5.906195993569665237e-21
2.074826557850289100e+05 2.033605907240320171e-19 6.350002372961275568e-18 2.481990327317851439e-21 1.224799709263172588e-19 2.066130075591786311e-18 2.427822090318292164e-21
2.766825682915017242e+05 6.543625196753696657e-20 2.088560191385993036e-18 9.865883083580918537e-22 3.943108237991324999e-20 6.458000360331340667e-19 9.920215163866239633e-22
3.689621347227101214e+05 2.089537945338017726e-20 6.672715743237338466e-19 3.829448084240252771e-22 1.267702476068841451e-20 1.967470334061942613e-19 3.945841870122478845e-22
4.920189143094656756e+05 6.632716454184300094e-21 2.092486298519672248e-19 1.518449613796598046e-22 4.083499964563205021e-21 5.896126928151409861e-20 1.525327218551259442e-22
6.561177672614024486e+05 2.090694152714668016e-21 6.449520915638571290e-20 5.922500596588139982e-23 1.319861497237020471e-21 1.739903582916485641e-20 5.911402905660163686e-23
8.749471046662279405e+05 6.571598218939031221e-22 1.947284763445619184e-20 2.256468379728658868e-23 4.317302066514160033e-22 5.064051719702804953e-21 2.289636110934444479e-23
1.166760716081662104e+06 2.083822316387945762e-22 5.742341033816341925e-21 8.860686481176109510e-24 1.441077751273580101e-22 1.470835740671513002e-21 8.867656149271117009e-24
1.555900421101123560e+06 6.727441116630867422e-23 1.662759524764699344e-21 3.497236826549080097e-24 4.926939282139899391e-23 4.286679181531861634e-22 3.472108658795616482e-24
2.074826557850289159e+06 2.238201416462713283e-23 4.764342945585099077e-22 1.369652165026340440e-24 1.733119674503697703e-23 1.261573428198852084e-22 1.380891946529107109e-24
2.766825682915017474e+06 7.735222550315692909e-24 1.361040465869114019e-22 5.534151709559958370e-25 6.300126129498790345e-24 3.777292632099637885e-23 5.582672421077971356e-25
3.689621347227101214e+06 2.789214355089267886e-24 3.918882731505939860e-23 2.271345542430029440e-25 2.373840411048147906e-24 1.158358921775810929e-23 2.279154401433105936e-25
4.920189143094656989e+06 1.050479322673557228e-24 1.147852891468192395e-23 9.304853973007509413e-26 9.230887757797860842e-25 3.654679098967406369e-24 9.467935708097803764e-26
6.561177672614024952e+06 4.112798903168320743e-25 3.444857590738490232e-24 3.951265898405454660e-26 3.714117927503805046e-25 1.190774490818473040e-24 3.993064654730845281e-26
8.749471046662278473e+06 1.670023294416053755e-25 1.062030607126663565e-24 1.727477842746571499e-26 1.550896672686257900e-25 4.045508604446463377e-25 1.706208331041680627e-26
1.166760716081662104e+07 7.032439931053914328e-26 3.370922698781305011e-25 7.605157696537417356e-27 6.672258034970183685e-26 1.441968146953605037e-25 7.565173484456040996e-27
1.555900421101123467e+07 3.060389023119057421e-26 1.111239281273892806e-25 3.429219110897780008e-27 2.943151215497596551e-26 5.409778600474056638e-26 3.416357272112036701e-27
2.074826557850288972e+07 1.367006922843270239e-26 3.828667095727720867e-26 1.560631590095555728e-27 1.324258553080789052e-26 2.124558178765721130e-26 1.544929658994144460e-27
2.766825682915017009e+07 6.194520738074098323e-27 1.385886403373207843e-26 7.152005200037912228e-28 6.034356989510410823e-27 8.669522308158058658e-27 7.091642618538125603e-28
3.689621347227101028e+07 2.824056375339206292e-27 5.269006265513596015e-27 3.293334135154181259e-28 2.764305567791361458e-27 3.641768455712295493e-27 3.245998089088078298e-28
4.920189143094656616e+07 1.287723163245720893e-27 2.088522884401317818e-27 1.510855114494571712e-28 1.266504963350862243e-27 1.558798772415373763e-27 1.493541845842355117e-28
6.561177672614024580e+07 5.878753253777986037e-28 8.545933474784996731e-28 6.918868709668597782e-29 5.789650815404937182e-28 6.758527574715127637e-28 6.860737875042757964e-29
8.749471046662279963e+07 2.671603242016531895e-28 3.569941432208125463e-28 3.150351339667276717e-29 2.639205439733229515e-28 2.955585616512045486e-28 3.152828870285184182e-29
1.166760716081662029e+08 1.201668175736838534e-28 1.505487800456691642e-28 1.438486265895246168e-29 1.191476538558634043e-28 1.292038565700592668e-28 1.434321355128994293e-29
1.555900421101123393e+08 5.347479028235608554e-29 6.370530516338750425e-29 6.422345045936891279e-30 5.304986427792331096e-29 5.616955004484885944e-29 6.385853360635426217e-30
2.074826557850289047e+08 2.357368882780054230e-29 2.696531828029146823e-29 2.831343862557946826e-30 2.330201506691803865e-29 2.420914131591703389e-29 2.813657799307126835e-30
2.766825682915017605e+08 1.019445566637192733e-29 1.130727732621364074e-29 1.233503243142146169e-30 1.003227281263020314e-29 1.028223157912260755e-29 1.216431556751576882e-30
3.689621347227101326e+08 4.322959267738624719e-30 4.683449249199578124e-30 5.244784623681531917e-31 4.238464463994204960e-30 4.300208205226631767e-30 5.157783852675705728e-31
4.920189143094656467e+08 1.792740309516102034e-30 1.907544561142538928e-30 2.149890596010717084e-31 1.747801584396310379e-30 1.760099241887323051e-30 2.149576717365192682e-31
6.561177672614024878e+08 7.225925134455167857e-31 7.591624756182592229e-31 8.557444758146804428e-32 7.021463359728977275e-31 7.028453850451798317e-31 8.629526944250154371e-32
8.749471046662279367e+08 2.820845140052589152e-31 2.936475958188309533e-31 3.305900044534554311e-32 2.723006835556662556e-31 2.715128064796965889e-31 3.287018996292462053e-32
1.166760716081662178e+09 1.060176887488737677e-31 1.096039095327113688e-31 1.213003259329960697e-32 1.014794784289229013e-31 1.009997959106754259e-31 1.190477441216018659e-32
1.555900421101123333e+09 3.825613121759042856e-32 3.940185850232520132e-32 4.225525365505352031e-33 3.635284025413891143e-32 3.612577468915780608e-32 4.129516347493860515e-33
2.074826557850289106e+09 1.331335783414806742e-32 1.368589182215199562e-32 1.387800209898310816e-33 1.241677267461687947e-32 1.233973343295916007e-32 1.350227000779579657e-33
2.766825682915017128e+09 4.418584627701294496e-33 4.542924938155259747e-33 4.202136042738943864e-34 4.023403998708971597e-33 4.002197020561717870e-33 4.109815312217593411e-34
3.689621347227100849e+09 1.397091555633687140e-33 1.438241541343038487e-33 1.159602376250055307e-34 1.222901107599304526e-33 1.217939219855019299e-33 1.152204033653507429e-34
4.920189143094656944e+09 4.152968465377734548e-34 4.289345689527614942e-34 2.970842227543065147e-35 3.483633694215449377e-34 3.475149517022986070e-34 3.031638051197783398e-35
6.561177672614025116e+09 1.165278566884750937e-34 1.211747626281308340e-34 7.275990767009120189e-36 9.341158107900949334e-35 9.353990092021782324e-35 7.473422177233298349e-36
8.749471046662279129e+09 3.013274789903228388e-35 3.169802377347865861e-35 1.569181812619924028e-36 2.306745953676977594e-35 2.326324423612255542e-35 1.643166944379489190e-36
1.166760716081661987e+10 7.263047820702987540e-36 7.743541901430948957e-36 2.921108746143578077e-37 5.006443447295651775e-36 5.071596359919196916e-36 3.147379398246103219e-37
1.555900421101123428e+10 1.602212948740738121e-36 1.737688506671127749e-36 4.725024902414874487e-38 9.448883592996775033e-37 9.670788004340764251e-37 5.403427886103882036e-38
2.074826557850289154e+10 3.144629031954848102e-37 3.512910625238100980e-37 6.301609413648795754e-39 1.440093936118485112e-37 1.499008314811957052e-37 7.665853749613037470e-39
2.766825682915017319e+10 5.573903048396889333e-38 6.416243995771136673e-38 6.109607994910710153e-40 1.703214230971750935e-38 1.828446914588050931e-38 7.540181841591568712e-40
3.689621347227101135e+10 7.798621316903397116e-39 9.465268822815900127e-39 3.443897811501610618e-41 1.471148725643660085e-39 1.569740683036111826e-39 4.200366693758055874e-41
4.920189143094656372e+10 7.349183733369319422e-40 1.027444331273348535e-39 1.344825914951829865e-42 3.468128757197091202e-41 4.849108226749988389e-41 8.112811383995711501e-43
6.561177672614024353e+10 2.643679350777933895e-41 6.438354227305500549e-41 5.909929309827445830e-45 3.028171669888130986e-43 8.888294334939318545e-43 3.538592976100264156e-44
8.749471046662280273e+10 6.687063345804408388e-45 1.699428630750448661e-42 6.134164906692437175e-47 3.521602830691622553e-45 1.399314175005415975e-44 4.498452002019497851e-46
