1.166760716081661986e+00 9.512634491987656841e-04 1.767756336800338371e-03 2.918751213986637794e-10 8.169576498637480923e-04 1.768882800328561286e-03 3.233698032103061340e-10
1.555900421101123365e+00 6.426113462465642611e-04 1.206167202404475735e-03 2.924168515776025744e-10 5.485155868050272743e-04 1.204531937844799871e-03 3.172348307887766936e-10
2.074826557850288911e+00 4.235171560750779825e-04 7.981209984210217842e-04 2.733918847217622862e-10 3.580178591695298168e-04 7.977223307563715681e-04 2.871871391302982158e-10
2.766825682915017293e+00 2.704096608871557573e-04 5.103060189351032441e-04 2.252100596385375037e-10 2.258775477333821479e-04 5.108281678127765419e-04 2.293522572447241427e-10
3.689621347227101111e+00 1.666018667887612091e-04 3.143674293963498781e-04 1.821678387117948966e-10 1.372190286761935019e-04 3.151411502858139689e-04 1.789463054979392505e-10
4.920189143094656714e+00 9.890067169716210268e-05 1.860768731279478978e-04 1.469388528620784789e-10 8.010459412528909084e-05 1.869282153743786470e-04 1.406073984454032624e-10
6.561177672614024736e+00 5.645008397913623652e-05 1.056036657835310609e-04 1.141621461746981231e-10 4.485780926306652641e-05 1.064134083384592362e-04 1.084134046733463096e-10
8.749471046662279150e+00 3.088933579282322311e-05 5.729818560808846160e-05 8.328156606809290848e-11 2.405710058460091061e-05 5.801276034506787198e-05 7.827615360603577163e-11
1.166760716081661897e+01 1.616306027361942978e-05 2.967402754429010535e-05 5.583033083179285458e-11 1.235391649021347337e-05 3.025083652862545978e-05 5.254883349416805110e-11
1.555900421101123499e+01 8.089781314762062636e-06 1.474893986782089968e-05 3.669182691913592137e-11 6.093159656910500846e-06 1.511657376892085776e-05 3.487239519282796723e-11
2.074826557850288822e+01 3.897766387292680712e-06 7.127952815692892246e-06 2.376926716433390681e-11 2.909839886028495166e-06 7.292579732991181039e-06 2.287144936287390531e-11
2.766825682915017381e+01 1.831279834362865584e-06 3.389631291518995109e-06 1.505644232697444593e-11 1.362068624326165235e-06 3.435749551838488770e-06 1.455853841435009948e-11
3.689621347227100756e+01 8.501432476058797958e-07 1.599159584775431565e-06 9.022997282821066065e-12 6.323237171176586176e-07 1.598735843525417650e-06 8.799811460352608715e-12
4.920189143094656714e+01 3.929508508947156557e-07 7.489692386839116114e-07 5.044468734075991160e-12 2.929843138959825532e-07 7.401981636310678460e-07 4.967708931550430174e-12
6.561177672614024914e+01 1.811988182028639492e-07 3.490537479474416147e-07 2.757503223240053852e-12 1.356387816219287675e-07 3.420028429797773612e-07 2.749254650891080397e-12
8.749471046662279150e+01 8.332203930937401193e-08 1.624043212595692789e-07 1.484432655086280557e-12 6.269890291403930140e-08 1.577824797067951485e-07 1.491494525295837557e-12
1.166760716081661968e+02 3.820115387789885917e-08 7.537438218983807614e-08 7.868551617069441985e-13 2.891989468820186807e-08 7.270329741184120108e-08 7.936577624164887800e-13
1.555900421101123356e+02 1.744323607898310443e-08 3.489859638183266273e-08 4.093562645827320815e-13 1.329090252501428588e-08 3.345196577099223148e-08 4.139175230068879701e-13
2.074826557850288964e+02 7.909497277366677050e-09 1.610299437895618462e-08 2.089527709452510038e-13 6.064105541064514907e-09 1.534869805539183904e-08 2.123906864401487734e-13
2.766825682915017524e+02 3.543990606803081255e-09 7.388477241130571247e-09 1.077313415400544822e-13 2.731689059996111893e-09 7.001494536091358134e-09 1.077019500568078557e-13
3.689621347227101182e+02 1.559373689792048718e-09 3.363331822395905532e-09 5.524797579699126206e-14 1.207296637657922966e-09 3.161196895548617331e-09 5.425415284622345555e-14
4.920189143094656856e+02 6.699211851016678426e-10 1.514869425138496695e-09 2.789022594299308534e-14 5.205111884812859744e-10 1.406476375259319849e-09 2.723083939753624368e-14
6.561177672614023777e+02 2.798023051743631448e-10 6.734779969512516463e-10 1.381728068542553311e-14 2.179839721838251474e-10 6.147652235155946802e-10 1.362154590192390295e-14
8.749471046662279150e+02 1.133457879860747632e-10 2.952086426254567346e-10 6.771697275784552608e-15 8.846583267937493082e-11 2.635044792478916851e-10 6.704702845698581835e-15
1.166760716081661940e+03 4.451468656328542138e-11 1.276556986359791709e-10 3.277141859624907979e-15 3.477323083739906229e-11 1.107797482286914908e-10 3.309479226953757634e-15
1.555900421101123356e+03 1.696606605470016259e-11 5.451592040232640674e-11 1.581559811277021287e-15 1.324965451498836282e-11 4.572942833699921000e-11 1.642629288102809994e-15
2.074826557850288737e+03 6.287152654517598689e-12 2.300634803290808988e-11 7.670652233780409706e-16 4.904072848165879820e-12 1.856863171337065605e-11 8.093461887840353278e-16
2.766825682915017296e+03 2.271172873356812123e-12 9.618055554641174880e-12 3.711175412569600730e-16 1.767971145385829070e-12 7.424472075800965444e-12 3.899998081728954056e-16
3.689621347227101069e+03 8.029892472557576013e-13 3.991006050005464438e-12 1.781478543748297169e-16 6.229246797700055718e-13 2.928279798207134091e-12 1.840832526534889933e-16
4.920189143094656174e+03 2.793501739201251173e-13 1.647073428618994673e-12 8.558712324730065768e-17 2.154757032585957023e-13 1.142740225679235608e-12 8.694078965838936315e-17
6.561177672614025141e+03 9.617726256199196918e-14 6.774708328662788226e-13 4.135082539007061759e-17 7.357340174296913878e-14 4.427541257220520504e-13 4.097330798846145766e-17
8.749471046662278241e+03 3.297382570356411104e-14 2.781514875419592027e-13 1.968450633717306734e-17 2.493704808320843333e-14 1.707149146368276158e-13 1.931320978480008660e-17
1.166760716081662031e+04 1.132122379078049414e-14 1.141920321028501741e-13 9.215053511250603227e-18 8.432823790034491897e-15 6.561261960685270775e-14 9.022152625883744397e-18
1.555900421101123356e+04 3.906163451136136135e-15 4.687572604348798092e-14 4.246317787014761614e-18 2.854781257389546443e-15 2.518086606458888436e-14 4.182150665990898604e-18
2.074826557850289100e+04 1.355663619630850925e-15 1.916182515069682459e-14 1.946635268948674906e-18 9.686438722582253649e-16 9.642606610911189301e-15 1.927737072681297945e-18
2.766825682915017387e+04 4.725248979873348384e-16 7.757376077687416943e-15 8.836619442328467072e-19 3.290726809087938952e-16 3.670264914141508421e-15 8.790590591973135077e-19
3.689621347227100341e+04 1.647567420915953782e-16 3.101006064528424664e-15 3.988548189795017924e-19 1.116339298568726854e-16 1.383835098712182516e-15 3.953922050096428779e-19
4.920189143094656174e+04 5.720769246043310906e-17 1.215777960627637634e-15 1.780902427012584472e-19 3.769089147545254738e-17 5.132485606275918721e-16 1.775315743969016311e-19
6.561177672614024777e+04 1.970124622107413050e-17 4.652788682598507880e-16 7.779360458944073695e-20 1.263817089906436105e-17 1.861103031761747140e-16 7.865673011843524107e-20
8.749471046662278241e+04 6.699118637075105051e-18 1.733207516720052945e-16 3.344360801246459244e-20 4.196445969317159707e-18 6.583130559238781315e-17 3.399630335741737509e-20
1.166760716081661958e+05 2.245336242565721604e-18 6.262000863275890634e-17 1.423260843828136476e-20 1.378850600907984834e-18 2.264926660251678284e-17 1.433710201536682581e-20
1.555900421101123211e+05 7.414928743212770337e-19 2.194270845085817728e-17 6.018315956527267753e-21 4.479591626591388476e-19 7.558812822370663088e-18 5.900737969421710160e-21
2.074826557850289100e+05 2.410631713389940109e-19 7.482717210226556754e-18 2.480442199850299606e-21 1.439682272356775011e-19 2.447652380823722518e-18 2.425789719715413566e-21
2.766825682915017242e+05 7.724428375363935334e-20 2.478074589794803917e-18 9.859804433760175203e-22 4.593713543361860148e-20 7.691162069710093226e-19 9.912618152656041276e-22
3.689621347227101214e+05 2.452798591594937219e-20 7.958467031107188277e-19 3.827031305358287505e-22 1.461832190740112655e-20 2.352017434606102426e-19 3.942945906148270803e-22
4.920189143094656756e+05 7.731608315007372313e-21 2.504990557983974833e-19 1.517489206891367804e-22 4.655715960866079745e-21 7.065290517676868915e-20 1.524218918971718008e-22
6.561177672614024486e+05 2.416750843125846445e-21 7.740696834073788664e-20 5.918601937409744665e-23 1.486529742734849607e-21 2.087333464868809080e-20 5.907237334354210779e-23
8.749471046662279405e+05 7.520388576686497177e-22 2.340817221237163462e-20 2.254901412125295256e-23 4.799020923162917249e-22 6.075464408912009523e-21 2.288037981858397025e-23
1.166760716081662104e+06 2.356329214902177427e-22 6.907987479249885177e-21 8.854655181128623230e-24 1.580247006876173858e-22 1.762676972133791363e-21 8.861590478302373979e-24
1.555900421101123560e+06 7.505898221432234972e-23 2.000324263888955509e-21 3.494959741905412593e-24 5.331748736251664335e-23 5.125933009277322148e-22 3.469916599682495267e-24
2.074826557850289159e+06 2.461265796170879920e-23 5.727560007609354659e-22 1.368827858115496538e-24 1.852587362796997070e-23 1.503482510526069420e-22 1.380136984212545535e-24
2.766825682915017474e+06 8.381296243920963025e-24 1.633778715842662090e-22 5.531437011972808260e-25 6.658911737500942250e-24 4.480141124770060863e-23 5.580248186126808793e-25
3.689621347227101214e+06 2.979783338273093282e-24 4.692921455186522142e-23 2.270516719408379444e-25 2.483984104867056188e-24 1.365052528854584905e-23 2.278479557998781516e-25
4.920189143094656989e+06 1.107804521194126340e-24 1.369697552088897669e-23 9.302917418754803314e-26 9.575662411145306887e-25 4.271209290765456029e-24 9.466614209650590719e-26
6.561177672614024952e+06 4.288219435282454608e-25 4.090258050340728752e-24 3.951361706843338359e-26 3.823944197841940790e-25 1.377012808029449880e-24 3.993304897345602218e-26
8.749471046662278473e+06 1.724659084456476214e-25 1.252513625612200292e-24 1.728023089361185739e-26 1.586642688377810286e-25 4.617452753320828213e-25 1.706770558706577588e-26
1.166760716081662104e+07 7.206634864098823967e-26 3.939482771216104840e-25 7.610179544350278560e-27 6.791933798957323738e-26 1.621509750142238781e-25 7.570228416823556840e-27
1.555900421101123467e+07 3.117711034453882108e-26 1.283377275911110733e-25 3.432948627403297683e-27 2.984629332472685535e-26 5.989174634714771460e-26 3.420095839492278208e-27
2.074826557850288972e+07 1.386790547224233329e-26 4.358315570531585861e-26 1.563179528293433164e-27 1.339351765365528453e-26 2.315911615810579950e-26 1.547462903181524274e-27
2.766825682915017009e+07 6.267339773733499633e-27 1.552622710714284502e-26 7.168796692729696941e-28 6.092889653042318562e-27 9.316725929616488936e-27 7.108366435475162020e-28
3.689621347227101028e+07 2.853001853242660559e-27 5.809946389205052788e-27 3.304140903697771866e-28 2.788770350721483990e-27 3.865911926470547608e-27 3.256725620862682977e-28
4.920189143094656616e+07 1.300228982305319123e-27 2.270137827720480300e-27 1.517705916095053494e-28 1.277593563280889395e-27 1.638078085018928337e-27 1.500349316003576130e-28
6.561177672614024580e+07 5.937503772856548787e-28 9.174143165319485093e-28 6.961666431983984174e-29 5.843973142111355046e-28 7.046736166171380275e-28 6.903426390251016589e-29
8.749471046662279963e+07 2.701180394288320552e-28 3.794170569623951689e-28 3.176755209025130496e-29 2.667546712115446770e-28 3.064077394929215837e-28 3.179295014264473212e-29
1.166760716081662029e+08 1.217281140162148023e-28 1.588095619478328955e-28 1.454627286393218350e-29 1.206843086532820764e-28 1.334696368887179248e-28 1.450399634657031939e-29
1.555900421101123393e+08 5.432182343414824453e-29 6.685606755533284863e-29 6.518370742090079881e-30 5.389719034416788387e-29 5.793814716457204859e-29 6.481379344091301714e-30
2.074826557850289047e+08 2.403695032214499276e-29 2.821679868298937432e-29 2.887275552786137765e-30 2.376903601163098337e-29 2.498316071555641852e-29 2.869418479798076753e-30
2.766825682915017605e+08 1.044477849635802208e-29 1.182518879338585410e-29 1.265364432322520950e-30 1.028580266271112385e-29 1.063624279148749137e-29 1.248058508272478617e-30
3.689621347227101326e+08 4.455264958122797006e-30 4.905856158027048588e-30 5.420657802082533032e-31 4.372872016591882351e-30 4.466645787030882283e-30 5.332406197608488692e-31
4.920189143094656467e+08 1.860499387681222870e-30 2.005218675887719748e-30 2.243064323689873027e-31 1.816694946435404536e-30 1.838848043524848141e-30 2.243048636067615832e-31
6.561177672614024878e+08 7.558905324622332510e-31 8.022608602329764836e-31 9.032642493635648688e-32 7.360280991741590188e-31 7.395956804502357509e-31 9.106117971284839957e-32
8.749471046662279367e+08 2.976794793576875286e-31 3.124049856589706267e-31 3.537747881813674699e-32 2.881328548652435929e-31 2.881174064620544557e-31 3.516287792634923548e-32
1.166760716081662178e+09 1.129363321252146789e-31 1.175227987846622405e-31 1.319506077945078612e-32 1.084714164449410355e-31 1.081793121418373929e-31 1.294796751556632554e-32
1.555900421101123333e+09 4.115097292998033294e-32 4.261091202420299503e-32 4.684389944496417760e-33 3.926572563685848598e-32 3.907655315304424700e-32 4.577887547638328544e-33
2.074826557850289106e+09 1.445861884288313037e-32 1.492953553656944766e-32 1.571035160882599395e-33 1.355496414959672796e-32 1.348370596250306242e-32 1.528767634557820087e-33
2.766825682915017128e+09 4.844356766795999291e-33 4.999717220214759145e-33 4.866228922724133014e-34 4.438389623315873112e-33 4.417551302776641627e-33 4.761355254563612337e-34
3.689621347227100849e+09 1.545118012044472271e-33 1.596068200314922654e-33 1.375840214812591770e-34 1.362526821037891454e-33 1.357457938922537592e-33 1.367835287574880338e-34
4.920189143094656944e+09 4.630801717921415984e-34 4.798397672195791531e-34 3.613433267632773450e-35 3.917320846285217572e-34 3.908576067648602828e-34 3.688363085337741173e-35
6.561177672614025116e+09 1.308628922934176122e-34 1.365155394862476065e-34 9.053371603327436648e-36 1.058815267257208305e-34 1.060382251686489117e-34 9.301330796624039130e-36
8.749471046662279129e+09 3.406174733217557497e-35 3.594862062127542901e-35 1.992145321793170985e-36 2.632249217273843675e-35 2.654544341934781904e-35 2.087250347861383852e-36
1.166760716081661987e+10 8.252350882958025968e-36 8.829124275997169978e-36 3.779580629152757446e-37 5.747006040755272074e-36 5.822182027371158451e-36 4.073709891957494527e-37
1.555900421101123428e+10 1.827291830823905731e-36 1.989789134364682952e-36 6.211109690240551122e-38 1.090331745696635960e-36 1.116007650240649717e-36 7.107012703812880841e-38
2.074826557850289154e+10 3.598951152679731554e-37 4.039289921578816850e-37 8.396248458158152948e-39 1.668315887951933159e-37 1.736858500321979127e-37 1.020862755210665027e-38
2.766825682915017319e+10 6.396634750726620737e-38 7.403591927370263693e-38 8.223365990174133891e-40 1.979353707971955649e-38 2.125565407931647876e-38 1.014644498952257233e-39
3.689621347227101135e+10 8.972041708667441243e-39 1.096434806492865955e-38 4.684225493482855477e-41 1.715269276874903299e-39 1.831654135359743750e-39 5.697277504339580500e-41
4.920189143094656372e+10 8.479855091111531363e-40 1.196266023307691537e-39 1.843210081865769875e-42 4.053689725349308611e-41 5.681200936998083062e-41 1.107087117790503790e-42
6.561177672614024353e+10 3.055956677215204309e-41 7.547206569152711112e-41 8.221412969793073111e-45 3.567782775349419605e-43 1.050182894637994341e-42 4.840044294704182132e-44
8.749471046662280273e+10 7.811384825026322727e-45 2.001516485534997638e-42 8.544204281679697566e-47 4.148908601268150086e-45 1.655505151020914074e-44 6.180409766349962165e-46
