1.166760716081661986e+00 9.515593928465581686e-04 1.768627360876617914e-03 2.928050557200120132e-10 8.172597021230662605e-04 1.769732985558497432e-03 3.243371864888408449e-10
1.555900421101123365e+00 6.427454772210531610e-04 1.206691348431248884e-03 2.933704365532206267e-10 5.486643997536682412e-04 1.205042888027154984e-03 3.182155736472587588e-10
2.074826557850288911e+00 4.235520671567708667e-04 7.984133503363571339e-04 2.742981401126827932e-10 3.580728792056887995e-04 7.980027220423059576e-04 2.881089306968956759e-10
2.766825682915017293e+00 2.703938480852712380e-04 5.104527752459510912e-04 2.259897814382703863e-10 2.258826693536215239e-04 5.109638333100894637e-04 2.301366242248134563e-10
3.689621347227101111e+00 1.665670774603872589e-04 3.144307403175705760e-04 1.828221716512419471e-10 1.372031230618818865e-04 3.151952850761112024e-04 1.796016822391867257e-10
4.920189143094656714e+00 9.886389615734411142e-05 1.860972265583090909e-04 1.474832443562634096e-10 8.008372268657757212e-05 1.869413111353100459e-04 1.411495740192775975e-10
6.561177672614024736e+00 5.641901644449006666e-05 1.056052622553447086e-04 1.146009425050257636e-10 4.483953252822290956e-05 1.064091788041267550e-04 1.088496717340864898e-10
8.749471046662279150e+00 3.086644385269536665e-05 5.729409259429937200e-05 8.362068094557149313e-11 2.404398052717800300e-05 5.800388009856961781e-05 7.861399864727925442e-11
1.166760716081661897e+01 1.614798350782791606e-05 2.967011743470729225e-05 5.608145720153926318e-11 1.234582132048948157e-05 3.024304254384162699e-05 5.279848063554699767e-11
1.555900421101123499e+01 8.080787581566119916e-06 1.474679934876598350e-05 3.687327542192243975e-11 6.088769748078340382e-06 1.511154986740189577e-05 3.505173070550432326e-11
2.074826557850288822e+01 3.892695191215004109e-06 7.127136639097187234e-06 2.389763346412125442e-11 2.907610873395899671e-06 7.289882971634156234e-06 2.299779202387553424e-11
2.766825682915017381e+01 1.828259112973779618e-06 3.389257849872555514e-06 1.514479282564331281e-11 1.360780265272543063e-06 3.434246603891884873e-06 1.464545580852686177e-11
3.689621347227100756e+01 8.479760526594250218e-07 1.598684519784516093e-06 9.081808013883206449e-12 6.312699632876928203e-07 1.597561521309881953e-06 8.857797781151949020e-12
4.920189143094656714e+01 3.910765763061867394e-07 7.482428503486955095e-07 5.082301172208350791e-12 2.918938930649663041e-07 7.389734313639504805e-07 5.005193851448210896e-12
6.561177672614024914e+01 1.794528064712324567e-07 3.481125657738275941e-07 2.781109517975117534e-12 1.344903185702222069e-07 3.406560698073767858e-07 2.772726262535322696e-12
8.749471046662279150e+01 8.172561280741717209e-08 1.613664545549612662e-07 1.498817708863306254e-12 6.157361220085497864e-08 1.563942581275021492e-07 1.505808503018086973e-12
1.166760716081661968e+02 3.683485739257150401e-08 7.437006460173718613e-08 7.953839761695859909e-13 2.791916718019969207e-08 7.140040780727437030e-08 8.021756294539673568e-13
1.555900421101123356e+02 1.637369314261160841e-08 3.403426966593561100e-08 4.143407864302809136e-13 1.248970982663701714e-08 3.234930616496673288e-08 4.188827572251477489e-13
2.074826557850288964e+02 7.150950057127517985e-09 1.543780178242777081e-08 2.117945042888677835e-13 5.487775630855016087e-09 1.450978158646821565e-08 2.152055316339071431e-13
2.766825682915017524e+02 3.057151519746106096e-09 6.928223446896233209e-09 1.093024620413821888e-13 2.358219314243074421e-09 6.426831506959027777e-09 1.092623778158814999e-13
3.689621347227101182e+02 1.275371212193493896e-09 3.074697407170920692e-09 5.609174083053914033e-14 9.878637545080144953e-10 2.804629718484765649e-09 5.509456831531949864e-14
4.920189143094656856e+02 5.181503946014287255e-10 1.349023148082318784e-09 2.833216194835727734e-14 4.025821014994579210e-10 1.204144585677126528e-09 2.767017158080650402e-14
6.561177672614023777e+02 2.048015019671552501e-10 5.850558460695646357e-10 1.404411293906818212e-14 1.594397545169679733e-10 5.085179382689559708e-10 1.384815537451281906e-14
8.749471046662279150e+02 7.874335425391925943e-11 2.508798262081924747e-10 6.884357612439282703e-15 6.135529507328186921e-11 2.112298995595562033e-10 6.818010191920551779e-15
1.166760716081661940e+03 2.947865990857513894e-11 1.064992842420065331e-10 3.331509330769071635e-15 2.295949120877148242e-11 8.639423746056574616e-11 3.364835456075930637e-15
1.555900421101123356e+03 1.076678954679267841e-11 4.481301115549134812e-11 1.607013222605238055e-15 8.370270280381205092e-12 3.483909510608946825e-11 1.668830132167840569e-15
2.074826557850288737e+03 3.848468744120724681e-12 1.870148121665114844e-11 7.787428943206324758e-16 2.982542915447696884e-12 1.387947422219221543e-11 8.213778567983750202e-16
2.766825682915017296e+03 1.351857001514197876e-12 7.762044760175229725e-12 3.763882222970657915e-16 1.043057596909716066e-12 5.470738463242937531e-12 3.953935082989040030e-16
3.689621347227101069e+03 4.694010944792109286e-13 3.211472860257959548e-12 1.804177277374136513e-16 3.598545481371534931e-13 2.138727669609379045e-12 1.864642197462021043e-16
4.920189143094656174e+03 1.622110413715040652e-13 1.326919376548719201e-12 8.654822319976982237e-17 1.232120491796028431e-13 8.322417014659042662e-13 8.796928411714563574e-17
6.561177672614025141e+03 5.611818977140681126e-14 5.479640289913766977e-13 4.174889568555967667e-17 4.209902177360314069e-14 3.233966675232525904e-13 4.140805292247812794e-17
8.749471046662278241e+03 1.952300083538442312e-14 2.260040990969376985e-13 1.984413883598830363e-17 1.441090954689638828e-14 1.255628190287861789e-13 1.949355165644001127e-17
1.166760716081662031e+04 6.844644746265516560e-15 9.301270804773990981e-14 9.277441853798472432e-18 4.952912611522131350e-15 4.864787972892622267e-14 9.095469016368706990e-18
1.555900421101123356e+04 2.415764775127197472e-15 3.809829209489661078e-14 4.270509757854849021e-18 1.708914340072222782e-15 1.878513873773123843e-14 4.211558022089363060e-18
2.074826557850289100e+04 8.556468544415975944e-16 1.543738266062290618e-14 1.955967578395629647e-18 5.907926324358509167e-16 7.204296486833931783e-15 1.939328002717549514e-18
2.766825682915017387e+04 3.029200437550723182e-16 6.149283475040038409e-15 8.872342897383685355e-19 2.040364768730738498e-16 2.728870229112476719e-15 8.835393035832171924e-19
3.689621347227100341e+04 1.066896533420734831e-16 2.403382739488410999e-15 4.002009220571526768e-19 7.016756616661257910e-17 1.017111283290445372e-15 3.971011490628096777e-19
4.920189143094656174e+04 3.724802946349440268e-17 9.169371143802077569e-16 1.785826675133349397e-19 2.395940078030766139e-17 3.708895254191312993e-16 1.781705238221117242e-19
6.561177672614024777e+04 1.286136049805561041e-17 3.406617375965507377e-16 7.797659840572302286e-20 8.117727525876830950e-18 1.317332176785285514e-16 7.890007751049716101e-20
8.749471046662278241e+04 4.380340969282444025e-18 1.232290944891952562e-16 3.351269662562677554e-20 2.725325043550985056e-18 4.559405470968874866e-17 3.408880363758538876e-20
1.166760716081661958e+05 1.471577297480594821e-18 4.332873342784524210e-17 1.425877691210804785e-20 9.073059018048593508e-19 1.536521069319667408e-17 1.437127689924002289e-20
1.555900421101123211e+05 4.881790983632258128e-19 1.482789166083181022e-17 6.028158399764427763e-21 2.995130452154384310e-19 5.034703436616569796e-18 5.913637697670222409e-21
2.074826557850289100e+05 1.599292750587112435e-19 4.959394527695376000e-18 2.484245960004114203e-21 9.811547178965675096e-20 1.605977591756731721e-18 2.430653019739270811e-21
2.766825682915017242e+05 5.182862440688931325e-20 1.617824153172015718e-18 9.874926373410585252e-22 3.202411767554629161e-20 4.988825517889438301e-19 9.930984199227078699e-22
3.689621347227101214e+05 1.670627010323022532e-20 5.137521079297673081e-19 3.833077887046201919e-22 1.045746545466888047e-20 1.513681782669516363e-19 3.950003490410070838e-22
4.920189143094656756e+05 5.364046853940745870e-21 1.604299397907828339e-19 1.519886790827178727e-22 3.426180168570913828e-21 4.526144551527084335e-20 1.526924448146153024e-22
6.561177672614024486e+05 1.713595537911198720e-21 4.931151302463949889e-20 5.928271702628884881e-23 1.127343065025344304e-21 1.334843101206745997e-20 5.917370435719072093e-23
8.749471046662279405e+05 5.471506694093494320e-22 1.486537098963147128e-20 2.258744591270624134e-23 3.757197403430302693e-22 3.888918539453460059e-21 2.291893178399757329e-23
1.166760716081662104e+06 1.766788688795387827e-22 4.381546405248797576e-21 8.869203603936710493e-24 1.278033453127991697e-22 1.132459257702644160e-21 8.876056924081610432e-24
1.555900421101123560e+06 5.817983534299568093e-23 1.269377741943700946e-21 3.500330784384773250e-24 4.448785883365194905e-23 3.314668485932748856e-22 3.475039398512591616e-24
2.074826557850289159e+06 1.976358050077634214e-23 3.642894640730300691e-22 1.370709136642254359e-24 1.590864968470022806e-23 9.815147736458758856e-23 1.381838047273332163e-24
2.766825682915017474e+06 6.973117135680324144e-24 1.043596863533181346e-22 5.537283522838581711e-25 5.869883132418795681e-24 2.963577274615753372e-23 5.585380923077507306e-25
3.689621347227101214e+06 2.563395926309065541e-24 3.017842787830054937e-23 2.272109904406263652e-25 2.241060479903169094e-24 9.190051823138962760e-24 2.279710017322063266e-25
4.920189143094656989e+06 9.822845761479505795e-25 8.894807597731971683e-24 9.305350012044783094e-26 8.813809378884926727e-25 2.940502417538943516e-24 9.467607021187008776e-26
6.561177672614024952e+06 3.903349115654719254e-25 2.692613959341064158e-24 3.949893948458372896e-26 3.580886821841312183e-25 9.749558341289735601e-25 3.991508263077447989e-26
8.749471046662278473e+06 1.604477823692868431e-25 8.398019684526689977e-25 1.726012960210247481e-26 1.507342851961151202e-25 3.382347966827688933e-25 1.704728803810997430e-26
1.166760716081662104e+07 6.821677409233846577e-26 2.706839267243001796e-25 7.594069768784533998e-27 6.525040495343199397e-26 1.233550777747636434e-25 7.554047396257764446e-27
1.555900421101123467e+07 2.989886532647162072e-26 9.098784129513519882e-26 3.421576439563363167e-27 2.891121807997186403e-26 4.735626640058855118e-26 3.408704665181464508e-27
2.074826557850288972e+07 1.341958201623387219e-26 3.207755765182466480e-26 1.555589767940123346e-27 1.304673738979752973e-26 1.900946095013692072e-26 1.539914638635859708e-27
2.766825682915017009e+07 6.098114002100479207e-27 1.189741220098815021e-26 7.119401190240890397e-28 5.954529508025877802e-27 7.907544463188773209e-27 7.059164187002279749e-28
3.689621347227101028e+07 2.783426006243590719e-27 4.628976787156492303e-27 3.272591321779741690e-28 2.728816227513284866e-27 3.374611225448552259e-27 3.225413838381739300e-28
4.920189143094656616e+07 1.268993739033132491e-27 1.871611013472186477e-27 1.497819075597777364e-28 1.249358595865358195e-27 1.462447338626888857e-27 1.480595689497308504e-28
6.561177672614024580e+07 5.785319678783628937e-28 7.784473281578678586e-28 6.838055961179584536e-29 5.700896647441411312e-28 6.397903114941511945e-28 6.780161539716993962e-29
8.749471046662279963e+07 2.622345966861081596e-28 3.292163298699740696e-28 3.100892866580098306e-29 2.591035594041547443e-28 2.814258543920434837e-28 3.103270437111294324e-29
1.166760716081662029e+08 1.174900032401799108e-28 1.400046552073520216e-28 1.408532996792772682e-29 1.164761301811552840e-28 1.233654710228267335e-28 1.404488206573978802e-29
1.555900421101123393e+08 5.200266662034551719e-29 5.952949614815004092e-29 6.246092983131468214e-30 5.156425253340881942e-29 5.361915391878419130e-29 6.210545515204425376e-30
2.074826557850289047e+08 2.276746132769743355e-29 2.523589815331814202e-29 2.730022337331397664e-30 2.248511487185005795e-29 2.304025143110835652e-29 2.712676622391899187e-30
2.766825682915017605e+08 9.762264987510954455e-30 1.056285641404949152e-29 1.176684827414771163e-30 9.593426614250491069e-30 9.729733707277678575e-30 1.160052529205086957e-30
3.689621347227101326e+08 4.097876615466082332e-30 4.353862814747120660e-30 4.936970668643700300e-31 4.009632062267856606e-30 4.035945051904651958e-30 4.852285099018374442e-31
4.920189143094656467e+08 1.679723781368454929e-30 1.760123647078370486e-30 1.990415405010724797e-31 1.632974403557070586e-30 1.634746210242758101e-30 1.989578029418892717e-31
6.561177672614024878e+08 6.683402059348629710e-31 6.937532843630800132e-31 7.765038237890297613e-32 6.470500696106568725e-31 6.448554519633824161e-31 7.834102785381361107e-32
8.749471046662279367e+08 2.573239201467986231e-31 2.653255139797792763e-31 2.930715385852792806e-32 2.472444928302490432e-31 2.457457281430186926e-31 2.915602333196512649e-32
1.166760716081662178e+09 9.532642185061850932e-32 9.779781901231795630e-32 1.046579949382620665e-32 9.072660026305762066e-32 9.009901837194497778e-32 1.027301082399422775e-32
1.555900421101123333e+09 3.390343340241096353e-32 3.470051460274526019e-32 3.536276077462048663e-33 3.200143219087020749e-32 3.175416205486511344e-32 3.455477153109796706e-33
2.074826557850289106e+09 1.163642163072731894e-32 1.189957645885239841e-32 1.124164670796226162e-33 1.076494513725248892e-32 1.068816191039915752e-32 1.093217965757736941e-33
2.766825682915017128e+09 3.810793109602936038e-33 3.900351696325443966e-33 3.289958811273918216e-34 3.437765673279276872e-33 3.417864968820746868e-33 3.214837365965962862e-34
3.689621347227100849e+09 1.190662214558795871e-33 1.220717919167978926e-33 8.768216108669873801e-35 1.031006800003568242e-33 1.026529581359492426e-33 8.702048779707519181e-35
4.920189143094656944e+09 3.500775246652150264e-34 3.601499665317659853e-34 2.171030772565566125e-35 2.902100377843291900e-34 2.894500396469970391e-34 2.213662016050559039e-35
6.561177672614025116e+09 9.732903306712350448e-35 1.008162167726616364e-34 5.160980818023136211e-36 7.705233349686813966e-35 7.714905888732503180e-35 5.296407406963679498e-36
8.749471046662279129e+09 2.496109011750134628e-35 2.615261926027739849e-35 1.085497738883232124e-36 1.887731008867332078e-35 1.903740921538316135e-35 1.135150927955317024e-36
1.166760716081661987e+10 5.979196539605777206e-36 6.347740940964742109e-36 1.975329393912603260e-37 4.069404097906572050e-36 4.121698225812277032e-36 2.125898268750128627e-37
1.555900421101123428e+10 1.313372989076195133e-36 1.417545890503954390e-36 3.137947293816032378e-38 7.636392800255962791e-37 7.814124485118182302e-37 3.582745379629144691e-38
2.074826557850289154e+10 2.567785175396949883e-37 2.852584511812132604e-37 4.123239645825880009e-39 1.158982399156711917e-37 1.205933219979562708e-37 5.012106862409138568e-39
2.766825682915017319e+10 4.539081062054851188e-38 5.191509644103512915e-38 3.954254794262168672e-40 1.366252476461434663e-38 1.465758928983512262e-38 4.868573962754247102e-40
3.689621347227101135e+10 6.337486477576834624e-39 7.629814084393539568e-39 2.202819403554828017e-41 1.175824852289082917e-39 1.252822808196468349e-39 2.676234088738332765e-41
4.920189143094656372e+10 5.957544203333088559e-40 8.239497540270636534e-40 8.517043146294926706e-43 2.754671045447944727e-41 3.837439761092115016e-41 4.973495174458105240e-43
6.561177672614024353e+10 2.139783172047906120e-41 5.124462183814053899e-41 3.534503220355317592e-45 2.345771166119634417e-43 6.886100725895372526e-43 2.156845074447332022e-44
8.749471046662280273e+10 5.228707727148765883e-45 1.345726924374951569e-42 3.662488815616050137e-47 2.724858244133852999e-45 1.075198969448762346e-44 2.727642507293480237e-46
