1.166760716081661986e+00 9.515913635655792301e-04 1.768700532286945643e-03 2.928708291328408890e-10 8.172907219833944322e-04 1.769806264838290040e-03 3.244056828217944222e-10
1.555900421101123365e+00 6.427616103863337564e-04 1.206735649270189057e-03 2.934378507302007262e-10 5.486807539015370761e-04 1.205087200818164049e-03 3.182849616171757138e-10
2.074826557850288911e+00 4.235582813731530072e-04 7.984381872013519149e-04 2.743621509578110269e-10 3.580800260263671919e-04 7.980273097693842783e-04 2.881740620716451929e-10
2.766825682915017293e+00 2.703946605706301237e-04 5.104653388315102524e-04 2.260447523274941481e-10 2.258846837187448227e-04 5.109759858294175491e-04 2.301919115466914282e-10
3.689621347227101111e+00 1.665654838694460046e-04 3.144362176146036063e-04 1.828681938866415295e-10 1.372027215927488022e-04 3.152003357223345532e-04 1.796477691794827021e-10
4.920189143094656714e+00 9.886158482586495538e-05 1.860990140006838942e-04 1.475214590635971032e-10 8.008247577366685245e-05 1.869427092436578089e-04 1.411876175116907410e-10
6.561177672614024736e+00 5.641682185457004540e-05 1.056054009737621038e-04 1.146316658843916492e-10 4.483823195383824389e-05 1.064089659525494489e-04 1.088802031050298856e-10
8.749471046662279150e+00 3.086470241991033073e-05 5.729369382327481575e-05 8.364434163909225234e-11 2.404294806583483058e-05 5.800316186250222244e-05 7.863756168215220562e-11
1.166760716081661897e+01 1.614675432529653559e-05 2.966969274724534048e-05 5.609889684480234620e-11 1.234511761994260562e-05 3.024233656167540636e-05 5.281581647896527868e-11
1.555900421101123499e+01 8.079987829884902452e-06 1.474650349111847813e-05 3.688581250224412581e-11 6.088331307473625216e-06 1.511103017184278688e-05 3.506411782298993919e-11
2.074826557850288822e+01 3.892186050568239450e-06 7.126951454833374531e-06 2.390645724810483544e-11 2.907337258357364410e-06 7.289540311573782290e-06 2.300647028348149194e-11
2.766825682915017381e+01 1.827909646047913213e-06 3.389121055199896088e-06 1.515083055386379325e-11 1.360585035126405240e-06 3.434005165946922339e-06 1.465138877605775755e-11
3.689621347227100756e+01 8.477003664293551823e-07 1.598554133777931352e-06 9.085797026662010038e-12 6.311016774457587400e-07 1.597357995695936600e-06 8.861726935983339603e-12
4.920189143094656714e+01 3.908363541047753090e-07 7.481062860519784091e-07 5.084844362380875152e-12 2.917342145429611612e-07 7.387796219601822588e-07 5.007712877370481045e-12
6.561177672614024914e+01 1.792407963744201788e-07 3.479733760097760068e-07 2.782680369728456946e-12 1.343410847014523742e-07 3.404688440468507881e-07 2.774288092388002487e-12
8.749471046662279150e+01 8.154793775091780906e-08 1.612360334950658919e-07 1.499764080325403115e-12 6.144415186058883209e-08 1.562236701118648659e-07 1.506750265707461858e-12
1.166760716081661968e+02 3.669829775004183904e-08 7.425996289177672058e-08 7.959381665700840315e-13 2.781754543141631506e-08 7.125869851358730303e-08 8.027290317886762311e-13
1.555900421101123356e+02 1.627890949763445104e-08 3.395111552373488839e-08 4.146604581698603352e-13 1.241817854603770620e-08 3.224356318530888897e-08 4.192010606086120772e-13
2.074826557850288964e+02 7.091642267480515085e-09 1.538151029446938714e-08 2.119742385384600571e-13 5.442557049535479110e-09 1.443901308406607147e-08 2.153832511019034752e-13
2.766825682915017524e+02 3.023467505895161266e-09 6.893743801192738805e-09 1.094002326607313801e-13 2.332331573944579200e-09 6.384024813559232204e-09 1.093593404948657928e-13
3.689621347227101182e+02 1.257812940023530071e-09 3.055311506225006359e-09 5.614328714270776125e-14 9.742796001060180298e-10 2.780917008114877373e-09 5.514590418260065928e-14
4.920189143094656856e+02 5.096491752440739485e-10 1.338857541187871548e-09 2.835863600645625654e-14 3.959679017501994887e-10 1.191932527293023878e-09 2.769649947636928386e-14
6.561177672614023777e+02 2.009367996033338291e-10 5.800090330994906989e-10 1.405744440141303596e-14 1.564187073562751663e-10 5.025853521634973906e-10 1.386147159899870251e-14
8.749471046662279150e+02 7.707920868584797929e-11 2.484776949570201333e-10 6.890841017088377096e-15 6.004944384801915047e-11 2.084781210023207404e-10 6.824542063553643133e-15
1.166760716081661940e+03 2.879536577310610324e-11 1.053931535633310273e-10 3.334570405759352768e-15 2.242180243339757739e-11 8.516432709281668603e-11 3.367963161407522139e-15
1.555900421101123356e+03 1.049797421671717755e-11 4.431798045876138477e-11 1.608416039189986515e-15 8.158392357208420291e-12 3.430646968479842039e-11 1.670282426749236691e-15
2.074826557850288737e+03 3.746792320642430063e-12 1.848572535938034929e-11 7.793742450022740947e-16 2.902333132034730862e-12 1.365534470509274640e-11 8.220334236889479275e-16
2.766825682915017296e+03 1.314764121254606059e-12 7.670287363028513600e-12 3.766684599040824974e-16 1.013778888897209748e-12 5.379050985436415754e-12 3.956826845276086054e-16
3.689621347227101069e+03 4.562884879350381371e-13 3.173298383260831129e-12 1.805367088264505535e-16 3.495041914694652450e-13 2.102212906257988318e-12 1.865903191963326512e-16
4.920189143094656174e+03 1.576887473145693171e-13 1.311286996451795883e-12 8.659796694032993572e-17 1.196471074331082873e-13 8.180214683019208683e-13 8.802324418166593838e-17
6.561177672614025141e+03 5.458377460087018441e-14 5.415969181754020702e-13 4.176927163168589378e-17 4.089304349089406589e-14 3.179439916966321612e-13 4.143070073896248799e-17
8.749471046662278241e+03 1.900578469445052220e-14 2.233923577543775800e-13 1.985224861994836370e-17 1.400669193084359766e-14 1.234857187742673701e-13 1.950290639135693478e-17
1.166760716081662031e+04 6.669788016063116503e-15 9.192134244632051058e-14 9.280590224440665049e-18 4.817640676949047909e-15 4.785415931160217954e-14 9.099256024942984198e-18
1.555900421101123356e+04 2.356061883524203678e-15 3.763125322776897167e-14 4.271725765019226302e-18 1.663485314062654561e-15 1.847844767043672361e-14 4.213073058112515979e-18
2.074826557850289100e+04 8.350017091261379000e-16 1.523390656066665895e-14 1.956435899030966389e-18 5.754565290406261400e-16 7.084187664120947909e-15 1.939923837756029383e-18
2.766825682915017387e+04 2.957050483943529876e-16 6.060254230556401586e-15 8.874138807182406169e-19 1.988420119501533736e-16 2.681457063667432618e-15 8.837686105767327700e-19
3.689621347227100341e+04 1.041571172374076074e-16 2.364840086013169136e-15 4.002690725512872903e-19 6.840981624974937136e-17 9.984153599536530492e-16 3.971885433312124184e-19
4.920189143094656174e+04 3.636193011583902685e-17 9.006780830981754990e-16 1.786079448840753591e-19 2.336817973308549452e-17 3.636283943919722905e-16 1.782032516311978753e-19
6.561177672614024777e+04 1.255444974030810729e-17 3.340425413861096529e-16 7.798620469485593558e-20 7.920917699747028287e-18 1.289862070207338374e-16 7.891265027281140902e-20
8.749471046662278241e+04 4.275767255306153672e-18 1.206406066822024817e-16 3.351643466749921591e-20 2.660792818565922697e-18 4.458764000038441605e-17 3.409364849593020054e-20
1.166760716081661958e+05 1.436626488979904635e-18 4.235868142286677224e-17 1.426023636381131600e-20 8.865147832612881397e-19 1.500945599864670916e-17 1.437310459967218946e-20
1.555900421101123211e+05 4.767369269770950218e-19 1.447881553062552292e-17 6.028723998700511751e-21 2.929420154650217837e-19 4.913601756503386353e-18 5.914345730195129661e-21
2.074826557850289100e+05 1.562661168692226742e-19 4.838110722671236128e-18 2.484469828736034630e-21 9.607840770949380790e-20 1.566226751387228496e-18 2.430925991469259646e-21
2.766825682915017242e+05 5.068140795695850992e-20 1.577143244203083509e-18 9.875832553683963578e-22 3.140360204559538056e-20 4.862846877052751736e-19 9.932032273823525074e-22
3.689621347227101214e+05 1.635307910581232427e-20 5.005764843234327004e-19 3.833442246447277341e-22 1.027106754942730953e-20 1.474988812601621040e-19 3.950410827293518003e-22
4.920189143094656756e+05 5.257022299100970826e-21 1.562609862223933070e-19 1.520030131112984993e-22 3.370813610402184535e-21 4.409805355520087568e-20 1.527080470760267071e-22
6.561177672614024486e+05 1.681746674185506333e-21 4.801943516378302515e-20 5.928841248768209312e-23 1.111066722423781289e-21 1.300543033126759665e-20 5.917948582614868516e-23
8.749471046662279405e+05 5.378429433122348109e-22 1.447421795049777641e-20 2.258965716872558373e-23 3.709629981447750087e-22 3.789597904243868602e-21 2.292108900376372284e-23
1.166760716081662104e+06 1.739899983512577030e-22 4.266193135645807167e-21 8.870012376637577308e-24 1.264115500584568209e-22 1.103891736954856156e-21 8.876846082629912148e-24
1.555900421101123560e+06 5.740623083285750395e-23 1.236058995908178961e-21 3.500615513837046077e-24 4.407749835188586409e-23 3.232651244935339875e-22 3.475306447915796112e-24
2.074826557850289159e+06 1.954014088500078984e-23 3.547943171034428589e-22 1.370801640203975979e-24 1.578595519396652391e-23 9.578881291478159587e-23 1.381919275538096090e-24
2.766825682915017474e+06 6.907882420761575337e-24 1.016719284767098934e-22 5.537529362675195987e-25 5.832625508039685126e-24 2.894926897950318915e-23 5.585585661493485636e-25
3.689621347227101214e+06 2.544012970183097085e-24 2.941532918941095506e-23 2.272152391099171921e-25 2.229530603508091092e-24 8.988091038960426909e-24 2.279733086343432011e-25
4.920189143094656989e+06 9.764170098555394118e-25 8.675886488691188682e-24 9.305228654826573008e-26 8.777527400524634893e-25 2.880231761605057833e-24 9.467409110718272996e-26
6.561177672614024952e+06 3.885280138560333021e-25 2.628834415140605679e-24 3.949668522534979805e-26 3.569273093042239708e-25 9.567382221235654900e-25 3.991266331976194840e-26
8.749471046662278473e+06 1.598799725472543091e-25 8.209453358765198658e-25 1.725819139930172392e-26 1.503529885069425322e-25 3.326345879978564016e-25 1.704534231038475394e-26
1.166760716081662104e+07 6.803273336171949321e-26 2.650436047573467905e-25 7.592695739590945123e-27 6.512029641180886891e-26 1.215933512855309790e-25 7.552670341803098087e-27
1.555900421101123467e+07 2.983636579222642880e-26 8.927541946378267016e-26 3.420656770881721831e-27 2.886439718166367307e-26 4.678525978082340863e-26 3.407784351982399201e-27
2.074826557850288972e+07 1.339680768497677356e-26 3.154851791576697438e-26 1.554991924168041754e-27 1.302859494677223091e-26 1.881933594829176671e-26 1.539319978802583384e-27
2.766825682915017009e+07 6.089027209669510222e-27 1.172977317079668106e-26 7.115567195815594080e-28 5.946842479069490858e-27 7.842324093616289806e-27 7.055345382760116072e-28
3.689621347227101028e+07 2.779429315221501975e-27 4.573992175634666336e-27 3.270165323768546768e-28 2.725248569317105385e-27 3.351492465305034805e-27 3.223007101001167981e-28
4.920189143094656616e+07 1.267072059805909193e-27 1.852819162587779425e-27 1.496301231557836928e-28 1.247565415475919421e-27 1.453966478353958894e-27 1.479088816670950031e-28
6.561177672614024580e+07 5.775394711693643822e-28 7.717644578413021299e-28 6.828687223959666827e-29 5.691328923048388850e-28 6.365376936847011622e-28 6.770822793577247379e-29
8.749471046662279963e+07 2.616988181895971435e-28 3.267329813024890254e-28 3.095187029842346196e-29 2.585741485811652998e-28 2.801102880096495419e-28 3.097554635421900054e-29
1.166760716081662029e+08 1.171950464557043901e-28 1.390391294315044405e-28 1.405097639680713134e-29 1.161797553463892473e-28 1.228023905215302173e-28 1.401067474994231465e-29
1.555900421101123393e+08 5.183976203167691215e-29 5.913627803724251683e-29 6.226022240933129552e-30 5.139917378515279420e-29 5.336477562882851405e-29 6.190589407040688519e-30
2.074826557850289047e+08 2.267844826461463660e-29 2.506837996211001157e-29 2.718583319530144136e-30 2.239471586924633755e-29 2.292056289665800920e-29 2.701282136970048212e-30
2.766825682915017605e+08 9.714891985475803460e-30 1.048901463243754783e-29 1.170336685026970955e-30 9.545274648858250908e-30 9.672245613096144098e-30 1.153757426301487089e-30
3.689621347227101326e+08 4.073471914155036694e-30 4.320641046381240013e-30 4.903007967154520947e-31 3.984818481205342190e-30 4.008281141303816747e-30 4.818599479866780779e-31
4.920189143094656467e+08 1.667634680270724389e-30 1.745150506338780792e-30 1.973081970172554612e-31 1.620700803650369997e-30 1.621653625099201491e-30 1.972191646596610380e-31
6.561177672614024878e+08 6.626256640298556286e-31 6.871102470214910544e-31 7.680415168457736738e-32 6.412553113499101049e-31 6.388480998487495690e-31 7.749127200131254588e-32
8.749471046662279367e+08 2.547584757913715104e-31 2.624657420004410163e-31 2.891451056218888661e-32 2.446544620057779905e-31 2.431086075448750936e-31 2.876716988735761473e-32
1.166760716081662178e+09 9.423723126027570311e-32 9.661704746515510133e-32 1.029569614861553528e-32 8.963480852919147862e-32 8.899939271506488311e-32 1.010620014446169032e-32
1.555900421101123333e+09 3.346730774473150057e-32 3.423576608740283272e-32 3.467672623368435549e-33 3.156739244651458281e-32 3.131994360877507472e-32 3.388393115570884462e-33
2.074826557850289106e+09 1.147102391571280512e-32 1.172516012106925084e-32 1.098665529429248679e-33 1.060301853002171781e-32 1.052668873195345862e-32 1.068368091733067372e-33
2.766825682915017128e+09 3.751726971249559809e-33 3.838393270951173396e-33 3.204371700217183663e-34 3.381295734840037250e-33 3.361609836492275168e-33 3.130919136669155743e-34
3.689621347227100849e+09 1.170866783491843269e-33 1.199992552295686866e-33 8.511111276577944061e-35 1.012783589829457341e-33 1.008369023470194031e-33 8.445839946079918231e-35
4.920189143094656944e+09 3.438984853968414851e-34 3.536700214143235563e-34 2.100521860108431311e-35 2.847632260542587866e-34 2.840144312082050774e-34 2.141578139123731880e-35
6.561177672614025116e+09 9.552880752034920237e-35 9.891732697252300381e-35 4.979518894844737433e-36 7.553800157245819328e-35 7.563224277996908055e-35 5.109703686581010378e-36
8.749471046662279129e+09 2.448066111631145704e-35 2.564015635320867819e-35 1.044954923817624593e-36 1.849320898330718120e-35 1.865005914775968057e-35 1.092603204222018172e-36
1.166760716081661987e+10 5.860791274435045566e-36 6.219712459259764412e-36 1.897730902239415506e-37 3.984242696433592283e-36 4.035380635917208808e-36 2.042134246577833374e-37
1.555900421101123428e+10 1.286874100615670071e-36 1.388356288805793916e-36 3.009963430928797745e-38 7.472883784341674385e-37 7.646650853446180093e-37 3.436043486855647898e-38
2.074826557850289154e+10 2.515124179940682474e-37 2.792727391403075892e-37 3.950082785118270117e-39 1.133762925725855355e-37 1.179647449770029723e-37 4.801102570915568717e-39
2.766825682915017319e+10 4.444977029074740090e-38 5.081040473723475414e-38 3.784735004139740516e-40 1.336154984370027913e-38 1.433378921908679983e-38 4.658506558578400381e-40
3.689621347227101135e+10 6.205099498456446718e-39 7.465179849462061040e-39 2.106271394667301846e-41 1.149565486962355892e-39 1.224674547095196737e-39 2.557482730073916609e-41
4.920189143094656372e+10 5.832006859575618398e-40 8.058288303778561366e-40 8.136561136797459971e-43 2.691422833619447425e-41 3.748050226611994887e-41 4.731795024833668063e-43
6.561177672614024353e+10 2.094450748710405501e-41 5.008534912153150612e-41 3.355360345657652685e-45 2.285768541820448888e-43 6.710879454000426840e-43 2.050763280917257475e-44
8.749471046662280273e+10 5.098959671888415400e-45 1.314711806176727552e-42 3.476295880280392781e-47 2.654770498980551086e-45 1.046849659409193699e-44 2.592303736481356397e-46
