1.166760716081661986e+00 9.516059166161751131e-04 1.768760680865293262e-03 2.929419974666521407e-10 8.173067490865476310e-04 1.769863564415831989e-03 3.244798085266001797e-10
1.555900421101123365e+00 6.427668563359946463e-04 1.206771473965932186e-03 2.935107900768264739e-10 5.486876738391750644e-04 1.205121408854034799e-03 3.183600444537167078e-10
2.074826557850288911e+00 4.235578482269978335e-04 7.984578088696589991e-04 2.744314003074634308e-10 3.580814688338186127e-04 7.980456874301305537e-04 2.882445266558168814e-10
2.766825682915017293e+00 2.703915336960466460e-04 5.104747924688749373e-04 2.261042074946913120e-10 2.258833688415533747e-04 5.109844091220625342e-04 2.302517069738639519e-10
3.689621347227101111e+00 1.665616262099512638e-04 3.144398979260014729e-04 1.829179548665783156e-10 1.372004411369588314e-04 3.152032214453966987e-04 1.796975989067298807e-10
4.920189143094656714e+00 9.885799218013455235e-05 1.860997837950029491e-04 1.475627678844578875e-10 8.008019253239507553e-05 1.869428760764479047e-04 1.412287391129542419e-10
6.561177672614024736e+00 5.641390286560431829e-05 1.056049681749124207e-04 1.146648660098907141e-10 4.483636690230662113e-05 1.064080548413273497e-04 1.089131935744256923e-10
8.749471046662279150e+00 3.086254889675698915e-05 5.729297645558234530e-05 8.366989817783872605e-11 2.404160995047454705e-05 5.800204567997615705e-05 7.866301141199953722e-11
1.166760716081661897e+01 1.614528860755112547e-05 2.966909287152926040e-05 5.611772254976536623e-11 1.234424806360328299e-05 3.024140275969884305e-05 5.283452998148366321e-11
1.555900421101123499e+01 8.079049798259611866e-06 1.474611183553585844e-05 3.689933726404459642e-11 6.087800542477109975e-06 1.511037936608091208e-05 3.507748019117202740e-11
2.074826557850288822e+01 3.891591412183141985e-06 7.126711100836610970e-06 2.391597002211346837e-11 2.907007837527040653e-06 7.289119322033787099e-06 2.301582522490816817e-11
2.766825682915017381e+01 1.827500865653459172e-06 3.388947179410708494e-06 1.515733495639822631e-11 1.360350524692146432e-06 3.433711182698838134e-06 1.465777932327185267e-11
3.689621347227100756e+01 8.473779402183245951e-07 1.598393656884834210e-06 9.090090322475031866e-12 6.309012390524109173e-07 1.597113121365266419e-06 8.865955220747955194e-12
4.920189143094656714e+01 3.905569830076049123e-07 7.479428003023069110e-07 5.087578478148038522e-12 2.915466018446849639e-07 7.385498747451621728e-07 5.010420888862187217e-12
6.561177672614024914e+01 1.789968107031736361e-07 3.478102947651740388e-07 2.784367021189781207e-12 1.341684489491759072e-07 3.402503271710771645e-07 2.775965045929464708e-12
8.749471046662279150e+01 8.134628239282526365e-08 1.610860406058187726e-07 1.500778786001100565e-12 6.129685414756869968e-08 1.560277591481137150e-07 1.507760050377484416e-12
1.166760716081661968e+02 3.654573061805823154e-08 7.413557309863882218e-08 7.965314765388720723e-13 2.770388440769973529e-08 7.109868488396008853e-08 8.033214965599120512e-13
1.555900421101123356e+02 1.617470762440598748e-08 3.385876640629516603e-08 4.150021526665834916e-13 1.233950093010086893e-08 3.212617290485744590e-08 4.195412782881132397e-13
2.074826557850288964e+02 7.027420969357830424e-09 1.531996785916158913e-08 2.121660390756235700e-13 5.393580598232788680e-09 1.436169131139083855e-08 2.155728577804149374e-13
2.766825682915017524e+02 2.987475100588097907e-09 6.856551884827664661e-09 1.095043669781439616e-13 2.304665282153433750e-09 6.337900274338470047e-09 1.094625938101263753e-13
3.689621347227101182e+02 1.239258990717284672e-09 3.034624668652791958e-09 5.619806888037570950e-14 9.599228448938289770e-10 2.755654926043216624e-09 5.520046157542031195e-14
4.920189143094656856e+02 5.007462014895398850e-10 1.328096513456691991e-09 2.838670725642271995e-14 3.890398657827489173e-10 1.179035369906378196e-09 2.772441783440853869e-14
6.561177672614023777e+02 1.969181411386523340e-10 5.746963868562169893e-10 1.407154945723405384e-14 1.532766789546532239e-10 4.963593232945932754e-10 1.387556068709906428e-14
8.749471046662279150e+02 7.535847583235837923e-11 2.459583344989250799e-10 6.897684406922865509e-15 5.869890941620678051e-11 2.056028313752338690e-10 6.831438348628605480e-15
1.166760716081661940e+03 2.809202646968949824e-11 1.042358554887683303e-10 3.337793689702626531e-15 2.186823142230835795e-11 8.388309420774568833e-11 3.371258157365707687e-15
1.555900421101123356e+03 1.022230566311264257e-11 4.380096861887293035e-11 1.609889846066402133e-15 7.941074816260750967e-12 3.375285926566869508e-11 1.671809303249347623e-15
2.074826557850288737e+03 3.642850880435676105e-12 1.826072739840797135e-11 7.800362334945550432e-16 2.820324049929816631e-12 1.342281617691622706e-11 8.227214637039012546e-16
2.766825682915017296e+03 1.276942698274964464e-12 7.574721300324023168e-12 3.769617995628940826e-16 9.839210680137176944e-13 5.284083056295262072e-12 3.959857067725181778e-16
3.689621347227101069e+03 4.429438896797641978e-13 3.133571143373305664e-12 1.806610833446207873e-16 3.389694586796023852e-13 2.064441479449676418e-12 1.867223064883322185e-16
4.920189143094656174e+03 1.530912513538404568e-13 1.295017795606311240e-12 8.664990305577948252e-17 1.160226134933717575e-13 8.033226429371864660e-13 8.807967685856642739e-17
6.561177672614025141e+03 5.302382936675188191e-14 5.349622394979346645e-13 4.179052280904916045e-17 3.966707565183039480e-14 3.123070273809469092e-13 4.145437114130948963e-17
8.749471046662278241e+03 1.847937097936836556e-14 2.206642836918072682e-13 1.986070101428549338e-17 1.359543880653102451e-14 1.213359148939912818e-13 1.951267964305081260e-17
1.166760716081662031e+04 6.491448423791632814e-15 9.077780924037654771e-14 9.283869748270475709e-18 4.679797889896101125e-15 4.703095388962084153e-14 9.103210686202841798e-18
1.555900421101123356e+04 2.295006102546111390e-15 3.714045824600449323e-14 4.272992123476472030e-18 1.617100399394765911e-15 1.815955574130608502e-14 4.214654749055931231e-18
2.074826557850289100e+04 8.138306358638650477e-16 1.501969865671864721e-14 1.956923653119033042e-18 5.597656980405641821e-16 6.959011512896649098e-15 1.940545780493506695e-18
2.766825682915017387e+04 2.882890054499359664e-16 5.966515216744709310e-15 8.876010256103306658e-19 1.935179484436343417e-16 2.631972679058462916e-15 8.840078884378269031e-19
3.689621347227100341e+04 1.015497721658596571e-16 2.324314088006856295e-15 4.003401754626835058e-19 6.660578842496839539e-17 9.788981874036208420e-16 3.972797527649108294e-19
4.920189143094656174e+04 3.544884007302202615e-17 8.836242657527370615e-16 1.786343712774046822e-19 2.276085330677497153e-17 3.560549133068732033e-16 1.782374274535416883e-19
6.561177672614024777e+04 1.223809107374192486e-17 3.271204974638584734e-16 7.799627750516148568e-20 7.718639435337150050e-18 1.261257657021067049e-16 7.892579702292208880e-20
8.749471046662278241e+04 4.167981082085827182e-18 1.179418908399924576e-16 3.352036860929697363e-20 2.594448150513016652e-18 4.354175310478444055e-17 3.409872406195809188e-20
1.166760716081661958e+05 1.400610494809464496e-18 4.135013814008611672e-17 1.426177748589581314e-20 8.651359420790544476e-19 1.464048631456472234e-17 1.437502441664651154e-20
1.555900421101123211e+05 4.649490710514915615e-19 1.411675299875683080e-17 6.029323032652279227e-21 2.861841345238584042e-19 4.788229187903820490e-18 5.915091658790743922e-21
2.074826557850289100e+05 1.524930581662439589e-19 4.712556114772920556e-18 2.484707420638587066e-21 9.398296835717277558e-20 1.525136460565405115e-18 2.431214220236215284e-21
2.766825682915017242e+05 4.949991053079307325e-20 1.535091882341501602e-18 9.876795493412367111e-22 3.076510891597136553e-20 4.732779979517834900e-19 9.933140419519914954e-22
3.689621347227101214e+05 1.598933729777126411e-20 4.869719553005219264e-19 3.833829349607515217e-22 1.007919043816648433e-20 1.435076066597310521e-19 3.950841772551860794e-22
4.920189143094656756e+05 5.146790064473070163e-21 1.519596947885282115e-19 1.520182167257184554e-22 3.313789582891586599e-21 4.289875437867297007e-20 1.527245395725429075e-22
6.561177672614024486e+05 1.648936353350076096e-21 4.668707333755619786e-20 5.929443923916523560e-23 1.094291970149652440e-21 1.265199913809171996e-20 5.918558472657774615e-23
8.749471046662279405e+05 5.282511020214432439e-22 1.407101665247062426e-20 2.259198928351971698e-23 3.660566463096563358e-22 3.687286457283910374e-21 2.292335782051393480e-23
1.166760716081662104e+06 1.712178399767959340e-22 4.147313551923883279e-21 8.870861310782929653e-24 1.249746827976817337e-22 1.074468794440006049e-21 8.877672966228298469e-24
1.555900421101123560e+06 5.660825177316138560e-23 1.201725912196003107e-21 3.500912416461452335e-24 4.365346118943595957e-23 3.148184739911992921e-22 3.475584426254492185e-24
2.074826557850289159e+06 1.930953616028737275e-23 3.450105590918908147e-22 1.370897041947202120e-24 1.565906892373712697e-23 9.335565547583895103e-23 1.382002700303626464e-24
2.766825682915017474e+06 6.840521620625084138e-24 9.890245068037155072e-23 5.537776264337368972e-25 5.794071375410256523e-24 2.824227832642718722e-23 5.585789217100753830e-25
3.689621347227101214e+06 2.523989455038238462e-24 2.862899039677213122e-23 2.272190431490680828e-25 2.217594793789960991e-24 8.780099572594436441e-24 2.279750797757254495e-25
4.920189143094656989e+06 9.703530875420158227e-25 8.450279421805635539e-24 9.305064179128039236e-26 8.739957499080286150e-25 2.818159831442642887e-24 9.467164464215786600e-26
6.561177672614024952e+06 3.866596991926442443e-25 2.563099607789184146e-24 3.949410662575068453e-26 3.557241901343600029e-25 9.379753565588334920e-25 3.990991310495194819e-26
8.749471046662278473e+06 1.592923382986233868e-25 8.015079167332458082e-25 1.725603320354989536e-26 1.499575918794573602e-25 3.268662606947729165e-25 1.704317752816007470e-26
1.166760716081662104e+07 6.784193403225956951e-26 2.592285329228444671e-25 7.591180097166320001e-27 6.498508881302058165e-26 1.197783666509546793e-25 7.551151634879338089e-27
1.555900421101123467e+07 2.977136015801650842e-26 8.750950783231498747e-26 3.419646798207429134e-27 2.881555140873321957e-26 4.619673970375712128e-26 3.406773767997321746e-27
2.074826557850288972e+07 1.337299483758076179e-26 3.100274424434775619e-26 1.554336870326593868e-27 1.300955454175559166e-26 1.862322128113251186e-26 1.538668420771266414e-27
2.766825682915017009e+07 6.079457540815555806e-27 1.155672103534820471e-26 7.111371942173998085e-28 5.938713636672725375e-27 7.774954304412945713e-27 7.051166867296965548e-28
3.689621347227101028e+07 2.775186152619118858e-27 4.517170735354563584e-27 3.267513210344395500e-28 2.721445843043019995e-27 3.327556903464657814e-27 3.220376191704801697e-28
4.920189143094656616e+07 1.265016527421963550e-27 1.833365510660080402e-27 1.494643294241831402e-28 1.245640955115489504e-27 1.445155085344830425e-27 1.477442962595274193e-28
6.561177672614024580e+07 5.764716766707754744e-28 7.648276937181717189e-28 6.818462542302112894e-29 5.681010040345866320e-28 6.331416688262689857e-28 6.760631414534237867e-29
8.749471046662279963e+07 2.611202684093157604e-28 3.241456408400474933e-28 3.088966138068939076e-29 2.580015173688586630e-28 2.787282969242241694e-28 3.091323228934074199e-29
1.166760716081662029e+08 1.168759802490211789e-28 1.380284410021139920e-28 1.401356724037663376e-29 1.158588127687755142e-28 1.222070126784723390e-28 1.397342684731786923e-29
1.555900421101123393e+08 5.166349381108629465e-29 5.872250832965362049e-29 6.204198594262224737e-30 5.122043929322480121e-29 5.309424276210223691e-29 6.168892062319818201e-30
2.074826557850289047e+08 2.258221356768058112e-29 2.489122367335155915e-29 2.706167343269460985e-30 2.229694984729290558e-29 2.279274015381511500e-29 2.688915898458733855e-30
2.766825682915017605e+08 9.663761256770162815e-30 1.041061890713772947e-29 1.163461087761136943e-30 9.493296697109102344e-30 9.610713689659144116e-30 1.146940186930242373e-30
3.689621347227101326e+08 4.047191566688402200e-30 4.285287361895733963e-30 4.866317132840171085e-31 3.958098808234088240e-30 3.978657654836048819e-30 4.782213008680950961e-31
4.920189143094656467e+08 1.654651816960764579e-30 1.729203573386887040e-30 1.954413003046172348e-31 1.607522303846748309e-30 1.607646720408579867e-30 1.953466597720728494e-31
6.561177672614024878e+08 6.565070195629515914e-31 6.800386357489937392e-31 7.589593664684766212e-32 6.350528210643196374e-31 6.324332758201369401e-31 7.657921059477656934e-32
8.749471046662279367e+08 2.520202032340750387e-31 2.594257506187797818e-31 2.849479588609665915e-32 2.418912916585981612e-31 2.402995468306377619e-31 2.835147702524772302e-32
1.166760716081662178e+09 9.307830161730290445e-32 9.536432600552279384e-32 1.011470336286086906e-32 8.847390067706163786e-32 8.783132303356172217e-32 9.928708454695575136e-33
1.555900421101123333e+09 3.300466048845105572e-32 3.374380117293565626e-32 3.395049098288934962e-33 3.110736666692138751e-32 3.086002209225350641e-32 3.317380672468217738e-33
2.074826557850289106e+09 1.129606142007609555e-32 1.154095069321148885e-32 1.071817217735242130e-33 1.043193017866441696e-32 1.035614629352117036e-32 1.042205645842740072e-33
2.766825682915017128e+09 3.689407869434616425e-33 3.773103695166285316e-33 3.114755438525290691e-34 3.321803617914538463e-33 3.302357430282300320e-33 3.043063087439579562e-34
3.689621347227100849e+09 1.150029341570308782e-33 1.178198669288348955e-33 8.243403430301157567e-35 9.936355417011608517e-34 9.892892541217379758e-34 8.179108018772084371e-35
4.920189143094656944e+09 3.374076393798453046e-34 3.468693276082807954e-34 2.027495018294005690e-35 2.790533099531569806e-34 2.783166959500067468e-34 2.066927628045204653e-35
6.561177672614025116e+09 9.364102474568492120e-35 9.692780013945948839e-35 4.792428221024271984e-36 7.395359033177736651e-35 7.404530276668306435e-35 4.917230613425884485e-36
8.749471046662279129e+09 2.397764641125792799e-35 2.510406097634647280e-35 1.003312407304336970e-36 1.809196067049001496e-35 1.824542162788252909e-35 1.048909488081207530e-36
1.166760716081661987e+10 5.736964786290517720e-36 6.085941706861124111e-36 1.818297643257826440e-37 3.895398961386595775e-36 3.945333727373097542e-36 1.956402177821781088e-37
1.555900421101123428e+10 1.259184653481367588e-36 1.357885977370436884e-36 2.879303168998298466e-38 7.302498875276314491e-37 7.472140910377014342e-37 3.286303811984585968e-38
2.074826557850289154e+10 2.460138710309245912e-37 2.730299915597785533e-37 3.773689505701822338e-39 1.107504907657466983e-37 1.152281046266405161e-37 4.586167675431148405e-39
2.766825682915017319e+10 4.346773979790521832e-38 4.965911585627804233e-38 3.612320399509588549e-40 1.304838593618555784e-38 1.399691332878000069e-38 4.444904333056936245e-40
3.689621347227101135e+10 6.067011653099318127e-39 7.293737395345543422e-39 2.008239249230394147e-41 1.122261887776967485e-39 1.195414090337433222e-39 2.436941637132254118e-41
4.920189143094656372e+10 5.701139070571185609e-40 7.869786224913439089e-40 7.750752760047038333e-43 2.625718800717829476e-41 3.655249055606459101e-41 4.487440948972602227e-43
6.561177672614024353e+10 2.047210409409203038e-41 4.888116138014777280e-41 3.174840382194677952e-45 2.223626622008820104e-43 6.529479345440617737e-43 1.943585024860476064e-44
8.749471046662280273e+10 4.964351634576386445e-45 1.282525828210688692e-42 3.288707607199970122e-47 2.582188293427184765e-45 1.017523511265376268e-44 2.455660384266037136e-46
