1.166760716081661986e+00 9.516083762926910716e-04 1.768768742772776651e-03 2.929506202362274054e-10 8.173092947964958124e-04 1.769871405788446365e-03 3.244887903958816311e-10
1.555900421101123365e+00 6.427677937579631467e-04 1.206776178128023298e-03 2.935196271208502176e-10 5.486887762324342077e-04 1.205125969476404137e-03 3.183691417528991182e-10
2.074826557850288911e+00 4.235579070342572971e-04 7.984603329944329943e-04 2.744397897470947293e-10 3.580817410017427698e-04 7.980480819881552923e-04 2.882530635273892434e-10
2.766825682915017293e+00 2.703911841744167455e-04 5.104759851950106762e-04 2.261114093763137358e-10 2.258832354604920791e-04 5.109854841245366165e-04 2.302589499292762802e-10
3.689621347227101111e+00 1.665611584045626804e-04 3.144403516640616181e-04 1.829239813880777209e-10 1.372001650908964395e-04 3.152035800628635843e-04 1.797036336693685950e-10
4.920189143094656714e+00 9.885754887459442157e-05 1.860998725163273714e-04 1.475677700457058447e-10 8.007990964570853353e-05 1.869428908569700884e-04 1.412337184540270828e-10
6.561177672614024736e+00 5.641354125171833410e-05 1.056049092350699799e-04 1.146688855187324319e-10 4.483613474115914370e-05 1.064079366528383248e-04 1.089171875480157332e-10
8.749471046662279150e+00 3.086228189629258093e-05 5.729288416750428001e-05 8.367299147729865347e-11 2.404144317280316535e-05 5.800190390218293648e-05 7.866609169044611629e-11
1.166760716081661897e+01 1.614510668088853449e-05 2.966901633159722777e-05 5.612000037538786389e-11 1.234413944433692392e-05 3.024128483322248927e-05 5.283679422039206306e-11
1.555900421101123499e+01 8.078933014805107744e-06 1.474606167330548787e-05 3.690097308940245219e-11 6.087733896780032955e-06 1.511029710305835820e-05 3.507909633121973676e-11
2.074826557850288822e+01 3.891516975308230406e-06 7.126679998479866572e-06 2.391712016695757723e-11 2.906966133342613543e-06 7.289065804213391588e-06 2.301695622034212168e-11
2.766825682915017381e+01 1.827449382258656814e-06 3.388924556097917430e-06 1.515812104066061252e-11 1.360320634645484652e-06 3.433673588088763289e-06 1.465855157742555455e-11
3.689621347227100756e+01 8.473372148818230467e-07 1.598372911363010697e-06 9.090608903724204959e-12 6.308756920628577708e-07 1.597081797186287174e-06 8.866465907971086734e-12
4.920189143094656714e+01 3.905217628905010549e-07 7.479218890052018011e-07 5.087908514397708458e-12 2.915228238152718876e-07 7.385206323975046092e-07 5.010747765074149464e-12
6.561177672614024914e+01 1.789662218977783175e-07 3.477896527400446667e-07 2.784570469395599308e-12 1.341467459021125268e-07 3.402227239009426136e-07 2.776167323539295514e-12
8.749471046662279150e+01 8.132119711158517306e-08 1.610672451210517658e-07 1.500901082961548783e-12 6.127850658883312183e-08 1.560032281306527714e-07 1.507881755758951416e-12
1.166760716081661968e+02 3.652692101145108944e-08 7.412014067145133833e-08 7.966029227279660182e-13 2.768986304881245846e-08 7.107883869485207515e-08 8.033928409463139234e-13
1.555900421101123356e+02 1.616197780431632333e-08 3.384741944470744778e-08 4.150432617858530140e-13 1.232988674759924363e-08 3.211175250638893010e-08 4.195822087761541324e-13
2.074826557850288964e+02 7.019642276355692641e-09 1.531247275000629589e-08 2.121890926661006829e-13 5.387647638026376355e-09 1.435227805121385135e-08 2.155956446177052124e-13
2.766825682915017524e+02 2.983148165070719782e-09 6.852056459630421040e-09 1.095168696436558200e-13 2.301338989405960744e-09 6.332328757131477065e-09 1.094749892646581169e-13
3.689621347227101182e+02 1.237042374525755675e-09 3.032139208464450688e-09 5.620463786949462031e-14 9.582075011006553864e-10 2.752622770177080847e-09 5.520700361533516776e-14
4.920189143094656856e+02 4.996879167796405985e-10 1.326809347017185772e-09 2.839006888574583215e-14 3.882162503754057088e-10 1.177494831030550456e-09 2.772776130613480215e-14
6.561177672614023777e+02 1.964423467657088075e-10 5.740628701445875993e-10 1.407323647544353283e-14 1.529046298531324349e-10 4.956182239515427249e-10 1.387724581043447027e-14
8.749471046662279150e+02 7.515538801956195772e-11 2.456585129808444834e-10 6.898501788245182123e-15 5.853949440292251101e-11 2.052614010631667669e-10 6.832262171044730223e-15
1.166760716081661940e+03 2.800922594776525150e-11 1.040983122964857549e-10 3.338178151356285082e-15 2.180305480057379599e-11 8.373120570780315596e-11 3.371651281544960059e-15
1.555900421101123356e+03 1.018992081618895242e-11 4.373958329531739275e-11 1.610065408438594780e-15 7.915542257663231114e-12 3.368731124551134892e-11 1.671991263132052266e-15
2.074826557850288737e+03 3.630661705619873536e-12 1.823403594317969209e-11 7.801150015880506191e-16 2.810706001581048667e-12 1.339531340561564935e-11 8.228033774708026428e-16
2.766825682915017296e+03 1.272513826337178237e-12 7.563392532866160055e-12 3.769966694826982200e-16 9.804244463357117832e-13 5.272860990589645579e-12 3.960217504273184132e-16
3.689621347227101069e+03 4.413829042752787463e-13 3.128863804663537494e-12 1.806758565983379913e-16 3.377370704944958986e-13 2.059981471328240092e-12 1.867379959350735074e-16
4.920189143094656174e+03 1.525537589832335147e-13 1.293089907086944456e-12 8.665606783491340447e-17 1.155988570999597381e-13 8.015877172793403380e-13 8.808638192415540530e-17
6.561177672614025141e+03 5.284144691013887596e-14 5.341754461047866547e-13 4.179304376738597435e-17 3.952374688113497434e-14 3.116416146989408570e-13 4.145718252481149516e-17
8.749471046662278241e+03 1.841778228067938640e-14 2.203403084519931086e-13 1.986170331028767622e-17 1.354733476589313009e-14 1.210819643891250663e-13 1.951384017168823346e-17
1.166760716081662031e+04 6.470557480624726197e-15 9.064176491987829789e-14 9.284258515909790078e-18 4.663659627911447172e-15 4.693359320807848954e-14 9.103680162881278066e-18
1.555900421101123356e+04 2.287842850884163582e-15 3.708197358745037423e-14 4.273142223838581896e-18 1.611663542937543274e-15 1.812178556175158969e-14 4.214842491000137994e-18
2.074826557850289100e+04 8.113429028964139013e-16 1.499414860780102217e-14 1.956981470166099706e-18 5.579244188288268225e-16 6.944166240532390467e-15 1.940619596433171237e-18
2.766825682915017387e+04 2.874164415226486640e-16 5.955334187942184260e-15 8.876232167736871296e-19 1.928925631283954019e-16 2.626099573216265086e-15 8.840362825239486666e-19
3.689621347227100341e+04 1.012427220666008883e-16 2.319484309003793304e-15 4.003486127997699801e-19 6.639372358568612840e-17 9.765815985696950849e-16 3.972905774429608456e-19
4.920189143094656174e+04 3.534126083350179769e-17 8.815947727507201335e-16 1.786375109366014746e-19 2.268942737404170110e-17 3.551564715700177269e-16 1.782414848508741176e-19
6.561177672614024777e+04 1.220081261211412122e-17 3.262981637885134045e-16 7.799747631632241600e-20 7.694843428851654679e-18 1.257867638199477637e-16 7.892735907651393624e-20
8.749471046662278241e+04 4.155280746444425473e-18 1.176218441675486028e-16 3.352083779927488688e-20 2.586642203341857979e-18 4.341794440749180519e-17 3.409932779006277878e-20
1.166760716081661958e+05 1.396367407645876770e-18 4.123072342039231802e-17 1.426196164610467140e-20 8.626203376639507060e-19 1.459685909072728069e-17 1.437525312759068669e-20
1.555900421101123211e+05 4.635605483900917807e-19 1.407394190920238232e-17 6.029394736286788308e-21 2.853888804184960262e-19 4.773420435104285570e-18 5.915180674196923454e-21
2.074826557850289100e+05 1.520486740823303276e-19 4.697726455847471520e-18 2.484735892518365036e-21 9.373635180348580125e-20 1.520287160893637300e-18 2.431248659662247285e-21
2.766825682915017242e+05 4.936076556332827433e-20 1.530129219325193024e-18 9.876910964996680880e-22 3.068995022131810197e-20 4.717440556901768434e-19 9.933272925379582011e-22
3.689621347227101214e+05 1.594649967820620817e-20 4.853674266245297931e-19 3.833875761544499979e-22 1.005659872188070192e-20 1.430371363677273087e-19 3.950893318198080644e-22
4.920189143094656756e+05 5.133807370801178549e-21 1.514526226943546374e-19 1.520200377540862991e-22 3.307073496495590675e-21 4.275743864297277588e-20 1.527265111878725607e-22
6.561177672614024486e+05 1.645071617372856848e-21 4.653005227416081272e-20 5.929516009066942474e-23 1.092315536720264041e-21 1.261036404892982644e-20 5.918631293208012992e-23
8.749471046662279405e+05 5.271210620781207188e-22 1.402350852161011969e-20 2.259226767866948979e-23 3.654783007536804516e-22 3.675235869272604381e-21 2.292362823109098471e-23
1.166760716081662104e+06 1.708911620529518118e-22 4.133308076675325276e-21 8.870962368104367322e-24 1.248052210691530206e-22 1.071003580308231689e-21 8.877771300059415773e-24
1.555900421101123560e+06 5.651418796727251676e-23 1.197681334009393859e-21 3.500947621635878207e-24 4.360342474661827470e-23 3.138237346061799631e-22 3.475617354036250719e-24
2.074826557850289159e+06 1.928234460319342904e-23 3.438580225888834011e-22 1.370908279493975337e-24 1.564408945445198090e-23 9.306911323220457996e-23 1.382012502332303945e-24
2.766825682915017474e+06 6.832576538114233229e-24 9.857620185334344399e-23 5.537804871880407301e-25 5.789518329644660121e-24 2.815901889755217702e-23 5.585812650194781452e-25
3.689621347227101214e+06 2.521627126752115737e-24 2.853635589256696967e-23 2.272194498156487274e-25 2.216184926362251781e-24 8.755605024575706524e-24 2.279752447732684512e-25
4.920189143094656989e+06 9.696375142028462990e-25 8.423700569689296332e-24 9.305041982692062172e-26 8.735519001471180564e-25 2.810849699406717190e-24 9.467132734723762189e-26
6.561177672614024952e+06 3.864391625752429587e-25 2.555354869412321495e-24 3.949378464564390634e-26 3.555820170148515347e-25 9.357656231201779198e-25 3.990957080388432543e-26
8.749471046662278473e+06 1.592229366160026374e-25 7.992176577491517539e-25 1.725576751973286890e-26 1.499108394654812607e-25 3.261868797634815395e-25 1.704291115168377688e-26
1.166760716081662104e+07 6.781937634317087620e-26 2.585432885666859695e-25 7.590994464526712569e-27 6.496908113174842033e-26 1.195645755566890203e-25 7.550965644924365585e-27
1.555900421101123467e+07 2.976365980597399090e-26 8.730138391653845367e-26 3.419523398234751391e-27 2.880975496343207057e-26 4.612739888815381131e-26 3.406650299774317009e-27
2.074826557850288972e+07 1.337016522876472071e-26 3.093840680538343638e-26 1.554256935219138470e-27 1.300728708864748783e-26 1.860010344651434955e-26 1.538588912745471615e-27
2.766825682915017009e+07 6.078315616997086909e-27 1.153631338108719882e-26 7.110860384240039373e-28 5.937741329075441824e-27 7.767006143159701187e-27 7.050657358432244352e-28
3.689621347227101028e+07 2.774677465361704185e-27 4.510465599743649363e-27 3.267189988878515744e-28 2.720988920247211746e-27 3.324729171797904588e-27 3.220055564593991466e-28
4.920189143094656616e+07 1.264769049673945711e-27 1.831067519677487021e-27 1.494441332239573658e-28 1.245408822255322432e-27 1.444111945848822876e-27 1.477242479350063419e-28
6.561177672614024580e+07 5.763427005318126601e-28 7.640069786979944587e-28 6.817217638414190161e-29 5.679761933879584022e-28 6.327384669539054354e-28 6.759390605460995632e-29
8.749471046662279963e+07 2.610502450283156990e-28 3.238388488746038097e-28 3.088209156602320315e-29 2.579321457267339894e-28 2.785636318140625612e-28 3.090564992478280711e-29
1.166760716081662029e+08 1.168373263660001623e-28 1.379082706518954901e-28 1.400901837265692706e-29 1.158199085715061483e-28 1.221358069764963517e-28 1.396889772585581636e-29
1.555900421101123393e+08 5.164213726547646988e-29 5.867316244784046441e-29 6.201547173908973814e-30 5.119877633595343025e-29 5.306178134545601434e-29 6.166256101330192641e-30
2.074826557850289047e+08 2.257055988883324831e-29 2.487003588506954715e-29 2.704660449120734491e-30 2.228510855623183549e-29 2.277736692990115184e-29 2.687415137836235316e-30
2.766825682915017605e+08 9.657575642473965933e-30 1.040122227016430331e-29 1.162627651938073529e-30 9.487008184453828376e-30 9.603304380553412996e-30 1.146113888286980201e-30
3.689621347227101326e+08 4.044016511350275552e-30 4.281044360880747833e-30 4.861876194692726615e-31 3.954870762883387382e-30 3.975089871020759042e-30 4.777809259086678624e-31
4.920189143094656467e+08 1.653085770449895228e-30 1.727288915421722975e-30 1.952157361492653650e-31 1.605932841291104601e-30 1.605960753384164966e-30 1.951204244580833474e-31
6.561177672614024878e+08 6.557702431568085290e-31 6.791898676313896970e-31 7.578642868675782509e-32 6.343060941577126721e-31 6.316620031749203329e-31 7.646923432929646948e-32
8.749471046662279367e+08 2.516910692811034181e-31 2.590611838155029383e-31 2.844430675814391571e-32 2.415592601298472907e-31 2.399622911639882683e-31 2.830146959865170587e-32
1.166760716081662178e+09 9.293925208120740153e-32 9.521426781136605523e-32 1.009298937438078584e-32 8.833466923739965963e-32 8.769131041157948527e-32 9.907414319211194760e-33
1.555900421101123333e+09 3.294924813021654497e-32 3.368494736891841375e-32 3.386362087678943122e-33 3.105229684322440506e-32 3.080498422905683603e-32 3.308886550240834102e-33
2.074826557850289106e+09 1.127513960170033214e-32 1.151894276488908526e-32 1.068615697757644350e-33 1.041148568157932963e-32 1.033577143994371938e-32 1.039086064121295363e-33
2.766825682915017128e+09 3.681966968403289846e-33 3.765313551166583988e-33 3.104103379723107613e-34 3.314706326861752946e-33 3.295289613454836692e-33 3.032621121983702623e-34
3.689621347227100849e+09 1.147544642896966956e-33 1.175601427837904849e-33 8.211685083511398339e-35 9.913546567966003593e-34 9.870166611128982653e-34 8.147508231070564865e-35
4.920189143094656944e+09 3.366345754505902320e-34 3.460597798629869044e-34 2.018869128076351189e-35 2.783740597278642657e-34 2.776389229109407561e-34 2.058110464935680220e-35
6.561177672614025116e+09 9.341641228295278909e-35 9.669119750770257388e-35 4.770386600846812963e-36 7.376531719633490652e-35 7.385673366671623812e-35 4.894556367132222831e-36
8.749471046662279129e+09 2.391784971942506868e-35 2.504036264570758183e-35 9.984169970132936545e-37 1.804432339151137621e-35 1.819738226151599325e-35 1.043773490212079200e-36
1.166760716081661987e+10 5.722254565337203181e-36 6.070058171807729734e-36 1.808977689308895459e-37 3.884859246209029384e-36 3.934651476761635201e-36 1.946344028167019130e-37
1.555900421101123428e+10 1.255896767048998904e-36 1.354269951472184201e-36 2.863996025147231522e-38 7.282298821258211888e-37 7.451452235135647240e-37 3.268763509770389607e-38
2.074826557850289154e+10 2.453612459847286726e-37 2.722895185477299201e-37 3.753050198762366152e-39 1.104393353253556836e-37 1.149038272175082221e-37 4.561019673778920676e-39
2.766825682915017319e+10 4.335121904399301967e-38 4.952261411166397535e-38 3.592164773992958191e-40 1.301129001745756790e-38 1.395701114098659469e-38 4.419937432865852205e-40
3.689621347227101135e+10 6.050631525316286125e-39 7.273419561539608161e-39 1.996790001075866348e-41 1.119028921718862767e-39 1.191949900614045090e-39 2.422866175200059117e-41
4.920189143094656372e+10 5.685620423416646369e-40 7.847460067021923771e-40 7.705728667056918897e-43 2.617942974208340724e-41 3.644270374674428301e-41 4.458975683988598741e-43
6.561177672614024353e+10 2.041609654214312271e-41 4.873865420512526327e-41 3.153850364575726247e-45 2.216285466554359588e-43 6.508053911003744588e-43 1.931104270127821290e-44
8.749471046662280273e+10 4.948434016695923536e-45 1.278718907175878677e-42 3.266898148846488169e-47 2.573614105779899921e-45 1.014061358088251453e-44 2.439754725174685858e-46
