1.166760716081661986e+00 9.514896900927477270e-04 1.768424795228974679e-03 2.925945075195192285e-10 8.171889864837776369e-04 1.769534742365695516e-03 3.241179882908180559e-10
1.555900421101123365e+00 6.427141287756142629e-04 1.206570119230035258e-03 2.931546093787860439e-10 5.486299216283914643e-04 1.204924351662355064e-03 3.179934749758142484e-10
2.074826557850288911e+00 4.235441144106921654e-04 7.983462268752911399e-04 2.740931610668348908e-10 3.580604472543242852e-04 7.979381059811864896e-04 2.879003821507585617e-10
2.766825682915017293e+00 2.703978320525351814e-04 5.104195119704495621e-04 2.258136627999633469e-10 2.258819179465622556e-04 5.109329504191185891e-04 2.299594803962503359e-10
3.689621347227101111e+00 1.665755387830318308e-04 3.144168102416084322e-04 1.826746289056334563e-10 1.372072748998775496e-04 3.151833475955270357e-04 1.794539246077930836e-10
4.920189143094656714e+00 9.887285184598009131e-05 1.860931951479343740e-04 1.473606682631453267e-10 8.008901666427023611e-05 1.869388761397606407e-04 1.410275339102314014e-10
6.561177672614024736e+00 5.642665580998082242e-05 1.056054998411770098e-04 1.145023288005752449e-10 4.484419510028892424e-05 1.064107250468980146e-04 1.087516611837553636e-10
8.749471046662279150e+00 3.087217291798588422e-05 5.729556186707229065e-05 8.354466572566876345e-11 2.404740455123159705e-05 5.800645528605273457e-05 7.853828914904412543e-11
1.166760716081661897e+01 1.615186944333766005e-05 2.967145767282572180e-05 5.602535893116477806e-11 1.234803201733669620e-05 3.024530783563404785e-05 5.274271532747612617e-11
1.555900421101123499e+01 8.083223790549314491e-06 1.474765124029869050e-05 3.683289337944071034e-11 6.090075523268747224e-06 1.511311139145543576e-05 3.501182803012412049e-11
2.074826557850288822e+01 3.894183916911602710e-06 7.127617751194831841e-06 2.386917378151292885e-11 2.908377812642454113e-06 7.290847556889111708e-06 2.296979598854375313e-11
2.766825682915017381e+01 1.829241177815624511e-06 3.389588724704735525e-06 1.512528944596987927e-11 1.361300594649723853e-06 3.434887779468723640e-06 1.462628477241627923e-11
3.689621347227100756e+01 8.487337508616746014e-07 1.599004779652718225e-06 9.068897330206455651e-12 6.317132378439269564e-07 1.598091285370710151e-06 8.845077276584402821e-12
4.920189143094656714e+01 3.917377001582137974e-07 7.485944025711164534e-07 5.074050789639346976e-12 2.923224899928464289e-07 7.394854568862848184e-07 4.997021112833572985e-12
6.561177672614024914e+01 1.800466568443734163e-07 3.484869614429654682e-07 2.776000130261086353e-12 1.349029959510041856e-07 3.411648388239274693e-07 2.767646159323675755e-12
8.749471046662279150e+01 8.223686098342918591e-08 1.617310780927704886e-07 1.495730483548247827e-12 6.194383176767068270e-08 1.568729620101058168e-07 1.502736421058028859e-12
1.166760716081661968e+02 3.724057211495453212e-08 7.468946697580471689e-08 7.935704059395347939e-13 2.822022986529951463e-08 7.181205542695453644e-08 8.003646110555935838e-13
1.555900421101123356e+02 1.666493974719524278e-08 3.428433859107522069e-08 4.132911976357544179e-13 1.270923300222241395e-08 3.266755333552767530e-08 4.178375639261064515e-13
2.074826557850288964e+02 7.339202653542711648e-09 1.561288388576983983e-08 2.112023325003168744e-13 5.631222552454878400e-09 1.473014042871378525e-08 2.146197206835002118e-13
2.766825682915017524e+02 3.167236221575585123e-09 7.038684398662880420e-09 1.089790347978941611e-13 2.442794049217839982e-09 6.564243174746910286e-09 1.089414942063562909e-13
3.689621347227101182e+02 1.334198265625172797e-09 3.138328528075226117e-09 5.592044147504956264e-14 1.033361086925937453e-09 2.882710566871726299e-09 5.492396372603649667e-14
4.920189143094656856e+02 5.472184760109694205e-10 1.383014987437216683e-09 2.824375708385044919e-14 4.251897133735967342e-10 1.245167120616302025e-09 2.758226689417626571e-14
6.561177672614023777e+02 2.182330135355390429e-10 6.021562252943344915e-10 1.399938963774520336e-14 1.699349620063171103e-10 5.287429911075458897e-10 1.380348326516943334e-14
8.749471046662279150e+02 8.460238392688391947e-11 2.590917940831570055e-10 6.862497866964096589e-15 6.595093973350267467e-11 2.207093078282741456e-10 6.795997922111684767e-15
1.166760716081661940e+03 3.190956393479360099e-11 1.103029349122837686e-10 3.321135325236313360e-15 2.487162136046999111e-11 9.066178923800147776e-11 3.354245663285643157e-15
1.555900421101123356e+03 1.173137753179355745e-11 4.652232722543233087e-11 1.602235752508356556e-15 9.130279897734420248e-12 3.669691437255067286e-11 1.663891386420436408e-15
2.074826557850288737e+03 4.215949155499338584e-12 1.944897618335903410e-11 7.765834794007628697e-16 3.272349694831826943e-12 1.466453388236029685e-11 8.191400451862405206e-16
2.766825682915017296e+03 1.486718909514036850e-12 8.080837740063914602e-12 3.754261796141648438e-16 1.149480225571338449e-12 5.793059333089173259e-12 3.944029543318017006e-16
3.689621347227101069e+03 5.172919941227469003e-13 3.344351055405093959e-12 1.800080401680517518e-16 3.976478253265065080e-13 2.267472702214958423e-12 1.860311792844320107e-16
4.920189143094656174e+03 1.787722067914667955e-13 1.381340968388705242e-12 8.637648406773697874e-17 1.362650152005498527e-13 8.824691493124992030e-13 8.778363105996928051e-17
6.561177672614025141e+03 6.173980662427966262e-14 5.700791253320559959e-13 4.167838220952072107e-17 4.651761609383778805e-14 3.426557111406056812e-13 4.133001991936609636e-17
8.749471046662278241e+03 2.141406991397252811e-14 2.350311284552143013e-13 1.981603113410321869e-17 1.588976806242257586e-14 1.328829333541363524e-13 1.946129175951405271e-17
1.166760716081662031e+04 7.481237411657770416e-15 9.675974423523021050e-14 9.266515690253031251e-18 5.446214205056376569e-15 5.143316838664423049e-14 9.082396952099965463e-18
1.555900421101123356e+04 2.631872022534346155e-15 3.969122258559196676e-14 4.266287025198424783e-18 1.873864715183554110e-15 1.985545354698719483e-14 4.206325374588023791e-18
2.074826557850289100e+04 9.299182534123955872e-16 1.612828984011630181e-14 1.954341293886537309e-18 6.462210779741724377e-16 7.621246025232910063e-15 1.937269236534824660e-18
2.766825682915017387e+04 3.287357289132165274e-16 6.451271954095742993e-15 8.866112249876183449e-19 2.227329153756161596e-16 2.892869358202857442e-15 8.827463559707656183e-19
3.689621347227100341e+04 1.157151893239196178e-16 2.534427798141928510e-15 3.999650272973104253e-19 7.647371787035445168e-17 1.081710768948378637e-15 3.967989920463049507e-19
4.920189143094656174e+04 4.039846194447488780e-17 9.724884573758976183e-16 1.784955254271289801e-19 2.607572854827462023e-17 3.960143244883325009e-16 1.780574787934557537e-19
6.561177672614024777e+04 1.395142799835313246e-17 3.634188402926285528e-16 7.794368065452076779e-20 8.821233129931281137e-18 1.412694878043080685e-16 7.885676408948279048e-20
8.749471046662278241e+04 4.751718354830375868e-18 1.321864982551508068e-16 3.349998495038218185e-20 2.955807358649116853e-18 4.910237129801086716e-17 3.407217617027652212e-20
1.166760716081661958e+05 1.595743137814346724e-18 4.670602510728093493e-17 1.425384958501591235e-20 9.815246539904124058e-19 1.661067662066433706e-17 1.436503850595355333e-20
1.555900421101123211e+05 5.288470922475672256e-19 1.604961704625368579e-17 6.026261429280399522e-21 3.229595646307715987e-19 5.460348771317387303e-18 5.911236222283156819e-21
2.074826557850289100e+05 1.729539495517965191e-19 5.385683695394288175e-18 2.483498705080997746e-21 1.053803112998137005e-19 1.746161186743285924e-18 2.429731761428891643e-21
2.766825682915017242e+05 5.590855651269036548e-20 1.761280449143886479e-18 9.871911101808759136e-22 3.423556440564230674e-20 5.434286443748597871e-19 9.927458338144266494e-22
3.689621347227101214e+05 1.796235839709004908e-20 5.603286907202109813e-19 3.831865565110871288e-22 1.112117535469781837e-20 1.650775354513266493e-19 3.948635489861613867e-22
4.920189143094656756e+05 5.744590485254864606e-21 1.751933780875017222e-19 1.519408392702609484e-22 3.623104146126331056e-21 4.938940904706548020e-20 1.526399753411748161e-22
6.561177672614024486e+05 1.826789198212473822e-21 5.389277302754084939e-20 5.926362057087365007e-23 1.185152007737291244e-21 1.456668456661271121e-20 5.915418709240836133e-23
8.749471046662279405e+05 5.802083474117434109e-22 1.625340325177670803e-20 2.257998238960736424e-23 3.925854211854012836e-22 4.241912286353357849e-21 2.291160640504792247e-23
1.166760716081662104e+06 1.862199030646367864e-22 4.791093385691923193e-21 8.866447749393554332e-24 1.327285922029450513e-22 1.234028804057142924e-21 8.873357341726580754e-24
1.555900421101123560e+06 6.092180222272861788e-23 1.387704526463693454e-21 3.499347796795149728e-24 4.593714152788191048e-23 3.606327419238753876e-22 3.474113992489408922e-24
2.074826557850289159e+06 2.055460322362799514e-23 3.980137105155034716e-22 1.370382886456446961e-24 1.634119372943064924e-23 1.065537726910126289e-22 1.381549244206931404e-24
2.766825682915017474e+06 7.203801238339324808e-24 1.139057202411125854e-22 5.536373320378778601e-25 6.001045868800489910e-24 3.207713352712778521e-23 5.584609482651310674e-25
3.689621347227101214e+06 2.631870461839837554e-24 3.288840958089901319e-23 2.271922632514769272e-25 2.281612976540768942e-24 9.908237757634535325e-24 2.279589355766321359e-25
4.920189143094656989e+06 1.002994755021372056e-24 9.672115549301910542e-24 9.305524253100493538e-26 8.941339209754544868e-25 3.154816320395883901e-24 9.468043873894196494e-26
6.561177672614024952e+06 3.967059048417198591e-25 2.919015178494004805e-24 3.950525890910317890e-26 3.621674152219397742e-25 1.039729304944353490e-24 3.992197663767059608e-26
8.749471046662278473e+06 1.624463415706150368e-25 9.067179198741366885e-25 1.726594494046757451e-26 1.520708662828896765e-25 3.581431336248854622e-25 1.705313775845838398e-26
1.166760716081662104e+07 6.886235637885482898e-26 2.906920262046743690e-25 7.598285848750488275e-27 6.570461308155781368e-26 1.296153732103583311e-25 7.558274579267321065e-27
1.555900421101123467e+07 3.011670720000291545e-26 9.705926627513066746e-26 3.424427627060629647e-27 2.907342151828782927e-26 4.938362834045814293e-26 3.411558486022007242e-27
2.074826557850288972e+07 1.349812967125199239e-26 3.395182603766037933e-26 1.557452951483502952e-27 1.310883841061547449e-26 1.968342471543298494e-26 1.541767941159154185e-27
2.766825682915017009e+07 6.128997343796726527e-27 1.249056190912128760e-26 7.131386028050934083e-28 5.980433596874243589e-27 8.138097742058310612e-27 7.071102243090792948e-28
3.689621347227101028e+07 2.796781591489481443e-27 4.823108737648892754e-27 3.280190293666277830e-28 2.740637873657241098e-27 3.455963790611940682e-27 3.232953409780763601e-28
4.920189143094656616e+07 1.275312171817119645e-27 1.937727560591547409e-27 1.502581741441750513e-28 1.255212001684056704e-27 1.492081364467573838e-27 1.485324550341192927e-28
6.561177672614024580e+07 5.817534427828492945e-28 8.018343261163108936e-28 6.867504572609424608e-29 5.731782832870803306e-28 6.510428916995422807e-28 6.809519278105570887e-29
8.749471046662279963e+07 2.639589537912669474e-28 3.378414077105252226e-28 3.118864230046695903e-29 2.608009969485810703e-28 2.859198591617581023e-28 3.121275272969877242e-29
1.166760716081662029e+08 1.184351763534222124e-28 1.433258392108701897e-28 1.419379608543807924e-29 1.174235349617609381e-28 1.252625177549637375e-28 1.415289843869820565e-29
1.555900421101123393e+08 5.252412784760169082e-29 6.086726221982896771e-29 6.309652090737383908e-30 5.209189650502850135e-29 5.446534606713129564e-29 6.273751732114475876e-30
2.074826557850289047e+08 2.305278702787878897e-29 2.579968455541018017e-29 2.766376987364637007e-30 2.277465179358814583e-29 2.343462155852930211e-29 2.748898361924849439e-30
2.766825682915017605e+08 9.914607008584643916e-30 1.080920696704796320e-29 1.196947512657761107e-30 9.748222931367972882e-30 9.918128426075327110e-30 1.180151513129411582e-30
3.689621347227101326e+08 4.176717855055047278e-30 4.464080595930456893e-30 5.045939569472823924e-31 4.089796125490810752e-30 4.126457159007133847e-30 4.960395837630255068e-31
4.920189143094656467e+08 1.718996062974894440e-30 1.809685694777659519e-30 2.046374482189903036e-31 1.672859975101119639e-30 1.677647012412430312e-30 2.045714115035978567e-31
6.561177672614024878e+08 6.870198062849639061e-31 7.157549378679068687e-31 8.040213264170049758e-32 6.660040500038919384e-31 6.646114405112875716e-31 8.110386881269647810e-32
8.749471046662279367e+08 2.657648209900795980e-31 2.748222294429731729e-31 3.059449206572233028e-32 2.557745647099295108e-31 2.544616982805578079e-31 3.043075682176815089e-32
1.166760716081662178e+09 9.893383437550706041e-32 1.017344469489435944e-31 1.102884609646592318e-32 9.434760461751683026e-32 9.375440253839437239e-32 1.082514342308409091e-32
1.555900421101123333e+09 3.535719025492224924e-32 3.625715740349757050e-32 3.765773745228202901e-33 3.345086549754931201e-32 3.320633819513431704e-32 3.679909036181980931e-33
2.074826557850289106e+09 1.219107057248965994e-32 1.248657943108889616e-32 1.210434304475152638e-33 1.130928216183425837e-32 1.123147293917508409e-32 1.177305989106615871e-33
2.766825682915017128e+09 4.009976947582067557e-33 4.109875740395138623e-33 3.582945806769146576e-34 3.628782223181670219e-33 3.608257437310418205e-33 3.502198755572876301e-34
3.689621347227100849e+09 1.257749696969214346e-33 1.291119795316877358e-33 9.658946671070828903e-35 1.093000339641155666e-33 1.088329153361382418e-33 9.589972547244680942e-35
4.920189143094656944e+09 3.711124167379422209e-34 3.822545417318558273e-34 2.418135459854393868e-35 3.088337294301915005e-34 3.080388813846715419e-34 2.466338038339855971e-35
6.561177672614025116e+09 1.034806244604001233e-34 1.073174582516587586e-34 5.803270338708284590e-36 8.225214876573902715e-35 8.235796151520316913e-35 5.957405509244140694e-36
8.749471046662279129e+09 2.660833618679624115e-35 2.791304976077470757e-35 1.230204733353570063e-36 2.020078161627160431e-35 2.037211587113433958e-35 1.287072679777047674e-36
1.166760716081661987e+10 6.386217631037341518e-36 6.788717996797778549e-36 2.254397910600873479e-37 4.363719201463150940e-36 4.420030777054153137e-36 2.427229614118049962e-37
1.555900421101123428e+10 1.404629006037841239e-36 1.518294143117971735e-36 3.600988379094747045e-38 8.202918818436626360e-37 8.394430498450807889e-37 4.113726551578206885e-38
2.074826557850289154e+10 2.749442435318802917e-37 3.059595084099421148e-37 4.752808532460936915e-39 1.246527852207068101e-37 1.297192827199230024e-37 5.779345056069910329e-39
2.766825682915017319e+10 4.864108758449826236e-38 5.574188369761984166e-38 4.572824682539499956e-40 1.470886243046487946e-38 1.578354123626429836e-38 5.635437434818530541e-40
3.689621347227101135e+10 6.795247679942002796e-39 8.201164866714537203e-39 2.556457814758429455e-41 1.267259737375772991e-39 1.350885291004226497e-39 3.111358067763344557e-41
4.920189143094656372e+10 6.392206991325079443e-40 8.869897153464701033e-40 9.914881101966865956e-43 2.975297052214712825e-41 4.149682436623364879e-41 5.866085967019724016e-43
6.561177672614024353e+10 2.296874716958976471e-41 5.529063907109677161e-41 4.200938931579558564e-45 2.556314382320202654e-43 7.501585402470342665e-43 2.549114222069699288e-44
8.749471046662280273e+10 5.682180569240702157e-45 1.454206748568263602e-42 4.355433518640650010e-47 2.970803023044790709e-45 1.174914410611175619e-44 3.228874472530241051e-46
