1.166760716081661986e+00 8.515419870061989235e-04 1.581354531417791158e-03 2.635568178245219346e-10 7.301044446481777354e-04 1.582205082328694149e-03 2.917039514501365911e-10
1.555900421101123365e+00 5.754240289012421293e-04 1.079141166693232392e-03 2.640454950957491278e-10 4.901572760637127593e-04 1.077561790147888408e-03 2.862695990827653318e-10
2.074826557850288911e+00 3.793813817462992634e-04 7.142164032523019325e-04 2.468317829015474294e-10 3.199017442141346393e-04 7.137781369426507774e-04 2.592726742028375649e-10
2.766825682915017293e+00 2.423459720950526045e-04 4.567828415959552840e-04 2.032446069031162552e-10 2.018205051397685445e-04 4.572060801429035301e-04 2.070990797519945533e-10
3.689621347227101111e+00 1.493996440980590245e-04 2.814921448579743514e-04 1.643662083564698712e-10 1.226058408891568313e-04 2.821731577348777684e-04 1.615930349194408626e-10
4.920189143094656714e+00 8.875048662034645114e-05 1.666895471300909105e-04 1.325484563528603966e-10 7.158005815889903164e-05 1.674617453884354786e-04 1.269448105955189378e-10
6.561177672614024736e+00 5.069737246230935295e-05 9.465147382703904572e-05 1.030005006681788671e-10 4.009180563134777245e-05 9.539633116729790926e-05 9.786468001915933726e-11
8.749471046662279150e+00 2.776732808832744126e-05 5.139009349681274380e-05 7.514562919844706282e-11 2.150803733447842947e-05 5.205089662777323323e-05 7.063876049867005482e-11
1.166760716081661897e+01 1.454518034319985874e-05 2.663613334484764584e-05 5.033409021709597317e-11 1.104998828585305349e-05 2.716993207451535156e-05 4.738270620238241626e-11
1.555900421101123499e+01 7.288982937075913050e-06 1.325150229440135994e-05 3.304575913499080239e-11 5.452976975715737911e-06 1.359277857827646363e-05 3.140951022942838457e-11
2.074826557850288822e+01 3.516413846535133342e-06 6.410158100976828992e-06 2.138147198136165111e-11 2.605201955270239568e-06 6.564887627914952852e-06 2.056960563855780440e-11
2.766825682915017381e+01 1.653771789435184984e-06 3.050070725946186866e-06 1.352642802099822078e-11 1.219318059356685245e-06 3.095344498579212657e-06 1.307314543844757425e-11
3.689621347227100756e+01 7.678610567587552404e-07 1.438679476197099452e-06 8.089786453878421262e-12 5.653073143458623675e-07 1.440287546958315640e-06 7.885771191266484636e-12
4.920189143094656714e+01 3.543857710490353172e-07 6.728136113081159344e-07 4.507135647844280921e-12 2.610571188034260608e-07 6.658709567967492002e-07 4.434636513813239877e-12
6.561177672614024914e+01 1.627193517854802199e-07 3.125007549148442953e-07 2.451879923372853145e-12 1.200822916411682859e-07 3.065405706717402137e-07 2.441904437176563558e-12
8.749471046662279150e+01 7.418561779764546079e-08 1.445114730492447069e-07 1.311145743383627943e-12 5.490164288648364168e-08 1.404563987126036156e-07 1.316610104435951357e-12
1.166760716081661968e+02 3.350989936238564710e-08 6.641185465355055717e-08 6.892783969468017922e-13 2.488698737947026962e-08 6.398717780510053753e-08 6.955917857064417964e-13
1.555900421101123356e+02 1.494989318547762399e-08 3.030029177549624050e-08 3.550688709337587598e-13 1.114826734088905222e-08 2.893381023026542549e-08 3.594165852191386679e-13
2.074826557850288964e+02 6.560320072130332993e-09 1.370032218382457947e-08 1.791968094391544700e-13 4.912344439596152583e-09 1.295440718401207825e-08 1.823535591430166170e-13
2.766825682915017524e+02 2.818804151008074161e-09 6.126152415180945852e-09 9.131052997778273319e-14 2.118642630139302971e-09 5.725642825176699180e-09 9.132271088488713874e-14
3.689621347227101182e+02 1.181050996274655295e-09 2.706568948904851920e-09 4.624309176215976141e-14 8.906919901587348489e-10 2.490728505810604326e-09 4.537016198340452731e-14
4.920189143094656856e+02 4.812801997337349845e-10 1.180954877066434114e-09 2.303085729761092940e-14 3.640465787870412868e-10 1.064377915185038355e-09 2.244529489918802845e-14
6.561177672614023777e+02 1.905247499240597472e-10 5.088175158720818379e-10 1.123896427482484678e-14 1.444721204102909176e-10 4.466975753363432388e-10 1.106838232308647172e-14
8.749471046662279150e+02 7.327426664044813373e-11 2.165700894828936705e-10 5.424914325692402189e-15 5.566030040331490415e-11 1.841648299808173166e-10 5.368425031363401373e-15
1.166760716081661940e+03 2.740807778814768849e-11 9.119929044313989542e-11 2.584289456573011257e-15 2.083537516918288714e-11 7.470023497313790204e-11 2.612203486631723964e-15
1.555900421101123356e+03 9.990076223683403539e-12 3.805463941076282495e-11 1.227932297664829328e-15 7.591097043522845971e-12 2.985816664502454161e-11 1.279325703115560597e-15
2.074826557850288737e+03 3.557890123483364317e-12 1.574261515466273093e-11 5.869754187545439978e-16 2.699710755896959725e-12 1.178480233838865427e-11 6.225225423327468371e-16
2.766825682915017296e+03 1.242537270925809454e-12 6.473675492132998784e-12 2.803145059080449598e-16 9.406549694704198644e-13 4.599208424029201818e-12 2.960545659982284007e-16
3.689621347227101069e+03 4.277597406697015174e-13 2.651738066282078838e-12 1.329361848121809386e-16 3.225687046593506330e-13 1.778738147682324433e-12 1.378547424726268675e-16
4.920189143094656174e+03 1.461164437123056050e-13 1.084080109129872138e-12 6.317846118522259218e-17 1.094835335618919714e-13 6.841856499954140033e-13 6.428906873466332418e-17
6.561177672614025141e+03 4.983242516570969905e-14 4.429487392345942852e-13 3.024631786594709095e-17 3.699216743963373170e-14 2.626872626072135423e-13 2.997515295463163906e-17
8.749471046662278241e+03 1.706174937267782081e-14 1.808937117994954512e-13 1.427168021639610636e-17 1.250236841390676101e-14 1.008098903768826986e-13 1.399531867703401886e-17
1.166760716081662031e+04 5.885974581938646614e-15 7.383988062847989204e-14 6.619506119102331425e-18 4.240572434406146845e-15 3.865828461738429409e-14 6.478106125723051612e-18
1.555900421101123356e+04 2.046855207218720569e-15 3.007434904864419684e-14 3.022019718313796834e-18 1.444769322640953006e-15 1.480850369630908711e-14 2.977100831662339099e-18
2.074826557850289100e+04 7.160094853127245463e-16 1.215329960345830129e-14 1.373751555182063073e-18 4.938119025900245935e-16 5.649863898151070921e-15 1.361301424473258495e-18
2.766825682915017387e+04 2.510177257087795424e-16 4.842286566804502625e-15 6.184167127610132602e-19 1.688247402925732596e-16 2.135101576256494136e-15 6.156243956476178551e-19
3.689621347227100341e+04 8.775044858114494109e-17 1.897830275605025811e-15 2.766966505453874488e-19 5.751874865822742218e-17 7.957476729226373457e-16 2.744126813643329282e-19
4.920189143094656174e+04 3.044905561272558731e-17 7.273562170325977844e-16 1.222877599223642323e-19 1.945446357304291699e-17 2.904557872379952426e-16 1.219707632508548331e-19
6.561177672614024777e+04 1.045098929009998954e-17 2.716692999596244350e-16 5.272277538033226929e-20 6.518871865111423338e-18 1.032247713983901304e-16 5.335620118125285706e-20
8.749471046662278241e+04 3.533517772944581719e-18 9.875673198798950706e-17 2.228244010046655922e-20 2.157195709035311504e-18 3.566890395460797682e-17 2.267255446988972582e-20
1.166760716081661958e+05 1.174892828042121904e-18 3.484743818643303065e-17 9.268430752826425075e-21 7.039755013951126351e-19 1.195135211305030948e-17 9.336478661486632097e-21
1.555900421101123211e+05 3.837499977510331804e-19 1.193989207009188916e-17 3.806153942649680919e-21 2.259511793063588770e-19 3.868881923140839621e-18 3.716479485681603674e-21
2.074826557850289100e+05 1.227863054246249274e-19 3.984393712048447011e-18 1.505546718469799068e-21 7.114948313048380037e-20 1.208393018526483300e-18 1.463358759682278759e-21
2.766825682915017242e+05 3.841084773563521277e-20 1.290208813900096673e-18 5.634113076434129885e-22 2.197653017951323289e-20 3.631276577620932408e-19 5.658224613595455600e-22
3.689621347227101214e+05 1.176310201419024922e-20 4.037420270620359740e-19 2.008665236525130437e-22 6.651367247485303130e-21 1.048872768265788380e-19 2.085294861091552875e-22
4.920189143094656756e+05 3.512495491598005755e-21 1.230546452243869809e-19 7.213620330277687023e-23 1.966022722634700873e-21 2.925551836912365306e-20 7.244065628808137917e-23
6.561177672614024486e+05 1.013455849030654006e-21 3.644455900959722350e-20 2.472525800024833167e-23 5.634189464787760326e-22 7.836810164007491664e-21 2.453436903877413640e-23
8.749471046662279405e+05 2.809541619917565806e-22 1.040141698760082216e-20 7.828868214851292457e-24 1.565934971227165893e-22 2.003404844029693144e-21 7.997924060223816021e-24
1.166760716081662104e+06 7.494194827322363601e-23 2.832576780897238794e-21 2.484908823537030967e-24 4.226808350541698103e-23 4.917504469709212818e-22 2.469715179562949487e-24
1.555900421101123560e+06 1.915915822961644818e-23 7.341268218425690055e-22 7.577542052490840622e-25 1.101348004832149929e-23 1.155976992810330949e-22 7.286183668937027969e-25
2.074826557850289159e+06 4.719789625762424739e-24 1.808324050491006717e-22 2.103883370544321639e-25 2.767552975399300122e-24 2.599593139458563623e-23 2.063180421583291742e-25
2.766825682915017474e+06 1.131441067402540342e-24 4.225963957191073623e-23 5.773454285972577926e-26 6.760243254543216697e-25 5.619764797606710076e-24 5.766635593263108611e-26
3.689621347227101214e+06 2.645243882124654496e-25 9.402788137362893029e-24 1.584564845407787131e-26 1.641852782891385596e-25 1.179392428005911823e-24 1.547027834141181565e-26
4.920189143094656989e+06 6.103637393653871169e-26 1.999249712257046305e-24 3.940370560143848884e-27 3.906123884593059932e-26 2.425373070851063421e-25 4.155229658218616941e-27
6.561177672614024952e+06 1.412323991867453299e-26 4.096614866436117496e-25 9.916577603934691368e-28 9.138622495807384966e-27 4.897732071663389462e-26 1.094675408589237758e-27
8.749471046662278473e+06 3.252015219090989834e-27 8.176974565315453064e-26 2.743265937803897759e-28 2.184624818297664293e-27 9.842138028933349270e-27 2.637328069843272719e-28
1.166760716081662104e+07 7.513817299416800173e-28 1.596105374663562808e-26 7.074267278767718696e-29 5.290885776598471029e-28 1.982048144509640139e-27 6.649622283410715401e-29
1.555900421101123467e+07 1.721112557649455721e-28 3.081542784562331651e-27 1.799009192135168424e-29 1.269708505875681692e-28 4.043916411660012025e-28 1.713123480710453972e-29
2.074826557850288972e+07 4.049925933784767311e-29 5.920686827775501431e-28 4.508147128529047213e-30 3.054013427151516630e-29 8.262261186262197211e-29 4.042592913894892876e-30
2.766825682915017009e+07 9.653668613210965525e-30 1.136285795291552277e-28 1.082559426221921140e-30 7.280053342876195317e-30 1.705485295543437742e-29 9.802233782819544195e-31
3.689621347227101028e+07 2.367794891346376618e-30 2.186732073220257333e-29 2.743384510022043513e-31 1.750695764483755792e-30 3.574559593539160079e-30 2.402553393849177051e-31
4.920189143094656616e+07 5.741888975725127143e-31 4.259559256760219062e-30 6.797904427921390544e-32 4.252369493824697485e-31 7.649209245987256009e-31 5.882813252408852367e-32
6.561177672614024580e+07 1.389962857294030081e-31 8.249993298604805670e-31 1.635926659097544545e-32 1.027882415913618624e-31 1.660468805738642869e-31 1.468633410441072615e-32
8.749471046662279963e+07 3.402010510062160125e-32 1.621549575831757671e-31 3.951289014820950169e-33 2.562952030695109303e-32 3.747955608328181539e-32 3.823451223266003658e-33
1.166760716081662029e+08 8.377662168768879142e-33 3.260420708358749292e-32 1.002760844002901730e-33 6.512211233405306339e-33 8.673703663860870616e-33 1.016187404104798052e-33
1.555900421101123393e+08 2.015617513821138664e-33 6.577204889944920197e-33 2.411521760961070967e-34 1.623042903946185499e-33 2.024825841905699980e-33 2.547437360535388794e-34
2.074826557850289047e+08 4.871159332452364480e-34 1.342493900124993052e-33 5.806654244139493506e-35 4.126185866719056953e-34 4.819771271287402514e-34 6.309619362763868762e-35
2.766825682915017605e+08 1.165564496002213976e-34 2.759281964112908172e-34 1.465375180084153212e-35 9.632100310663264261e-35 1.091276463257046883e-34 1.491468065992975906e-35
3.689621347227101326e+08 2.796976771040914449e-35 5.776102277443129217e-35 3.637353405224601053e-36 2.272292559702135037e-35 2.503749809555089730e-35 3.407162252718401354e-36
4.920189143094656467e+08 6.894589785540245961e-36 1.244620091446592333e-35 8.669235484765930153e-37 5.198357474365218147e-36 5.643931205993586040e-36 8.422799278739482784e-37
6.561177672614024878e+08 1.662429997773149165e-36 2.696355218984702284e-36 2.012196096989737966e-37 1.221072923884689528e-36 1.301415656076245413e-36 2.003516366466135974e-37
8.749471046662279367e+08 4.054060353723319174e-37 5.961257617393663885e-37 4.876085486812242406e-38 2.859346146287301006e-37 3.004150665419617293e-37 4.434182695183023246e-38
1.166760716081662178e+09 9.385874263100435548e-38 1.283853690138950195e-37 1.113758669797837309e-38 6.339833680933023956e-38 6.655423996462333922e-38 9.601132891096409978e-39
1.555900421101123333e+09 2.064647311657041753e-38 2.702121533627022412e-38 2.312497252161762177e-39 1.357818091031048119e-38 1.419922150254897858e-38 2.102088935735664595e-39
2.074826557850289106e+09 4.644011713801166429e-39 5.835294017341374400e-39 4.645176593174093083e-40 2.942132999048831043e-39 3.062780809191733910e-39 4.355951932220566857e-40
2.766825682915017128e+09 9.883203737959577682e-40 1.206136362130653224e-39 8.632582699449781521e-41 6.339531423010967049e-40 6.566578675031903478e-40 8.351518216052257843e-41
3.689621347227100849e+09 2.157716693227337406e-40 2.563471736204676987e-40 1.510675958981477344e-41 1.303167653739503761e-40 1.338293675991579381e-40 1.480215980272329449e-41
4.920189143094656944e+09 4.412925168638570158e-41 5.124121831166135888e-41 2.675816410567614493e-42 2.522126620952653741e-41 2.595629077090997979e-41 2.528455765403229169e-42
6.561177672614025116e+09 9.241168072113629057e-42 1.058360739490770140e-41 4.644617060193498031e-43 4.871727567934553583e-42 5.050276168098656976e-42 4.644747576718815990e-43
8.749471046662279129e+09 1.795157868313632324e-42 2.041753709852935674e-42 7.190201378836100892e-44 9.450037467724287616e-43 9.804141382486675138e-43 7.746026626326717566e-44
1.166760716081661987e+10 3.361181462623373554e-43 3.817299095485303437e-43 1.008504730859412824e-44 1.637227925689701954e-43 1.692701852965216598e-43 1.113702112781154731e-44
1.555900421101123428e+10 6.020801391628916210e-44 6.844324715288925262e-44 1.369634804287269961e-45 2.624620959845232150e-44 2.740279105132586904e-44 1.546449098313801712e-45
2.074826557850289154e+10 9.708942374615064088e-45 1.127124142132213660e-44 1.570526470150682450e-46 3.545721846600684203e-45 3.769333261598092664e-45 1.918043467765094429e-46
2.766825682915017319e+10 1.480250303894419819e-45 1.750341506424108950e-45 1.306501581108541529e-47 3.850390700428026273e-46 4.180967050324538020e-46 1.694093875807772686e-47
3.689621347227101135e+10 1.789137244474591721e-46 2.219884004606050328e-46 6.579437557608215516e-49 3.123136994649131881e-47 3.344543097567975285e-47 9.843771433759527497e-49
4.920189143094656372e+10 1.519096286388020920e-47 2.158695313512508505e-47 2.460994874666197226e-50 7.507019008758418246e-49 1.031992662855762284e-48 2.556173564994185177e-50
6.561177672614024353e+10 5.262520250693420260e-49 1.244945635935479934e-48 1.224982093037054225e-52 6.710385383732558588e-51 1.874348321758233416e-50 6.454353368611424543e-52
8.749471046662280273e+10 1.323052270284558856e-52 3.110383854947006807e-50 1.221541331304530915e-54 6.849924247057314433e-53 2.843166735194310982e-52 8.112198426008152472e-54
