1.166760716081661986e+00 8.514834424749031724e-04 1.581179603301402807e-03 2.633756505210618335e-10 7.300446671468731243e-04 1.582034105790166732e-03 2.915152318273736415e-10
1.555900421101123365e+00 5.753991886044727356e-04 1.079037701032719209e-03 2.638597967629812825e-10 4.901293161986283254e-04 1.077460850147362367e-03 2.860784424778234412e-10
2.074826557850288911e+00 3.793769709034910216e-04 7.141603912459663223e-04 2.466554443306370524e-10 3.198930142871401778e-04 7.137245168120410783e-04 2.590932650063713052e-10
2.766825682915017293e+00 2.423517159319938622e-04 4.567562851411283219e-04 2.030931574853808205e-10 2.018217239503686516e-04 4.571818152824546374e-04 2.069467761489463999e-10
3.689621347227101111e+00 1.494088543175550569e-04 2.814821155428679704e-04 1.642394124978273712e-10 1.226109498676762339e-04 2.821650637808189709e-04 1.614660544966887633e-10
4.920189143094656714e+00 8.875963436157914370e-05 1.666876919945979878e-04 1.324431324549865169e-10 7.158574188676019537e-05 1.674614426940513809e-04 1.268399463042627037e-10
6.561177672614024736e+00 5.070491592377118192e-05 9.465287170815055585e-05 1.029157763838146570e-10 4.009656103713745307e-05 9.539898496745569806e-05 9.778048729542301980e-11
8.749471046662279150e+00 2.777283471164457567e-05 5.139215560093027144e-05 7.508034203625770872e-11 2.151141604082254538e-05 5.205399214551979765e-05 7.057374088590527479e-11
1.166760716081661897e+01 1.454880779309112565e-05 2.663776415186209682e-05 5.028591734905119026e-11 1.105209863303014087e-05 2.717239859572475545e-05 4.733482159875155601e-11
1.555900421101123499e+01 7.291165085241518784e-06 1.325248233676423468e-05 3.301108221538250471e-11 5.454161323890992904e-06 1.359437555103291798e-05 3.137525166382462734e-11
2.074826557850288822e+01 3.517659571442353844e-06 6.410668994724863963e-06 2.135702254084248343e-11 2.605833344212933431e-06 6.565797780783369830e-06 2.054556157150340784e-11
2.766825682915017381e+01 1.654514337617613034e-06 3.050361486808830805e-06 1.350966316476202173e-11 1.219686889565009227e-06 3.095872715916701086e-06 1.305667177079381744e-11
3.689621347227100756e+01 7.683789677738324267e-07 1.438908072205551556e-06 8.078679765839605538e-12 5.655848738004157555e-07 1.440662090498552736e-06 7.874831764333765398e-12
4.920189143094656714e+01 3.548147627191366911e-07 6.730407707097546723e-07 4.500029094574203735e-12 2.613160149543680690e-07 6.662025358715637168e-07 4.427599230316279086e-12
6.561177672614024914e+01 1.631062084708868359e-07 3.127391216302037568e-07 2.447471440798025136e-12 1.203380835663917002e-07 3.068652664511471920e-07 2.437521778065348499e-12
8.749471046662279150e+01 7.453380924244663050e-08 1.447505332900408335e-07 1.308475415810364767e-12 5.514490505343123664e-08 1.407717330094863942e-07 1.313952266520105010e-12
1.166760716081661968e+02 3.380641875303479538e-08 6.663360852249914946e-08 6.877047572946070430e-13 2.510071322495840032e-08 6.427554332720798963e-08 6.940194740862566379e-13
1.555900421101123356e+02 1.518146744485839391e-08 3.048734673225663918e-08 3.541546869479946097e-13 1.131823441557178697e-08 2.917518622123706283e-08 3.585057012256461918e-13
2.074826557850288964e+02 6.723577438777753615e-09 1.384228210669611282e-08 1.786786399604624373e-13 5.033513747601095448e-09 1.313650035048133556e-08 1.818405458078624134e-13
2.766825682915017524e+02 2.922266771655052299e-09 6.222817013886141607e-09 9.102588062742281962e-14 2.196014206637632909e-09 5.848809609010337447e-09 9.104011576071761167e-14
3.689621347227101182e+02 1.240257375179971761e-09 2.765956388295417825e-09 4.609128241402668385e-14 9.352285270076850450e-10 2.565723357878262893e-09 4.521893845947272595e-14
4.920189143094656856e+02 5.121724724378149425e-10 1.214260768501667186e-09 2.295191499162987828e-14 3.874024426944697993e-10 1.105922207057590104e-09 2.236678622973673169e-14
6.561177672614023777e+02 2.053963615866759843e-10 5.261235597069689689e-10 1.119872361947498468e-14 1.557667532069256944e-10 4.679341073237928512e-10 1.102816877917237892e-14
8.749471046662279150e+02 7.995675798975185617e-11 2.250318831322668572e-10 5.405076863122857783e-15 6.075594983964414316e-11 1.943313780898332588e-10 5.348456781656214189e-15
1.166760716081661940e+03 3.023937833056808166e-11 9.514710101067802538e-11 2.574790216859075103e-15 2.300150549948089694e-11 7.932078876361593754e-11 2.602519234212819047e-15
1.555900421101123356e+03 1.113021028799524234e-11 3.982978298819602003e-11 1.223520157614178526e-15 8.465435105618545877e-12 3.187301161692761372e-11 1.274775790346886149e-15
2.074826557850288737e+03 3.996745123158891364e-12 1.651699534459760642e-11 5.849668077317794632e-16 3.036856355692882714e-12 1.263394679113208713e-11 6.204486158950830053e-16
2.766825682915017296e+03 1.404688213853547507e-12 6.802749957810279975e-12 2.794144921033259955e-16 1.065430965725667726e-12 4.946253291612317643e-12 2.951319753105978244e-16
3.689621347227101069e+03 4.855251832620214166e-13 2.788223208676789631e-12 1.325514750909574471e-16 3.670721763517305675e-13 1.916565763093915436e-12 1.374503339987361601e-16
4.920189143094656174e+03 1.660658701979821931e-13 1.139527057474271947e-12 6.301677132517914784e-17 1.248540182399362617e-13 7.375446063151540432e-13 6.411555552875455055e-17
6.561177672614025141e+03 5.655597627719767528e-14 4.651776871770967606e-13 3.017983767706573086e-17 4.216759489878769044e-14 2.829183206915816275e-13 2.990227257168421599e-17
8.749471046662278241e+03 1.929231510806305655e-14 1.897850967974648826e-13 1.424521891785091602e-17 1.421539125719928012e-14 1.083756766997444344e-13 1.396526065128006454e-17
1.166760716081662031e+04 6.621596223060485324e-15 7.743636067227972893e-14 6.609249729019635079e-18 4.802694276995684741e-15 4.147574853139510740e-14 6.465960810272370123e-18
1.555900421101123356e+04 2.290279698855532301e-15 3.156222009715960328e-14 3.018078648579356353e-18 1.628991829960731821e-15 1.586414269970057065e-14 2.972261661355419818e-18
2.074826557850289100e+04 7.973965619951041004e-16 1.278430185939380807e-14 1.372247045181008094e-18 5.543981764109033956e-16 6.050761050177520862e-15 1.359408810498990659e-18
2.766825682915017387e+04 2.785802692501048628e-16 5.114560612746741801e-15 6.178480224501825484e-19 1.888423817108701355e-16 2.289485877096301227e-15 6.149003228119968210e-19
3.689621347227100341e+04 9.717907288413610401e-17 2.015744176286625363e-15 2.764858663201459753e-19 6.414723051504654336e-17 8.557313823816034669e-16 2.741400469305169741e-19
4.920189143094656174e+04 3.368625790113651675e-17 7.776971296944303103e-16 1.222124586969343309e-19 2.164393667824366768e-17 3.136454491124084778e-16 1.218706629837259831e-19
6.561177672614024777e+04 1.155779151710313050e-17 2.925560581093150636e-16 5.269564570291364594e-20 7.236462751791087941e-18 1.120230791604965238e-16 5.331892362657615748e-20
8.749471046662278241e+04 3.907185775322244701e-18 1.070980973248703421e-16 2.227259713124512773e-20 2.389003524388795821e-18 3.891024807518052973e-17 2.265879759425021898e-20
1.166760716081661958e+05 1.298758880172601231e-18 3.803499236638824922e-17 9.264897962253624164e-21 7.774224184734468068e-19 1.310125502099313268e-17 9.331613141272924157e-21
1.555900421101123211e+05 4.238932279987065100e-19 1.310482429031434125e-17 3.804920186693579795e-21 2.486744024923186141e-19 4.259384353277049778e-18 3.714743387924492179e-21
2.074826557850289100e+05 1.354496248156984562e-19 4.393022641033448808e-18 1.505112029416448927e-21 7.799242961465130444e-20 1.335028183060900222e-18 1.462751668782491108e-21
2.766825682915017242e+05 4.228874550799094508e-20 1.427537639368509201e-18 5.632564590155385193e-22 2.397865751848531230e-20 4.022536140811359795e-19 5.656144939552539523e-22
3.689621347227101214e+05 1.291776882729939961e-20 4.478885558242125312e-19 2.008122466182717154e-22 7.220133333697381796e-21 1.164024892490140599e-19 2.084582857666199094e-22
4.920189143094656756e+05 3.845915588315370840e-21 1.367636486427410652e-19 7.211791132993928211e-23 2.122574677562418435e-21 3.250383543439428060e-20 7.241708447959261424e-23
6.561177672614024486e+05 1.106128523016588034e-21 4.055653178877996656e-20 2.471902339912640837e-23 6.049520708721644229e-22 8.711629603871601911e-21 2.452709470077149426e-23
8.749471046662279405e+05 3.055715781865582194e-22 1.158443085887507985e-20 7.826803620918582950e-24 1.671840469154805769e-22 2.227121703670594392e-21 7.995684752384041757e-24
1.166760716081662104e+06 8.118305804157711560e-23 3.156149217064933531e-21 2.484287502694415142e-24 4.486350279113287544e-23 5.464336331209873201e-22 2.469034497658812457e-24
1.555900421101123560e+06 2.066780262649769106e-23 8.181255905660053736e-22 7.575732829711406492e-25 1.162489898621533003e-23 1.283503475810745836e-22 7.284279887442350702e-25
2.074826557850289159e+06 5.067839690777119941e-24 2.015112898242987954e-22 2.103392289818036586e-25 2.906677365756940996e-24 2.883283338177960338e-23 2.062710654994426232e-25
2.766825682915017474e+06 1.208176360399747526e-24 4.707989112450000835e-23 5.772351127942579962e-26 7.065677235270048496e-25 6.224274719808082865e-24 5.765613450320733631e-26
3.689621347227101214e+06 2.808195758201477871e-25 1.047093628798205348e-23 1.584339821672038703e-26 1.707417304772929914e-25 1.303717189817646198e-24 1.546840688703207170e-26
4.920189143094656989e+06 6.439188753177679809e-26 2.225074242586509158e-24 3.939936213377125133e-27 4.044080386610842105e-26 2.674996075701109169e-25 4.154976011590541898e-27
6.561177672614024952e+06 1.479677040881723863e-26 4.555775662593203071e-25 9.916338948052496424e-28 9.422235937793554246e-27 5.387716390321889126e-26 1.094691443365742875e-27
8.749471046662278473e+06 3.384652979366824153e-27 9.084990840718773402e-26 2.743651589692956456e-28 2.242132290964898577e-27 1.078639252558752896e-26 2.637660307378672127e-28
1.166760716081662104e+07 7.772928366343634161e-28 1.771340881136514599e-26 7.076428302826264523e-29 5.407313038072200414e-28 2.161757677903709725e-27 6.651492560285773510e-29
1.555900421101123467e+07 1.771203755106073577e-28 3.415362147513050376e-27 1.799912975180247025e-29 1.292909202558419701e-28 4.388337451556461059e-28 1.713939321276489968e-29
2.074826557850288972e+07 4.146518003249106563e-29 6.551018064561335571e-28 4.511475562983802147e-30 3.100158042479172422e-29 8.910961563188214029e-29 4.045497277443463698e-30
2.766825682915017009e+07 9.840687089848100250e-30 1.254693547719783717e-28 1.083713783441427206e-30 7.372622212081549823e-30 1.828062152798717898e-29 9.812521966304490377e-31
3.689621347227101028e+07 2.404552700043183368e-30 2.408095805039994258e-29 2.747465274426749864e-31 1.769647357828568107e-30 3.805550310202083098e-30 2.406115697925139453e-31
4.920189143094656616e+07 5.815132733276349966e-31 4.676941675035931893e-30 6.811657673093309439e-32 4.292517797029131329e-31 8.084107039012034189e-31 5.895003997386022479e-32
6.561177672614024580e+07 1.405133398573022972e-31 9.026057948992759838e-31 1.640458373373322152e-32 1.036833366034535022e-31 1.743339643014815059e-31 1.472821607988671334e-32
8.749471046662279963e+07 3.435217609969556858e-32 1.766574067897030680e-31 3.966214314832278980e-33 2.584562363153112480e-32 3.909081742839475344e-32 3.838258137823179996e-33
1.166760716081662029e+08 8.455470100087358485e-33 3.535391000030978687e-32 1.007852898224695444e-33 6.569024048540181534e-33 8.990720334777560297e-33 1.021410796585096084e-33
1.555900421101123393e+08 2.034927164996636034e-33 7.097950683183821439e-33 2.427942569854515817e-34 1.638970007173074786e-33 2.089169341293456429e-33 2.564918687265931743e-34
2.074826557850289047e+08 4.922339141560248977e-34 1.441527144578484288e-33 5.860592436635916883e-35 4.173187349457537849e-34 4.956583198037399568e-34 6.367299201223044405e-35
2.766825682915017605e+08 1.179795566391625057e-34 2.948130283222565139e-34 1.483405832675194523e-35 9.766728426080918196e-35 1.121268628642366217e-34 1.509561230872868180e-35
3.689621347227101326e+08 2.837661704344546642e-35 6.143563369632318202e-35 3.696593394439331083e-36 2.311595650648292562e-35 2.573184888606934544e-35 3.463281153500316512e-36
4.920189143094656467e+08 7.013705650237216668e-36 1.317675067347540279e-35 8.855505032527826905e-37 5.310985230410768636e-36 5.811845155038427365e-36 8.605426932325161650e-37
6.561177672614024878e+08 1.696998436463476430e-36 2.844647853194879133e-36 2.069687002292973802e-37 1.253589710950014080e-36 1.343927103456912762e-36 2.059506253826383182e-37
8.749471046662279367e+08 4.153706591961520580e-37 6.272926964381781230e-37 5.055984869867127596e-38 2.951493010782309256e-37 3.114119220160464274e-37 4.595880256503318301e-38
1.166760716081662178e+09 9.660122625383934656e-38 1.350362996386602865e-37 1.165679411556850851e-38 6.584561823483152767e-38 6.932129096370013743e-38 1.005353238788540051e-38
1.555900421101123333e+09 2.137323667658519678e-38 2.847408184697839563e-38 2.449185325571678802e-39 1.419419736832031671e-38 1.487261381799159911e-38 2.227787289926014275e-39
2.074826557850289106e+09 4.832221982337611778e-39 6.158055473287253010e-39 4.985227814148399922e-40 3.096328139318804127e-39 3.227321793789073615e-39 4.676382691829386061e-40
2.766825682915017128e+09 1.034877984063862387e-39 1.277693952366402347e-39 9.399294021157255150e-41 6.716524550564934254e-40 6.961993663324157051e-40 9.098793359409538204e-41
3.689621347227100849e+09 2.271590849578670988e-40 2.723675994085070015e-40 1.671447160116104050e-41 1.388992676819375624e-40 1.427181854285793963e-40 1.636658827456824756e-41
4.920189143094656944e+09 4.673838362381476204e-41 5.468964682243232076e-41 3.005790559974655980e-42 2.703588653711922908e-41 2.783331199950941717e-41 2.841981105547910731e-42
6.561177672614025116e+09 9.836356986201670661e-42 1.133445890807587600e-41 5.286926208263497634e-43 5.247822472508762039e-42 5.440894822171373113e-42 5.291965136116170320e-43
8.749471046662279129e+09 1.920428110512433393e-42 2.195572461144234165e-42 8.280698377599898335e-44 1.021618522743857005e-42 1.059962994302425736e-42 8.926080770087956846e-44
1.166760716081661987e+10 3.612113776041256098e-43 4.120016314549439741e-43 1.174381336185187644e-44 1.775707794045516884e-43 1.836204676373694296e-43 1.297086932919832656e-44
1.555900421101123428e+10 6.491665935081202951e-44 7.407865345861961877e-44 1.608281055942573942e-45 2.854428358893817074e-44 2.980641737893959261e-44 1.817214179742314134e-45
2.074826557850289154e+10 1.049773920070105555e-44 1.223096608055111223e-44 1.856561787092697754e-46 3.863622385352763092e-45 4.108034057844579307e-45 2.268023509372360775e-46
2.766825682915017319e+10 1.603735189105940217e-45 1.902973440317824341e-45 1.552476259719291707e-47 4.201422870890967644e-46 4.563702392721978185e-46 2.014768854755055698e-47
3.689621347227101135e+10 1.941190065285521456e-46 2.418042421694813504e-46 7.859896540754080841e-49 3.413330384914568460e-47 3.657809795917735761e-47 1.176661918145482889e-48
4.920189143094656372e+10 1.650465700283019055e-47 2.356632177230999370e-47 2.952782221297245591e-50 8.222917726013340443e-49 1.132347075564580328e-48 3.080782374106462589e-50
6.561177672614024353e+10 5.722080730482055934e-49 1.363311644698150060e-48 1.498478201714900282e-52 7.410654081919256513e-51 2.072549545663058991e-50 7.835210220213460689e-52
8.749471046662280273e+10 1.456701000018434601e-52 3.413875829302232916e-50 1.495823749319988108e-54 7.575157326417675063e-53 3.152967622005495253e-52 9.870040487746379344e-54
