1.166760716081661986e+00 8.515806579765265640e-04 1.581478619152082996e-03 2.636885103935785604e-10 7.301444823469352419e-04 1.582325680614061949e-03 2.918411898181189832e-10
1.555900421101123365e+00 5.754398244121345513e-04 1.079214459717322801e-03 2.641804572836007451e-10 4.901755651210492693e-04 1.077632985032685653e-03 2.864085687957731820e-10
2.074826557850288911e+00 3.793832866346597021e-04 7.142559632327315439e-04 2.469598994262128426e-10 3.199069067178754336e-04 7.138158454537239794e-04 2.594030389851952833e-10
2.766825682915017293e+00 2.423410409298872492e-04 4.568014336436473097e-04 2.033545633972793433e-10 2.018189252265542642e-04 4.572229653968770983e-04 2.072096479718175475e-10
3.689621347227101111e+00 1.493924873008299864e-04 2.814989705014170579e-04 1.644581836745092937e-10 1.226016998056725989e-04 2.821785713923278291e-04 1.616851376753154899e-10
4.920189143094656714e+00 8.874352296395472087e-05 1.666905646709428623e-04 1.326248001081355202e-10 7.157563876671740877e-05 1.674616403632886690e-04 1.270208095385975495e-10
6.561177672614024736e+00 5.069164935269781922e-05 9.465020338814302122e-05 1.030618535973588911e-10 4.008813646489107026e-05 9.539415043748275817e-05 9.792563668254514134e-11
8.749471046662279150e+00 2.776312898767748110e-05 5.138839247258707323e-05 7.519284395149472463e-11 2.150541541311568847e-05 5.204843832193068592e-05 7.068577489734775282e-11
1.166760716081661897e+01 1.454237873523356969e-05 2.663478707396044255e-05 5.036886631037954423e-11 1.104832117023630873e-05 2.716796396340514730e-05 4.741727336535813387e-11
1.555900421101123499e+01 7.287257396083800911e-06 1.325066218920705465e-05 3.307074426250613412e-11 5.452007140988948787e-06 1.359147105217835532e-05 3.143419083669688300e-11
2.074826557850288822e+01 3.515388663421453421e-06 6.409683791165247638e-06 2.139905360890113693e-11 2.604651132242918882e-06 6.564103021355160301e-06 2.058689074481712233e-11
2.766825682915017381e+01 1.653126340576633923e-06 3.049773500035354747e-06 1.353845680850013889e-11 1.218969570242927399e-06 3.094855053623873344e-06 1.308495997437710836e-11
3.689621347227100756e+01 7.673893878217166060e-07 1.438438998339326772e-06 8.097732668625324934e-12 5.650334846106772013e-07 1.439922139557914684e-06 7.893594633398546853e-12
4.920189143094656714e+01 3.539891686378958620e-07 6.725830762699013767e-07 4.512202516070324312e-12 2.608048838237226907e-07 6.655466951920241717e-07 4.439653315941502976e-12
6.561177672614024914e+01 1.623667192523057574e-07 3.122709693834867529e-07 2.455010842515521328e-12 1.198424177021976976e-07 3.062319069449659853e-07 2.445016955146593242e-12
8.749471046662279150e+01 7.387838348227224530e-08 1.442921002957382958e-07 1.313033884617646072e-12 5.468391877827134415e-08 1.401682404869625090e-07 1.318489485382076214e-12
1.166760716081661968e+02 3.325955747810644586e-08 6.621824999613605875e-08 6.903857771165893214e-13 2.470530631600500706e-08 6.373559668787233240e-08 6.966982004621497270e-13
1.555900421101123356e+02 1.476409083569278376e-08 3.014533167496732210e-08 3.557089386971438548e-13 1.101146349947752690e-08 2.873384517153880759e-08 3.600542590198009514e-13
2.074826557850288964e+02 6.436098652842127774e-09 1.358885329893854663e-08 1.795576679411753467e-13 4.820015765202750367e-09 1.281150697954664499e-08 1.827105896697094353e-13
2.766825682915017524e+02 2.743985280553020095e-09 6.054032378300942777e-09 9.150752586179041775e-14 2.062653139735821709e-09 5.633923500337540767e-09 9.151817666019931779e-14
3.689621347227101182e+02 1.140146726695792869e-09 2.664220554906490767e-09 4.634740861402123793e-14 8.599095464001774332e-10 2.437448389907587545e-09 4.547407269555474640e-14
4.920189143094656856e+02 4.607523518667950727e-10 1.158071358318182554e-09 2.308469507092794644e-14 3.485203837456924366e-10 1.036003319852109250e-09 2.249884520528619323e-14
6.561177672614023777e+02 1.809540172634345538e-10 4.972597335532255973e-10 1.126620737153958057e-14 1.372000200230371227e-10 4.326356833473757785e-10 1.109560546544035762e-14
8.749471046662279150e+02 6.908322228177147038e-11 2.110317013637865243e-10 5.438236225740456085e-15 5.246280353014006901e-11 1.775860923000815035e-10 5.381843581371571993e-15
1.166760716081661940e+03 2.566872525899297141e-11 8.864989885052990963e-11 2.590615443323866125e-15 1.950392989700920977e-11 7.175865186624360585e-11 2.618661254056329882e-15
1.555900421101123356e+03 9.301294231013770527e-12 3.691832569367968077e-11 1.230846598128869949e-15 7.062612873326322388e-12 2.858994846155636836e-11 1.282337519098105089e-15
2.074826557850288737e+03 3.296401506721502472e-12 1.524992677106746016e-11 5.882924301936000707e-16 2.498729076148742297e-12 1.125467204569095176e-11 6.238863842416323425e-16
2.766825682915017296e+03 1.147018586599676190e-12 6.265265218046121287e-12 2.809008859568553700e-16 8.671190866551152012e-13 4.383914225987354427e-12 2.966575338735114815e-16
3.689621347227101069e+03 3.940403158346442265e-13 2.565576703669739706e-12 1.331854785122349332e-16 2.965776920753249033e-13 1.693663405699159733e-12 1.381178161480550494e-16
4.920189143094656174e+03 1.345451932339986295e-13 1.049113132737671155e-12 6.328273541430531295e-17 1.005630727690833342e-13 6.513605019227244341e-13 6.440153874732698455e-17
6.561177672614025141e+03 4.594394090125812418e-14 4.288965759505404969e-13 3.028901258536550478e-17 3.399738590560250353e-14 2.502524630459351923e-13 3.002226760796745759e-17
8.749471046662278241e+03 1.577028334273586245e-14 1.752353719344940948e-13 1.428862565396199699e-17 1.151040423421956597e-14 9.614810811636374789e-14 1.401471930564629764e-17
1.166760716081662031e+04 5.457798661787199784e-15 7.152695393182357829e-14 6.626057143078782259e-18 3.913683496190260438e-15 3.691155413777120769e-14 6.485932826442928300e-18
1.555900421101123356e+04 1.903914149286796230e-15 2.910576808345293882e-14 3.024532794622996553e-18 1.336893223474675837e-15 1.414801698733858727e-14 2.980216107327053774e-18
2.074826557850289100e+04 6.676984604213261367e-16 1.173826090764891031e-14 1.374710017993335831e-18 4.580363267401167311e-16 5.396437196835812146e-15 1.362518611606136407e-18
2.766825682915017387e+04 2.344775873771494157e-16 4.662215219424995666e-15 6.187790469617260989e-19 1.569051356494539316e-16 2.036644540607839680e-15 6.160891387709719248e-19
3.689621347227100341e+04 8.203977600896341608e-17 1.819877760146190826e-15 2.768311945421411090e-19 5.354279466852136175e-17 7.572959412358326897e-16 2.745875109673295981e-19
4.920189143094656174e+04 2.847520265500546442e-17 6.942598429811464741e-16 1.223360205112279265e-19 1.813364042511192724e-17 2.755793545519873054e-16 1.220349299152943574e-19
6.561177672614024777e+04 9.773350658579160545e-18 2.580587900856479276e-16 5.274028869844931475e-20 6.084196740909547488e-18 9.759826014421176417e-17 5.338014445054068044e-20
8.749471046662278241e+04 3.304274875830125063e-18 9.337635631255631586e-17 2.228886160990527643e-20 2.016387254746808312e-18 3.360743711731291118e-17 2.268142311731086207e-20
1.166760716081661958e+05 1.098846181856851510e-18 3.281198764364471444e-17 9.270761737474519530e-21 6.592755558334206703e-19 1.122471075778681115e-17 9.339635264266375938e-21
1.555900421101123211e+05 3.591011520309999834e-19 1.120268575783084669e-17 3.806978049490291920e-21 2.121014401568460292e-19 3.623680815251215242e-18 3.717615881981234743e-21
2.074826557850289100e+05 1.150111506102089780e-19 3.727726980794576252e-18 1.505840392717069560e-21 6.697316106077381768e-20 1.129321336803984359e-18 1.463759447599653869e-21
2.766825682915017242e+05 3.602985774269995627e-20 1.204454961875651142e-18 5.635170273057440500e-22 2.075290084502082633e-20 3.388090756017623859e-19 5.659606821502719156e-22
3.689621347227101214e+05 1.105400377878077340e-20 3.762970863034426626e-19 2.009038163840432802e-22 6.303220018535299926e-21 9.775496453801538289e-20 2.085771180631974017e-22
4.920189143094656756e+05 3.307649734237277873e-21 1.145592199389982498e-19 7.214878710181912531e-23 1.870028296193359671e-21 2.724859487718575877e-20 7.245646174724780611e-23
6.561177672614024486e+05 9.564800551849883154e-22 3.390208481970617802e-20 2.472954111453849596e-23 5.378984825450498190e-22 7.297237964101341466e-21 2.453924083543179622e-23
8.749471046662279405e+05 2.658042455861504809e-22 9.671031636751162287e-21 7.830279444768557239e-24 1.500695369547797702e-22 1.865568992653202648e-21 7.999417718296880650e-24
1.166760716081662104e+06 7.109611619951315370e-23 2.632984685968590382e-21 2.485329626141247363e-24 4.066443630525122924e-23 4.580769260542898058e-22 2.470167851828913650e-24
1.555900421101123560e+06 1.822806435155253806e-23 6.823368381224883359e-22 7.578751261862902287e-25 1.063439241678324579e-23 1.077455758785637070e-22 7.287440872123378414e-25
2.074826557850289159e+06 4.504606960906855917e-24 1.680843016425343343e-22 2.104205076640445820e-25 2.680976090305313158e-24 2.424885956169045367e-23 2.063484025637279924e-25
2.766825682915017474e+06 1.083914083472818217e-24 3.928769580328948869e-23 5.774150067993769288e-26 6.569490104374029450e-25 5.247339846280940267e-24 5.767270402529933720e-26
3.689621347227101214e+06 2.544146726984587974e-25 8.744024092651400830e-24 1.584696523649643690e-26 1.600784156851165357e-25 1.102761622456650548e-24 1.547133964294584866e-26
4.920189143094656989e+06 5.895167049425510948e-26 1.859916712488770754e-24 3.940590542682397024e-27 3.819545385621691010e-26 2.271434695080130756e-25 4.155326911626572066e-27
6.561177672614024952e+06 1.370433700372907878e-26 3.813166350876470528e-25 9.916484612110727717e-28 8.960456004867916194e-27 4.595414904737603599e-26 1.094638794014704267e-27
8.749471046662278473e+06 3.169454607637051485e-27 7.616116716618893760e-26 2.742918833218372068e-28 2.148488274421798737e-27 9.259282892026060547e-27 2.637021096266455606e-28
1.166760716081662104e+07 7.352415019701244265e-28 1.487799486924458853e-26 7.072527358853974890e-29 5.217712955796988644e-28 1.871069194415985066e-27 6.648088616202439619e-29
1.555900421101123467e+07 1.689876301328381400e-28 2.875086917031730499e-27 1.798307678469916857e-29 1.255111121863096137e-28 3.831111034238009495e-28 1.712485522788076454e-29
2.074826557850288972e+07 3.989571069950728414e-29 5.530579205658055099e-28 4.505607083835203819e-30 3.024897164051385103e-29 7.861192492382411702e-29 4.040363666596681627e-30
2.766825682915017009e+07 9.536389112903083872e-30 1.062951478196950401e-28 1.081687227801379211e-30 7.221318518139454688e-30 1.629632096725411218e-29 9.794428205199090369e-31
3.689621347227101028e+07 2.344599405427559019e-30 2.049529446659627203e-29 2.740320988432625853e-31 1.738552616744221438e-30 3.431425410549453756e-30 2.399872614625437569e-31
4.920189143094656616e+07 5.695212467099588404e-31 4.000647829715782882e-30 6.787614171809231208e-32 4.226256284705319822e-31 7.379141265688061670e-31 5.873688894493512500e-32
6.561177672614024580e+07 1.380150999723070284e-31 7.768116536302749806e-31 1.632546081404769400e-32 1.021944516611355323e-31 1.608831322558783436e-31 1.465508797603133210e-32
8.749471046662279963e+07 3.380106834345924708e-32 1.531391160629654632e-31 3.940182488208583591e-33 2.548264826237145934e-32 3.646988551559292469e-32 3.812432885959929193e-33
1.166760716081662029e+08 8.325152737310687436e-33 3.089206402856303736e-32 9.989808684753461315e-34 6.472699791552558316e-33 8.473268367522747270e-33 1.012310273041791726e-33
1.555900421101123393e+08 2.002308588157476176e-33 6.252267478707329321e-33 2.399365918079398679e-34 1.611772165824183327e-33 1.983616923387599922e-33 2.534496249301313420e-34
2.074826557850289047e+08 4.835272101553870412e-34 1.280512898188974485e-33 5.766865802704012659e-35 4.092562975244015391e-34 4.730677250334118232e-34 6.267061160138347692e-35
2.766825682915017605e+08 1.155477130852370922e-34 2.640585412794012119e-34 1.452131156699744760e-35 9.535481281261142614e-35 1.071417875822829354e-34 1.478174245591381435e-35
3.689621347227101326e+08 2.768003975168255341e-35 5.543830127007092472e-35 3.594075743364534238e-36 2.244117614287445658e-35 2.457028599323880413e-35 3.366162758284611144e-36
4.920189143094656467e+08 6.809768599794461591e-36 1.198094897712369122e-35 8.534111103765806900e-37 5.118035622607417584e-36 5.529656704063923656e-36 8.290267249146676326e-37
6.561177672614024878e+08 1.637914717155499668e-36 2.601076722335734369e-36 1.970872656323038569e-37 1.198060153177988288e-36 1.272287866688031324e-36 1.963221849534769409e-37
8.749471046662279367e+08 3.983832518337860330e-37 5.759140305900976714e-37 4.748143349733685473e-38 2.794744323789353898e-37 2.928690702510689350e-37 4.319091976233069350e-38
1.166760716081662178e+09 9.194188947987372693e-38 1.240385226577702570e-37 1.077304101504298526e-38 6.170133427762706970e-38 6.466190042096598393e-38 9.283561565009399946e-39
1.555900421101123333e+09 2.014334473451314202e-38 2.606681965870776191e-38 2.218059743892085181e-39 1.315604605859429144e-38 1.374184139579812196e-38 2.015263849971327150e-39
2.074826557850289106e+09 4.514854500313326714e-39 5.622507784716394120e-39 4.414463471613842520e-40 2.837741774335556640e-39 2.951978904887902223e-39 4.138543760408829521e-40
2.766825682915017128e+09 9.566897540273518519e-40 1.158981827454096733e-39 8.122851456946549042e-41 6.087315139583125895e-40 6.302841563603443482e-40 7.854653590659523531e-41
3.689621347227100849e+09 2.081027098353698926e-40 2.458033584899661343e-40 1.406156749318709176e-41 1.246361508863982212e-40 1.279570612356180373e-40 1.378344436720193053e-41
4.920189143094656944e+09 4.238891869991670360e-41 4.898171780851149005e-41 2.465788928454449983e-42 2.403242237921125498e-41 2.472788666357822443e-41 2.328900922453743983e-42
6.561177672614025116e+09 8.847349911986241207e-42 1.009354158114434282e-41 4.243354038430928286e-43 4.627538980254209898e-42 4.796770207355405437e-42 4.240542667322119437e-43
8.749471046662279129e+09 1.712981349145724665e-42 1.941946113780912106e-42 6.520162923879401792e-44 8.956070804352368793e-43 9.291331031264219429e-43 7.020804215964780769e-44
1.166760716081661987e+10 3.197881166659918866e-43 3.622026691089672446e-43 9.081729402971206524e-45 1.548523005032926385e-43 1.600798774282929781e-43 1.002686906491271322e-44
1.555900421101123428e+10 5.716263595831278307e-44 6.482618532534814790e-44 1.227026111254229487e-45 2.478251922347352461e-44 2.587195020559990208e-44 1.384619635636200501e-45
2.074826557850289154e+10 9.201600118446712840e-45 1.065828691544004128e-44 1.401263514062880503e-46 3.344079966057029768e-45 3.554503560141987741e-45 1.710756368320898912e-46
2.766825682915017319e+10 1.401177773545577705e-45 1.653256381970372763e-45 1.162038172978910515e-47 3.628428265678750471e-46 3.938994496734914243e-46 1.505598985415443069e-47
3.689621347227101135e+10 1.692144979659945802e-46 2.094402681987619196e-46 5.832819400885452495e-49 2.940225661592656016e-47 3.147161174088189666e-47 8.718896494371730728e-49
4.920189143094656372e+10 1.435634514846654125e-47 2.033995914098046599e-47 2.175601107252935883e-50 7.055702689045213726e-49 9.688119516293004696e-49 2.249332367169134899e-50
6.561177672614024353e+10 4.971242024340017233e-49 1.170815192869378870e-48 1.066297817198264012e-52 6.267323341557358567e-51 1.749444259767477354e-50 5.643733987224364603e-52
8.749471046662280273e+10 1.237660965846627801e-52 2.921134281621110424e-50 1.062479352381990496e-54 6.390236065981943923e-53 2.647259971597161072e-52 7.083375545961467851e-54
