1.166760716081661986e+00 8.516633202912309367e-04 1.581709192290009806e-03 2.639147246951601404e-10 7.302274019101268835e-04 1.582552717439779551e-03 2.920770421172254769e-10
1.555900421101123365e+00 5.754762628975233080e-04 1.079350689576696280e-03 2.644122430584483271e-10 4.902151047955585240e-04 1.077767010971143573e-03 2.866473171884686653e-10
2.074826557850288911e+00 3.793915857541355443e-04 7.143296022712845861e-04 2.471798479275917459e-10 3.199201182161129104e-04 7.138871580107384630e-04 2.596268787235877504e-10
2.766825682915017293e+00 2.423350515780279711e-04 4.568362204592087920e-04 2.035431874748890041e-10 2.018183138967342733e-04 4.572553430223794883e-04 2.073993024032827571e-10
3.689621347227101111e+00 1.493812365031717813e-04 2.815119147981402564e-04 1.646158034629421343e-10 1.225954391125677330e-04 2.821893992902549581e-04 1.618429635596024361e-10
4.920189143094656714e+00 8.873184302278480076e-05 1.666926645169656467e-04 1.327555255135138380e-10 7.156825376373173798e-05 1.674619844761653716e-04 1.271509225614930666e-10
6.561177672614024736e+00 5.068172752822232958e-05 9.464795733977863536e-05 1.031667984572186720e-10 4.008173757469273279e-05 9.539042398208338934e-05 9.802988153930398680e-11
8.749471046662279150e+00 2.775566468586155170e-05 5.138524039062403621e-05 7.527348646814969020e-11 2.150069703403719985e-05 5.204400812436469801e-05 7.076606172932636025e-11
1.166760716081661897e+01 1.453726652546291382e-05 2.663220443779096408e-05 5.042814714256497645e-11 1.104521594658127696e-05 2.716429639598542188e-05 4.747619642243748287e-11
1.555900421101123499e+01 7.283999224408846492e-06 1.324896452307399496e-05 3.311324468481110750e-11 5.450111949469734575e-06 1.358893240124271956e-05 3.147616699694483572e-11
2.074826557850288822e+01 3.513358752233164859e-06 6.408646617580938341e-06 2.142889661600104332e-11 2.603499215008011182e-06 6.562487123721576610e-06 2.061622064850699064e-11
2.766825682915017381e+01 1.651775802802315223e-06 3.049071251870475600e-06 1.355882483763565292e-11 1.218187665870137761e-06 3.093776350744495693e-06 1.310495489699916586e-11
3.689621347227100756e+01 7.663626746257012266e-07 1.437858755382983852e-06 8.111145691905997890e-12 5.643996570827363499e-07 1.439082982913099833e-06 7.906794337659524444e-12
4.920189143094656714e+01 3.531196925975521206e-07 6.720410656930860589e-07 4.520723212081112571e-12 2.602296790901448942e-07 6.648026442774394277e-07 4.448088454790203529e-12
6.561177672614024914e+01 1.616094103047689459e-07 3.117534842935636279e-07 2.460253613949452480e-12 1.193160721801901966e-07 3.055431841088420173e-07 2.450228779039009286e-12
8.749471046662279150e+01 7.324368435729789532e-08 1.438214086146706594e-07 1.316180552090962204e-12 5.422922444981484884e-08 1.395515948105684047e-07 1.321621757139923333e-12
1.166760716081661968e+02 3.276756883659616522e-08 6.582435341100664836e-08 6.922217865773445238e-13 2.434638998172394432e-08 6.322396423243399274e-08 6.985326120218649145e-13
1.555900421101123356e+02 1.441844885083690704e-08 2.984728268256805365e-08 3.567644018049639373e-13 1.075635980277918231e-08 2.834934202233958187e-08 3.611056470147489176e-13
2.074826557850288964e+02 6.217263304007005070e-09 1.338598973039053290e-08 1.801493454721840977e-13 4.657180964476686975e-09 1.255176038563925970e-08 1.832955524220000983e-13
2.766825682915017524e+02 2.618600922428952588e-09 5.929222342794454756e-09 9.182838925298184033e-14 1.968765264068460127e-09 5.475641875858205782e-09 9.183634422482570365e-14
3.689621347227101182e+02 1.074491982276347702e-09 2.593978425543080143e-09 4.651603790710675048e-14 8.104769823869646597e-10 2.349503573251868449e-09 4.564203956921647702e-14
4.920189143094656856e+02 4.289585724262404447e-10 1.121357186724815626e-09 2.317103105063980994e-14 3.244607676439848901e-10 9.908113141970669250e-10 2.258473975266424547e-14
6.561177672614023777e+02 1.665503494154597834e-10 4.791613026656622419e-10 1.130956175105644212e-14 1.262492839652758922e-10 4.108361846055336067e-10 1.113892796126316758e-14
8.749471046662279150e+02 6.291824935926174749e-11 2.025016962968847074e-10 5.459259044852546574e-15 4.775633050425793464e-11 1.675832721325783177e-10 5.403035923778300065e-15
1.166760716081661940e+03 2.315647447284034324e-11 8.476586266771627928e-11 2.600512594350123423e-15 1.757961514897197101e-11 6.734605732469678335e-11 2.628780148197625655e-15
1.555900421101123356e+03 8.321158637525649544e-12 3.519981733342963831e-11 1.235368544491649415e-15 6.310130828024269219e-12 2.670564201339774627e-11 1.287022011446721783e-15
2.074826557850288737e+03 2.928887662964506259e-12 1.450897021035056940e-11 5.903210535107331660e-16 2.216100704192588177e-12 1.047273502057703782e-11 6.259939826197196160e-16
2.766825682915017296e+03 1.014141979948875079e-12 5.953262725345963422e-12 2.817984363864016426e-16 7.647683725017371917e-13 4.068272234956914865e-12 2.975837658081648328e-16
3.689621347227101069e+03 3.475065191923744754e-13 2.436991275168552618e-12 1.335650866589561836e-16 2.606891606126779200e-13 1.569545045311903878e-12 1.385201544035883216e-16
4.920189143094656174e+03 1.186583418571679654e-13 9.969576057120870896e-13 6.344078998115405842e-17 8.830858259232587359e-14 6.036183173886045450e-13 6.457298292287905714e-17
6.561177672614025141e+03 4.061361488481778416e-14 4.078676657267167836e-13 3.035346603590331771e-17 2.989055848247984399e-14 2.321720009722924496e-13 3.009390816831956153e-17
8.749471046662278241e+03 1.399562730403721527e-14 1.667029882207634981e-13 1.431413847019287264e-17 1.014772143564063284e-14 8.934760408495806794e-14 1.404417450080050478e-17
1.166760716081662031e+04 4.865711139950733789e-15 6.800105894767084796e-14 6.635896746457572261e-18 3.462449550097517574e-15 3.434607155582852297e-14 6.497796408194110029e-18
1.555900421101123356e+04 1.704436958404256759e-15 2.761231628170630107e-14 3.028302183591433694e-18 1.186944427735420063e-15 1.316893598068290554e-14 2.984933178204620917e-18
2.074826557850289100e+04 5.995822768232444696e-16 1.109294306824323535e-14 1.376146894025698370e-18 4.079225727465690371e-16 5.017205352148393434e-15 1.364359906098404289e-18
2.766825682915017387e+04 2.109330613603970151e-16 4.381424641620175998e-15 6.193226542266674140e-19 1.400873749135471101e-16 1.888266385295658830e-15 6.167908963532736994e-19
3.689621347227100341e+04 7.385016581672529844e-17 1.698670770337340500e-15 2.770336023845147078e-19 4.789980586748875837e-17 6.991735593139752287e-16 2.748513684101298440e-19
4.920189143094656174e+04 2.563091845620705161e-17 6.431762996819659992e-16 1.224090098443489081e-19 1.625100022083645898e-17 2.531206126545413492e-16 1.221318051024676287e-19
6.561177672614024777e+04 8.794481965316921421e-18 2.372589675466011911e-16 5.276700631475443698e-20 5.462868479506021149e-18 8.914298412174404324e-17 5.341639615421907721e-20
8.749471046662278241e+04 2.972870871581458512e-18 8.524073406209887323e-17 2.229877569228835646e-20 1.814755169468022893e-18 3.052918405880919008e-17 2.269491384504325151e-20
1.166760716081661958e+05 9.889260476672052457e-19 2.976495673843819636e-17 9.274404644996126930e-21 5.951922680226067172e-19 1.014701053531810265e-17 9.344473475072980573e-21
1.555900421101123211e+05 3.234890742999707848e-19 1.010871489902822116e-17 3.808282187882049431e-21 1.922273129319863556e-19 3.262334522145418783e-18 3.719374972878964640e-21
2.074826557850289100e+05 1.037824956942802155e-19 3.349550832576764753e-18 1.506310215075324006e-21 6.097433726104642480e-20 1.013430403277583445e-18 1.464385074896141621e-21
2.766825682915017242e+05 3.259205232804753017e-20 1.078797517814978768e-18 5.636877615123030708e-22 1.899321692997718014e-20 3.033225238667577900e-19 5.661779486210287545e-22
3.689621347227101214e+05 1.003008350571000293e-20 3.362460242982716102e-19 2.009643284901520525e-22 5.801836396726069195e-21 8.738124573912287578e-20 2.086524242133789238e-22
4.920189143094656756e+05 3.011746189246443467e-21 1.021977574492451146e-19 7.216919423361960858e-23 1.731544094517880325e-21 2.433632055941977035e-20 7.248147582111248465e-23
6.561177672614024486e+05 8.741196230963963658e-22 3.021005994409624846e-20 2.473646475110599225e-23 5.010034166298942311e-22 6.515467300635859912e-21 2.454692794442176853e-23
8.749471046662279405e+05 2.438818895251491798e-22 8.611794951040747113e-21 7.832544683322010093e-24 1.406129917227580563e-22 1.666051328306490315e-21 8.001760127589224894e-24
1.166760716081662104e+06 6.552350870238351574e-23 2.343746330302294606e-21 2.485997087231493616e-24 3.833263492534532363e-23 4.093552393751683472e-22 2.470874156145469205e-24
1.555900421101123560e+06 1.687670607370626499e-23 6.073111568695412808e-22 7.580637987590540174e-25 1.008121769834626506e-23 9.638490881034609410e-23 7.289382849920981385e-25
2.074826557850289159e+06 4.191738164423874658e-24 1.496172524268492404e-22 2.104694864954369106e-25 2.554176069521080884e-24 2.172057535933048821e-23 2.063940091299909898e-25
2.766825682915017474e+06 1.014687826997071608e-24 3.498162220904939456e-23 5.775157860668740205e-26 6.289155563524428052e-25 4.708164639376547480e-24 5.768172886876675411e-26
3.689621347227101214e+06 2.396651853739758033e-25 7.789182736337079304e-24 1.584866831240820573e-26 1.540267686304833132e-25 9.917667817921756820e-25 1.547264098406370262e-26
4.920189143094656989e+06 5.590624446433889168e-26 1.657860964751079903e-24 3.940802060968635046e-27 3.691769526196728920e-26 2.048357468253879004e-25 4.155341924554242935e-27
6.561177672614024952e+06 1.309175998612059408e-26 3.401875064432261545e-25 9.915862746583974210e-28 8.697318348706456962e-27 4.157104522313897689e-26 1.094532335946323466e-27
8.749471046662278473e+06 3.048623230491391491e-27 6.801767335338966140e-26 2.742205259180200532e-28 2.095104449372014797e-27 8.413871832662027301e-27 2.636379153208184923e-28
1.166760716081662104e+07 7.115984979794469992e-28 1.330431408687044284e-26 7.069235053034276872e-29 5.109567567445573090e-28 1.710021425492954823e-27 6.645144525462694923e-29
1.555900421101123467e+07 1.644053729013100625e-28 2.574881927285262195e-27 1.797020148643224760e-29 1.233498696603640153e-28 3.522118449874635102e-28 1.711307573288312670e-29
2.074826557850288972e+07 3.900795709105785350e-29 4.962875976911436803e-28 4.501013027019944467e-30 2.981613991056811841e-29 7.278395620277219754e-29 4.036313297241285533e-30
2.766825682915017009e+07 9.363073012217464556e-30 9.561420346714669642e-29 1.080123354130202016e-30 7.133362004886130590e-30 1.519287867288486684e-29 9.780389411304190748e-31
3.689621347227101028e+07 2.310048918179695428e-30 1.849516534825095185e-29 2.734859059271683235e-31 1.720143945694427779e-30 3.222859857513299968e-30 2.395085813279688249e-31
4.920189143094656616e+07 5.624842095126917286e-31 3.622826603483074865e-30 6.769323622454271571e-32 4.185956524509298439e-31 6.984558231411133437e-31 5.857474531339241589e-32
6.561177672614024580e+07 1.365097201128476158e-31 7.064084171340988743e-31 1.626553792016501315e-32 1.012573749999545537e-31 1.533067062036665153e-31 1.459972701234414541e-32
8.749471046662279963e+07 3.345745280258148574e-32 1.399467238418443104e-31 3.920543261721460387e-33 2.524478999050705362e-32 3.497813896404992925e-32 3.792958268365590644e-33
1.166760716081662029e+08 8.240732138910492159e-33 2.838176015035546672e-32 9.923134949107212794e-34 6.407215599210114098e-33 8.173920474332471693e-33 1.005474869775282319e-33
1.555900421101123393e+08 1.980451222757185260e-33 5.774583972754599324e-33 2.377990716656348540e-34 1.592786531784151049e-33 1.921135314605718583e-33 2.511747828493029898e-34
2.074826557850289047e+08 4.775370809949824650e-34 1.189056694339173990e-33 5.697172106780355380e-35 4.035393382403997303e-34 4.593034410101053489e-34 6.192527024479660050e-35
2.766825682915017605e+08 1.138483603213179691e-34 2.464537027715003001e-34 1.429043980213407590e-35 9.370930230937481856e-35 1.040192692601801044e-34 1.455005100288516082e-35
3.689621347227101326e+08 2.719051445543666733e-35 5.197021604230020021e-35 3.519103206185595408e-36 2.196260395724673937e-35 2.382378367625964115e-35 3.295182215949314254e-36
4.920189143094656467e+08 6.666676753006303534e-36 1.128032189212978296e-35 8.301928325809992008e-37 4.982509207591761557e-36 5.345198464379869094e-36 8.062578839834051545e-37
6.561177672614024878e+08 1.596777187771526575e-36 2.456200548641763569e-36 1.900617478101497967e-37 1.159575319348400789e-36 1.225025356743775513e-36 1.894655671627689020e-37
8.749471046662279367e+08 3.866815289867050317e-37 5.448788983514027015e-37 4.533227054520821379e-38 2.687826594660027068e-37 2.806251098356534075e-37 4.125711825672278888e-38
1.166760716081662178e+09 8.877619141397048958e-38 1.173118700355373346e-37 1.016943570997710109e-38 5.892558698854058574e-38 6.160555235344660814e-38 8.758254444724216984e-39
1.555900421101123333e+09 1.932076659114580358e-38 2.458302462268765159e-38 2.064465593746038076e-39 1.247403660902485803e-38 1.300880434118483716e-38 1.874188320298573081e-39
2.074826557850289106e+09 4.305567455929172956e-39 5.290634603464389491e-39 4.046544517779235062e-40 2.671162015686120739e-39 2.776017974260610550e-39 3.792080026724909036e-40
2.766825682915017128e+09 9.059607618839023963e-40 1.085516112643456497e-39 7.327231554147999117e-41 5.689617575497802775e-40 5.888106654364769995e-40 7.079613943672581734e-41
3.689621347227100849e+09 1.959110848658555635e-40 2.294030634474582669e-40 1.246737377109377986e-41 1.157728887510662318e-40 1.188105173208010710e-40 1.222803771062287762e-41
4.920189143094656944e+09 3.964901614484186214e-41 4.548415874654852806e-41 2.152135041186632413e-42 2.219575713671419086e-41 2.283206396336065247e-41 2.031104125724305009e-42
6.561177672614025116e+09 8.232237405993625839e-42 9.337961159130164400e-42 3.654822896400776638e-43 4.253465668405351510e-42 4.408605990090927349e-42 3.648326459941382858e-43
8.749471046662279129e+09 1.585699286631266394e-42 1.788951845679395976e-42 5.552704679156091400e-44 8.204111434988026034e-43 8.510856928331794091e-43 5.974239967039521995e-44
1.166760716081661987e+10 2.946853563260610179e-43 3.324350122919758247e-43 7.653979203335096233e-45 1.414259416551963545e-43 1.461741566084579543e-43 8.447035622018755265e-45
1.555900421101123428e+10 5.250731806109866127e-44 5.933688511771767834e-44 1.026283457132693639e-45 2.257781327696477010e-44 2.356661927214459476e-44 1.156965787291151539e-45
2.074826557850289154e+10 8.429833265811630233e-45 9.732070358481499998e-45 1.165048883293084420e-46 3.041399089159939767e-45 3.232109214530512506e-45 1.421489575662213909e-46
2.766825682915017319e+10 1.281328869560118233e-45 1.507040515472418339e-45 9.617632378752779333e-48 3.296081212832654343e-46 3.576858191327564034e-46 1.244426665302223308e-47
3.689621347227101135e+10 1.545551691242044599e-46 1.906084000145003975e-46 4.804593505109000458e-49 2.667110217496982406e-47 2.852712788020070987e-47 7.169218366682249634e-49
4.920189143094656372e+10 1.309851356980614080e-47 1.847619915653255599e-47 1.784560728635089705e-50 6.383441033130498903e-49 8.749235305500094556e-49 1.829597771289209360e-50
6.561177672614024353e+10 4.532991273372942451e-49 1.060602442029033887e-48 8.523287240873531946e-53 5.611920841853532937e-51 1.565193494138631605e-50 4.540153111010559414e-52
8.749471046662280273e+10 1.110540159031154305e-52 2.640831133821384786e-50 8.481901916773545751e-55 5.710621652406106858e-53 2.358667950149305121e-52 5.686422710568556749e-54
