1.166760716081661986e+00 8.516761694471347045e-04 1.581765598526141577e-03 2.639801303315181309e-10 7.302417015584103952e-04 1.582606449255218603e-03 2.921452606236188029e-10
1.555900421101123365e+00 5.754800676334718068e-04 1.079383549162282220e-03 2.644792495173746675e-10 4.902205834361873620e-04 1.077798353604681163e-03 2.867163551019591764e-10
2.074826557850288911e+00 3.793899991787512351e-04 7.143469408677900713e-04 2.472434143464023385e-10 3.199204212218444729e-04 7.139033085151644774e-04 2.596915766668445130e-10
2.766825682915017293e+00 2.423310392727307460e-04 4.568439651311825096e-04 2.035976672822072231e-10 2.018161356866693184e-04 4.572620858902883174e-04 2.074540750456771186e-10
3.689621347227101111e+00 1.493767210560103381e-04 2.815143473646241679e-04 1.646612919221340245e-10 1.225925265191134456e-04 2.821910494038530745e-04 1.618885087105501762e-10
4.920189143094656714e+00 8.872777419617025900e-05 1.666925428736962961e-04 1.327932282723172055e-10 7.156551965810296304e-05 1.674612629903655568e-04 1.271884437600478119e-10
6.561177672614024736e+00 5.067847083708245547e-05 9.464689958786030042e-05 1.031970406658742929e-10 4.007955725888396920e-05 9.538888657948367154e-05 9.805991689760939218e-11
8.749471046662279150e+00 2.775327571526504169e-05 5.138409223809915863e-05 7.529669846534858179e-11 2.149914180064742850e-05 5.204245798574459167e-05 7.078916822498845416e-11
1.166760716081661897e+01 1.453563908122851678e-05 2.663131228409798432e-05 5.044518406271544748e-11 1.104419875632630102e-05 2.716306674440377688e-05 4.749313014659450518e-11
1.555900421101123499e+01 7.282951573551044026e-06 1.324837764279787801e-05 3.312543865728579541e-11 5.449482090345512490e-06 1.358808310335461435e-05 3.148820905736430926e-11
2.074826557850288822e+01 3.512690663994553860e-06 6.408277997130481859e-06 2.143744469613284084e-11 2.603104372936908106e-06 6.561935054317596816e-06 2.062461947820988802e-11
2.766825682915017381e+01 1.651318321983067964e-06 3.048814754834375610e-06 1.356464785025573041e-11 1.217911030845552766e-06 3.093397135295009064e-06 1.311066884812353316e-11
3.689621347227100756e+01 7.660084265832589691e-07 1.437646538802498761e-06 8.114970923246478311e-12 5.641731915299799225e-07 1.438783606796009087e-06 7.910557311057309602e-12
4.920189143094656714e+01 3.528201332893764300e-07 6.718465790945966947e-07 4.523146055348317509e-12 2.600271140005586642e-07 6.645388474287906764e-07 4.450486642730165300e-12
6.561177672614024914e+01 1.613533756916472804e-07 3.115731331681972509e-07 2.461739417064744546e-12 1.191359707604940387e-07 3.053042346493009082e-07 2.451705776940891102e-12
8.749471046662279150e+01 7.303565261517922557e-08 1.436629972841585862e-07 1.317068985019673066e-12 5.407927659585014360e-08 1.393443160203979712e-07 1.322506182762458758e-12
1.166760716081661968e+02 3.261238172897648630e-08 6.569692913026125606e-08 6.927380795939269975e-13 2.423284297390606042e-08 6.305849164804184178e-08 6.990484662195035090e-13
1.555900421101123356e+02 1.431382219004272361e-08 2.975480120366919808e-08 3.570599412325724007e-13 1.067903308275950942e-08 2.823008626693073330e-08 3.614000210000832986e-13
2.074826557850288964e+02 6.153622078451171155e-09 1.332553391258872774e-08 1.803142893496265309e-13 4.609793514394666441e-09 1.247445586050343879e-08 1.834585254951856754e-13
2.766825682915017524e+02 2.583431709400028953e-09 5.893342887767155484e-09 9.191737503446914513e-14 1.942419157120062316e-09 5.430262994447923969e-09 9.192453581159643060e-14
3.689621347227101182e+02 1.056635988827377500e-09 2.574376715311560787e-09 4.656252823132195421e-14 7.970275438667545064e-10 2.325070272477897155e-09 4.568834602985839799e-14
4.920189143094656856e+02 4.205277364320820122e-10 1.111341813849803631e-09 2.319468481061825945e-14 3.180779246612803049e-10 9.785626180712305687e-10 2.260827768835851954e-14
6.561177672614023777e+02 1.628074713016751202e-10 4.743031015007723573e-10 1.132136913458946235e-14 1.234021903583703580e-10 4.050349230700895218e-10 1.115072711343151198e-14
8.749471046662279150e+02 6.134183290400429068e-11 2.002364058644853311e-10 5.464947246176466418e-15 4.655218961598472972e-11 1.649554534037845684e-10 5.408774023762750352e-15
1.166760716081661940e+03 2.252234467337419651e-11 8.374158519401220482e-11 2.603172728287238176e-15 1.709362010740346851e-11 6.619714535845369200e-11 2.631503436872818540e-15
1.555900421101123356e+03 8.076384378169384992e-12 3.474885377560606274e-11 1.236576288439507056e-15 6.122111588028869072e-12 2.621818996396129792e-11 1.288275647888911676e-15
2.074826557850288737e+03 2.837925234504141534e-12 1.431531508646199903e-11 5.908598700917408989e-16 2.146113775380002036e-12 1.027150157131961547e-11 6.265552734838819466e-16
2.766825682915017296e+03 9.814966537435438867e-13 5.871994273245408504e-12 2.820357004746978670e-16 7.396104739460955505e-13 3.987403257155289217e-12 2.978293446557841624e-16
3.689621347227101069e+03 3.361378586383475965e-13 2.403570639950815784e-12 1.336650493220843342e-16 2.519168288629302151e-13 1.537859437156920329e-12 1.386264872671953759e-16
4.920189143094656174e+03 1.147896419682132322e-13 9.834007283877844828e-13 6.348226921225588379e-17 8.532301659167260994e-14 5.914553776464665683e-13 6.461818670628652420e-17
6.561177672614025141e+03 3.931606674579612207e-14 4.023838386194069954e-13 3.037032960166601411e-17 2.889063646651801003e-14 2.275643854706380800e-13 3.011276290202076085e-17
8.749471046662278241e+03 1.356242745672485565e-14 1.644634572335432584e-13 1.432080052787243626e-17 9.815262067221495113e-15 8.760912574618460770e-14 1.405191796705030805e-17
1.166760716081662031e+04 4.720369588088201807e-15 6.706767122115327484e-14 6.638461753432181601e-18 3.351893929793030709e-15 3.368646788169750055e-14 6.500911222548674444e-18
1.555900421101123356e+04 1.655105713158823665e-15 2.721371362714618873e-14 3.029283932742016820e-18 1.150002137393915130e-15 1.291539250765000679e-14 2.986170639013003335e-18
2.074826557850289100e+04 5.826049008652276165e-16 1.091980432811308541e-14 1.376521097487304622e-18 3.955046285881462746e-16 4.918332661732710796e-15 1.364842623941211579e-18
2.766825682915017387e+04 2.050247731737950209e-16 4.306027372550751721e-15 6.194643684014934342e-19 1.358985865264044688e-16 1.849407819911825672e-15 6.169746401872790256e-19
3.689621347227100341e+04 7.178493497845555915e-17 1.666235165078215674e-15 2.770865098424054665e-19 4.648871896384332436e-17 6.839337954415949270e-16 2.749204481778319576e-19
4.920189143094656174e+04 2.491160022325698773e-17 6.295943263953320921e-16 1.224281807685593574e-19 1.577895126280490277e-17 2.472432237646518702e-16 1.221571861014004762e-19
6.561177672614024777e+04 8.546631544229953063e-18 2.317731764160578212e-16 5.277407636208020565e-20 5.306815812708146258e-18 8.693954874142532459e-17 5.342591995526704161e-20
8.749471046662278241e+04 2.888952853158196333e-18 8.311273667910708586e-17 2.230142509892219465e-20 1.764063519350245535e-18 2.973120010987836874e-17 2.269847280748980644e-20
1.166760716081661958e+05 9.611051019554973291e-19 2.897405226927593136e-17 9.275387599990338035e-21 5.790712823669885940e-19 9.869130528464767590e-18 9.345758093179924433e-21
1.555900421101123211e+05 3.144807640034144787e-19 9.826623462498456839e-18 3.808637420268802746e-21 1.872249965344566253e-19 3.169620309144674002e-18 3.719845792484804680e-21
2.074826557850289100e+05 1.009434315168168109e-19 3.252551138234718356e-18 1.506439193030182693e-21 5.946345247080870299e-20 9.838177900379689856e-19 1.464553639870794401e-21
2.766825682915017242e+05 3.172304510838113544e-20 1.046698394549187538e-18 5.637349333284418996e-22 1.854963436298479822e-20 2.942846099635138504e-19 5.662367697491489386e-22
3.689621347227101214e+05 9.771249865390264281e-21 3.260459123295147964e-19 2.009810908896516576e-22 5.675307665351544097e-21 8.474560539920532532e-20 2.086728907704256077e-22
4.920189143094656756e+05 2.936924429632196693e-21 9.905629932073820515e-20 7.217483904896031734e-23 1.696548670775653141e-21 2.359765457138668702e-20 7.248827404366181080e-23
6.561177672614024486e+05 8.532824658414050319e-22 2.927317608470916040e-20 2.473837335308734880e-23 4.916639315141407897e-22 6.317402266379512783e-21 2.454901014600054332e-23
8.749471046662279405e+05 2.383309422341430771e-22 8.343258676469277818e-21 7.833165135519765476e-24 1.382141188429013737e-22 1.615536609450268102e-21 8.002390893313807295e-24
1.166760716081662104e+06 6.411093522832408489e-23 2.270458646918936182e-21 2.486177986279616868e-24 3.773963188228599951e-23 3.970232160017263824e-22 2.471063382714522034e-24
1.555900421101123560e+06 1.653371488363957132e-23 5.883054955670462714e-22 7.581141996138791031e-25 9.940145466802704396e-24 9.350939938133592681e-23 7.289898187843847127e-25
2.074826557850289159e+06 4.112218076484282037e-24 1.449391611948895865e-22 2.104822881643984343e-25 2.521747987768712082e-24 2.108051874532162639e-23 2.064058044309759841e-25
2.766825682915017474e+06 9.970693194507343365e-25 3.389062114343570022e-23 5.775408989613872433e-26 6.217280908393639397e-25 4.571625451154805158e-24 5.768393827509670358e-26
3.689621347227101214e+06 2.359068888809683620e-25 7.547191272065869456e-24 1.584904151081072173e-26 1.524723048751127077e-25 9.636487786960563861e-25 1.547290620017798985e-26
4.920189143094656989e+06 5.512953075715342359e-26 1.606633124383309791e-24 3.940827978156615207e-27 3.658916127681856312e-26 1.991826298452456584e-25 4.155313976299810923e-27
6.561177672614024952e+06 1.293541421766669027e-26 3.297551659332625847e-25 9.915585435984898468e-28 8.629633911234221194e-27 4.045991217078794634e-26 1.094492328294898670e-27
8.749471046662278473e+06 3.017764743099538471e-27 6.595106142397661525e-26 2.741974112141606071e-28 2.081370894925107984e-27 8.199489375879205863e-27 2.636169294063856044e-28
1.166760716081662104e+07 7.055559331919431805e-28 1.290473821944154816e-26 7.068218462837462788e-29 5.081732158378674253e-28 1.669167590543886409e-27 6.644227476960117418e-29
1.555900421101123467e+07 1.632327484244776010e-28 2.498612456385836439e-27 1.796630123944027798e-29 1.227926164154207111e-28 3.443698617985228182e-28 1.710949367743234009e-29
2.074826557850288972e+07 3.878022508181422858e-29 4.818557625832694464e-28 4.499634539717853357e-30 2.970411463119141255e-29 7.130391969600193358e-29 4.035094384577873431e-30
2.766825682915017009e+07 9.318424323879618698e-30 9.289717129039809861e-29 1.079656769814038967e-30 7.110445108642108785e-30 1.491239077947108173e-29 9.776192636392769314e-31
3.689621347227101028e+07 2.301085424274612180e-30 1.798600554425108551e-29 2.733235642049710294e-31 1.715295888746687788e-30 3.169766333697338455e-30 2.393661704464615798e-31
4.920189143094656616e+07 5.606393185668585641e-31 3.526568933076583889e-30 6.763898645429755478e-32 4.175182343749648375e-31 6.883872403087226192e-31 5.852666321880790090e-32
6.561177672614024580e+07 1.361091819320210166e-31 6.884540668370877098e-31 1.624779948099276179e-32 1.010022890580207922e-31 1.513661981637486153e-31 1.458334480241063777e-32
8.749471046662279963e+07 3.336436268369687705e-32 1.365780875675694206e-31 3.914740087596136631e-33 2.517874251039813281e-32 3.459372805921708484e-32 3.787205743850826469e-33
1.166760716081662029e+08 8.217423562750759042e-33 2.773966815143424903e-32 9.903470915218608868e-34 6.388724186468152771e-33 8.096057326737473237e-33 1.003459671903718173e-33
1.555900421101123393e+08 1.974321507186061915e-33 5.652121458432940171e-33 2.371701697459291906e-34 1.587365334435066855e-33 1.904675417927233116e-33 2.505056559394974252e-34
2.074826557850289047e+08 4.758382579249284186e-34 1.165535201832759391e-33 5.676729569073520772e-35 4.018972226076149521e-34 4.556219254236606786e-34 6.170667296720728714e-35
2.766825682915017605e+08 1.133636040223237423e-34 2.419059632264376474e-34 1.422297849602211152e-35 9.323651221111613380e-35 1.031726982178440356e-34 1.448236212750413208e-35
3.689621347227101326e+08 2.705070416206223063e-35 5.106929764059471321e-35 3.497305137351302574e-36 2.182548348226886273e-35 2.361902113631734570e-35 3.274555968938067543e-36
4.920189143094656467e+08 6.625889545247712887e-36 1.109703812401493399e-35 8.234862438454702064e-37 4.943899100815852744e-36 5.294259874788761615e-36 7.996822553223978172e-37
6.561177672614024878e+08 1.585105012095994609e-36 2.418007789596027893e-36 1.880497375255117411e-37 1.148690861704954932e-36 1.211936580537440887e-36 1.875005852308582773e-37
8.749471046662279367e+08 3.833801831245300374e-37 5.366353795415773437e-37 4.472272484898506578e-38 2.657836959552245059e-37 2.772375663894153977e-37 4.070855354882020279e-38
1.166760716081662178e+09 8.788927330721618248e-38 1.155149176061440230e-37 1.000021404978740889e-38 5.815416012959576292e-38 6.076350680033464663e-38 8.611109176653200900e-39
1.555900421101123333e+09 1.909211401566443136e-38 2.418540790263928648e-38 2.022019724943746426e-39 1.228629922136815249e-38 1.280812885125973282e-38 1.835235178727291961e-39
2.074826557850289106e+09 4.247790401082904697e-39 5.201521813444731601e-39 3.946453401033570851e-40 2.625743246629956051e-39 2.728198201984105007e-39 3.697882498365500786e-40
2.766825682915017128e+09 8.920678843361117436e-40 1.065815501359767241e-39 7.114415618417522993e-41 5.582171378526590197e-40 5.776261908220922405e-40 6.872431573088041994e-41
3.689621347227100849e+09 1.925948519852683069e-40 2.250121835261112455e-40 1.204857606322217739e-41 1.133974624443835621e-40 1.163620411326257628e-40 1.181913484869540224e-41
4.920189143094656944e+09 3.890933710027005573e-41 4.455152050035764731e-41 2.071073573300381388e-42 2.170718337625001162e-41 2.232811007504960716e-41 1.954191511003634504e-42
6.561177672614025116e+09 8.067190842400398419e-42 9.137134198247235827e-42 3.504808130346979411e-43 4.154586570723385176e-42 4.306034843584735234e-42 3.497513168245452443e-43
8.749471046662279129e+09 1.551764961872310381e-42 1.748471278716358703e-42 5.309016185696430021e-44 8.006267048361541418e-43 8.305541519014465497e-43 5.710771031773222638e-44
1.166760716081661987e+10 2.880309947673666237e-43 3.245922281338774461e-43 7.298268932609901741e-45 1.379081572106701634e-43 1.425317313537520427e-43 8.053480472367333456e-45
1.555900421101123428e+10 5.127839702074529628e-44 5.789547972516957210e-44 9.766735764783284584e-46 2.200219351210562654e-44 2.296484250807262679e-44 1.100741170508709725e-45
2.074826557850289154e+10 8.226833092363358242e-45 9.489634558609411410e-45 1.107044314275373543e-46 2.962568204394956527e-45 3.148163010567553278e-45 1.350472709549797258e-46
2.766825682915017319e+10 1.249886904966282693e-45 1.468859977827777130e-45 9.128234932967967335e-48 3.209677948937232952e-46 3.482748700815273983e-46 1.180650771888243053e-47
3.689621347227101135e+10 1.507168737199023518e-46 1.857031104957327000e-46 4.554572519925498625e-49 2.596248661849757273e-47 2.776376638431709824e-47 6.792532069946888429e-49
4.920189143094656372e+10 1.276980853339203991e-47 1.799213911361760404e-47 1.689852170029503368e-50 6.209416756796260771e-49 8.506666335650871050e-49 1.728269097372765107e-50
6.561177672614024353e+10 4.418592019984716788e-49 1.032087384762992817e-48 8.013128763096513396e-53 5.443480062334270021e-51 1.517927894783159708e-50 4.275188216187879098e-52
8.749471046662280273e+10 1.077733037134479785e-52 2.568507787924582889e-50 7.971382624251126537e-55 5.536113186950893572e-53 2.284781707802775712e-52 5.351683603889957381e-54
