1.166760716081661986e+00 8.516193080984773602e-04 1.581581503783615825e-03 2.637870318563276911e-10 7.301828943878030864e-04 1.582427468104168023e-03 2.919438915307824953e-10
1.555900421101123365e+00 5.754571336659368560e-04 1.079275165626679455e-03 2.642814120346234588e-10 4.901940426676378720e-04 1.077692940728612299e-03 2.865125437724528979e-10
2.074826557850288911e+00 3.793876825732344976e-04 7.142887837473154084e-04 2.470557105825687163e-10 3.199133363625395582e-04 7.138477642467446491e-04 2.595005404824952886e-10
2.766825682915017293e+00 2.423388576264062897e-04 4.568169962697589360e-04 2.034367519288181193e-10 2.018190218139390287e-04 4.572375398535352339e-04 2.072922885192646376e-10
3.689621347227101111e+00 1.493878239655212854e-04 2.815048423416281103e-04 1.645268871296096819e-10 1.225991732035023587e-04 2.821835528710775649e-04 1.617539328358383812e-10
4.920189143094656714e+00 8.873857831120259931e-05 1.666916225711297475e-04 1.326817969906132815e-10 7.157254169348769863e-05 1.674619492229527775e-04 1.270775427495453485e-10
6.561177672614024736e+00 5.068742492381181938e-05 9.464932240318079358e-05 1.031076269578879766e-10 4.008542962957600163e-05 9.539263363413338676e-05 9.797110814317053221e-11
8.749471046662279150e+00 2.775995233360537017e-05 5.138709183461132095e-05 7.522803556693703364e-11 2.150342044720847596e-05 5.204658832716907581e-05 7.072081337573983972e-11
1.166760716081661897e+01 1.454021358015020674e-05 2.663371882536359615e-05 5.039475363862586834e-11 1.104701704286833673e-05 2.716643095424190743e-05 4.744300470672601153e-11
1.555900421101123499e+01 7.285890663545233095e-06 1.324996830681016605e-05 3.308931749802888270e-11 5.451222011253865000e-06 1.359041922877523019e-05 3.145253594672542831e-11
2.074826557850288822e+01 3.514549899512612732e-06 6.409269412233457728e-06 2.141210507526846021e-11 2.604183897708841128e-06 6.563444901890167099e-06 2.059971933041880588e-11
2.766825682915017381e+01 1.652578133209455203e-06 3.049499137691390990e-06 1.354737204033375743e-11 1.218659237804295814e-06 3.094424643423391641e-06 1.309371349423011953e-11
3.689621347227100756e+01 7.669777152955376031e-07 1.438213580283098503e-06 8.103610038127936776e-12 5.647841817055634946e-07 1.439591358875734174e-06 7.899379477947310268e-12
4.920189143094656714e+01 3.536409920711722420e-07 6.723707472154490652e-07 4.515941017261237893e-12 2.605773462783368023e-07 6.652531339644270955e-07 4.443354494129525665e-12
6.561177672614024914e+01 1.620609600784910739e-07 3.120652989926502503e-07 2.457314528906504982e-12 1.196313178928525124e-07 3.059574445400244400e-07 2.447307065161181718e-12
8.749471046662279150e+01 7.361838942076958493e-08 1.441018005436588242e-07 1.314418822630317675e-12 5.449828072930735769e-08 1.399187483467617190e-07 1.319868051770051799e-12
1.166760716081661968e+02 3.305434526376388281e-08 6.605593499941248520e-08 6.911952948933835613e-13 2.455583558263274303e-08 6.352473985962078420e-08 6.975070095606295620e-13
1.555900421101123356e+02 1.461710759959794292e-08 3.002005066820577933e-08 3.561751765062336393e-13 1.090305923739551111e-08 2.857219964591707054e-08 3.605187147446485250e-13
2.074826557850288964e+02 6.341289730193694644e-09 1.350194274626741186e-08 1.798195434971977461e-13 4.749492650439681156e-09 1.270016802531313479e-08 1.829695611947568822e-13
2.766825682915017524e+02 2.688752030296899514e-09 5.999652967610634055e-09 9.164986271241134007e-14 2.021302687969157682e-09 5.564884497300676506e-09 9.165934950559629721e-14
3.689621347227101182e+02 1.110815851234230626e-09 2.633190379805247480e-09 4.642240728657163557e-14 8.378295751744828519e-10 2.398526969291398142e-09 4.554877763597918681e-14
4.920189143094656856e+02 4.463856810133318029e-10 1.141680519904412013e-09 2.312319836099609646e-14 3.376505675587365570e-10 1.015773793544543192e-09 2.253714829612334829e-14
6.561177672614023777e+02 1.743862450251290511e-10 4.891189363536278993e-10 1.128559242125027196e-14 1.322077607163681382e-10 4.227949765739356730e-10 1.111497609543598974e-14
8.749471046662279150e+02 6.625200078243609487e-11 2.071755657038586278e-10 5.447662899436038729e-15 5.030187242719708965e-11 1.730437695644372655e-10 5.391343519217718901e-15
1.166760716081661940e+03 2.450841739697381991e-11 8.688832906755443974e-11 2.595066204159451030e-15 1.861536350994458339e-11 6.974666228614169441e-11 2.623209258590738663e-15
1.555900421101123356e+03 8.846505829609401409e-12 3.613716239969685209e-11 1.232885725158993321e-15 6.713529412553193241e-12 2.772825952142112246e-11 1.284448186918263920e-15
2.074826557850288737e+03 3.125213719881966068e-12 1.491252008407247657e-11 5.892094326473288135e-16 2.367106177315184236e-12 1.089627794096680898e-11 6.248380165404201035e-16
2.766825682915017296e+03 1.084927424414365245e-12 6.122980208510915790e-12 2.813074481426554423e-16 8.193011943291615677e-13 4.238962734357000347e-12 2.970765668028501548e-16
3.689621347227101069e+03 3.722428440212448750e-13 2.506879561810738898e-12 1.333577190964964321e-16 2.797700023063506268e-13 1.636575873653066954e-12 1.383000946966213341e-16
4.920189143094656174e+03 1.270924195459443203e-13 1.025303491051081197e-12 6.335455669798322627e-17 9.481539869834203392e-14 6.293812789893858887e-13 6.447929255276787352e-17
6.561177672614025141e+03 4.344264427079275575e-14 4.193086575341771905e-13 3.031833941735258821e-17 3.207042786022076544e-14 2.419289416125159271e-13 3.005478423907461707e-17
8.749471046662278241e+03 1.493834043625815465e-14 1.713555026580521953e-13 1.430024419185535449e-17 1.087148645397694692e-14 9.302123367374244884e-14 1.402809514491493259e-17
1.166760716081662031e+04 5.180843673322684618e-15 6.992949836806080196e-14 6.630541484538928730e-18 3.702468791009722051e-15 3.573471132221132244e-14 6.491323115862400688e-18
1.555900421101123356e+04 1.810889940756677489e-15 2.843160970183053811e-14 3.026251381238233731e-18 1.266864672351481342e-15 1.370026242306650532e-14 2.982360093119716504e-18
2.074826557850289100e+04 6.360378108898371492e-16 1.144768476006264957e-14 1.375365200622952651e-18 4.346896861376977383e-16 5.223524776254062489e-15 1.363355760200001005e-18
2.766825682915017387e+04 2.235663666232451154e-16 4.535857149765429873e-15 6.190268322218725205e-19 1.490876384911089696e-16 1.969132908946370534e-15 6.164083760480770204e-19
3.689621347227100341e+04 7.825287071295204030e-17 1.765264779288330062e-15 2.769233596585944636e-19 5.092436690573482184e-17 7.308693346511231125e-16 2.747075546527932764e-19
4.920189143094656174e+04 2.716177474934399685e-17 6.711814320755405026e-16 1.223691915758626248e-19 1.726115045544255279e-17 2.653612995036936830e-16 1.220789941064801030e-19
6.561177672614024777e+04 9.321612769463331780e-18 2.486297798852447485e-16 5.275239372504227225e-20 5.796477404832467638e-18 9.374485854769470648e-17 5.339661603495662497e-20
8.749471046662278241e+04 3.151353667260859643e-18 8.967519978379607693e-17 2.229333486946681378e-20 1.923062038697512639e-18 3.220148204572024447e-17 2.268754252599783663e-20
1.166760716081661958e+05 1.048118253579704591e-18 3.142121157150325551e-17 9.272398624658162680e-21 6.296238225861243283e-19 1.073136570246264320e-17 9.341824030142559582e-21
1.555900421101123211e+05 3.426628923885225820e-19 1.070193650996408200e-17 3.807561610474846683e-21 2.029079457578513464e-19 3.457917922822049855e-18 3.718408980250887486e-21
2.074826557850289100e+05 1.098272077383650240e-19 3.554224995355656199e-18 1.506049881532574510e-21 6.419899744222738544e-20 1.076063685221611497e-18 1.464040700614178281e-21
2.766825682915017242e+05 3.444258098183324486e-20 1.146703493083249534e-18 5.635929293596469986e-22 1.993943499759878363e-20 3.224782790906841110e-19 5.660581435085311329e-22
3.689621347227101214e+05 1.058125604808986300e-20 3.578657818659423792e-19 2.009306816211284919e-22 6.071548450763670718e-21 9.297603010503872375e-20 2.086108380647537855e-22
4.920189143094656756e+05 3.171046557871780095e-21 1.088652763481683942e-19 7.215785115359338789e-23 1.806076026540943609e-21 2.590599600057125831e-20 7.246766063789976105e-23
6.561177672614024486e+05 9.184674225618855111e-22 3.220037931219451571e-20 2.473262039487010495e-23 5.208723759648014744e-22 6.936655726754144096e-21 2.454268670987891806e-23
8.749471046662279405e+05 2.556896960098059393e-22 9.182614937854866486e-21 7.831289553639129015e-24 1.457094250330072584e-22 1.773516931168235672e-21 8.000470195811411135e-24
1.166760716081662104e+06 6.852619135403262897e-23 2.499584922728293966e-21 2.485628553190743168e-24 3.959044181057399651e-23 4.355951913815105475e-22 2.470485833878516562e-24
1.555900421101123560e+06 1.760519452669137784e-23 6.477306651820126009e-22 7.579601268354152032e-25 1.037990728537274727e-23 1.025033786507638423e-22 7.288318468178756033e-25
2.074826557850289159e+06 4.360483847178878514e-24 1.595662088912680146e-22 2.104427689786037144e-25 2.622712378626618039e-24 2.308231486761460455e-23 2.063692237768120209e-25
2.766825682915017474e+06 1.052043401559344479e-24 3.730162178307009817e-23 5.774616606540783615e-26 6.440819630537948493e-25 4.998598682316490388e-24 5.767691005860384741e-26
3.689621347227101214e+06 2.476277572669251853e-25 8.303680546176870349e-24 1.584778901292201439e-26 1.573030789498767064e-25 1.051563546743162693e-24 1.547198289592685636e-26
4.920189143094656989e+06 5.755090042101996095e-26 1.766750076880503555e-24 3.940706990489349551e-27 3.760973099837029035e-26 2.168552580066898178e-25 4.155355713878430552e-27
6.561177672614024952e+06 1.342266671224204776e-26 3.623559517747356185e-25 9.916281199635075608e-28 8.839858250236454840e-27 4.393299295172174225e-26 1.094598798490111001e-27
8.749471046662278473e+06 3.113909722297999032e-27 7.240778668405674148e-26 2.742625201332788646e-28 2.124023842301120569e-27 8.869496969249524522e-27 2.636758263999766769e-28
1.166760716081662104e+07 7.243763863931637540e-28 1.415284473602189000e-26 7.071138015058595063e-29 5.168161726641152657e-28 1.796827869732207213e-27 6.646851755705525937e-29
1.555900421101123467e+07 1.668829432651164695e-28 2.736786950833999727e-27 1.797759104317827544e-29 1.245215151312619380e-28 3.688696211486713675e-28 1.711984593221346726e-29
2.074826557850288972e+07 3.948834603253846700e-29 5.269115511282992301e-28 4.503640540456633269e-30 3.005107987570462382e-29 7.592651597407432894e-29 4.038632353321980768e-30
2.766825682915017009e+07 9.456993109688976305e-30 1.013772605739609948e-28 1.081015930176861777e-30 7.181211223823888992e-30 1.578807146288686305e-29 9.788407847289615207e-31
3.689621347227101028e+07 2.328816438082525920e-30 1.957464217475721512e-29 2.737972154180468280e-31 1.730194958574535760e-30 3.335415645403074414e-30 2.397815076512288295e-31
4.920189143094656616e+07 5.663203591288253046e-31 3.826797318331619078e-30 6.779740704048526233e-32 4.208074019077800559e-31 7.197673707130612845e-31 5.866708521317083841e-32
6.561177672614024580e+07 1.373345394725837862e-31 7.444295840615982439e-31 1.629964243225920434e-32 1.017749064679378409e-31 1.574039602031380183e-31 1.463123130149298551e-32
8.749471046662279963e+07 3.364691099710584790e-32 1.470744341791574473e-31 3.931713755875548461e-33 2.537708174713152620e-32 3.578653971050165411e-32 3.804033800538135226e-33
1.166760716081662029e+08 8.287591904559614020e-33 2.973885305474144381e-32 9.961033341752753712e-34 6.443857490279985743e-33 8.336661220078198567e-33 1.009359709620068784e-33
1.555900421101123393e+08 1.992651957642330135e-33 6.033027617303981546e-33 2.390130784816099216e-34 1.603453609063934303e-33 1.955252984930837667e-33 2.524666628710501537e-34
2.074826557850289047e+08 4.808945541763510277e-34 1.238592264223860534e-33 5.736713684512991809e-35 4.067586460456950395e-34 4.668593947468967932e-34 6.234813058984941571e-35
2.766825682915017605e+08 1.148029705404535963e-34 2.560035391215449982e-34 1.442125891581071526e-35 9.463614584713047138e-35 1.057416857048424906e-34 1.468132642308540889e-35
3.689621347227101326e+08 2.746566465670039618e-35 5.385515897319698964e-35 3.561513347042005879e-36 2.223193242098607214e-35 2.423731246053093461e-35 3.335326819212570850e-36
4.920189143094656467e+08 6.747059528084322600e-36 1.166205475686567844e-35 8.432977741624011128e-37 5.058635775145464311e-36 5.447641568350588148e-36 8.191084094887331303e-37
6.561177672614024878e+08 1.619851280764429224e-36 2.535351007558465640e-36 1.940156201452869300e-37 1.181139323142681608e-36 1.251304699093262548e-36 1.933252800486773110e-37
8.749471046662279367e+08 3.932322917600168493e-37 5.618801886083640002e-37 4.653780672512034565e-38 2.747564850167368688e-37 2.874318062455091892e-37 4.234191808950852861e-38
1.166760716081662178e+09 9.054411190605053396e-38 1.210044642520305192e-37 1.050667827569757648e-38 6.047152135080571093e-38 6.330230175895587024e-38 9.051665770433911644e-39
1.555900421101123333e+09 1.977888879546780316e-38 2.539851985518562530e-38 2.149857403169351754e-39 1.285260684635540990e-38 1.341486845493558752e-38 1.952597615234366999e-39
2.074826557850289106e+09 4.421846025015302683e-39 5.473176327656249882e-39 4.249980224609933106e-40 2.763316681849889999e-39 2.873243563798044013e-39 3.983612570546559639e-40
2.766825682915017128e+09 9.340665382044922242e-40 1.125909060122797414e-39 7.764555554462232549e-41 5.908918713009482476e-40 6.116645372616413077e-40 7.505537672743599871e-41
3.689621347227100849e+09 2.026495565492674333e-40 2.384156589203763521e-40 1.333806243066034931e-41 1.206463611768632195e-40 1.238375350115256629e-40 1.307776641647027747e-41
4.920189143094656944e+09 4.115937662933093449e-41 4.740354194618599505e-41 2.322442017444400134e-42 2.320294791705371434e-41 2.387141890094619050e-41 2.192764262206777861e-42
6.561177672614025116e+09 8.570582402071410852e-42 9.752141384499910534e-42 3.972791856462566607e-43 4.458132134246089618e-42 4.620956304232328503e-42 3.968182302887033778e-43
8.749471046662279129e+09 1.655551751731789955e-42 1.872683075106939537e-42 6.073141279793075250e-44 8.614836977727476366e-43 8.937132715789813895e-43 6.537126623975751348e-44
1.166760716081661987e+10 3.084335245420654615e-43 3.487016511047164873e-43 8.418948082014564786e-45 1.487483201025463404e-43 1.537572463927513763e-43 9.293467088102060267e-45
1.555900421101123428e+10 5.505309000629885706e-44 6.233290673954247318e-44 1.133517680507423591e-45 2.377865287610024630e-44 2.482218176579078136e-44 1.278549429085276315e-45
2.074826557850289154e+10 8.851324167087729435e-45 1.023700735623247877e-44 1.290933216567291494e-46 3.206110557644479132e-45 3.407534511245384827e-45 1.575638011577566352e-46
2.766825682915017319e+10 1.346720212077250323e-45 1.586681829969016426e-45 1.068300668509418397e-47 3.476817113643873972e-46 3.773765897076061341e-46 1.383327682489507679e-47
3.689621347227101135e+10 1.625476834630723553e-46 2.008563852954331134e-46 5.350560782018998868e-49 2.815525070472526401e-47 3.012675908609345465e-47 7.992024786499400651e-49
4.920189143094656372e+10 1.378380621409050656e-47 1.948933299605548068e-47 1.991893855393372582e-50 6.748474580623800691e-49 9.258690614205204314e-49 2.051934979347600775e-50
6.561177672614024353e+10 4.771659124959357683e-49 1.120429263981486258e-48 9.651706708010351528e-53 5.966953118014432288e-51 1.664931823669737077e-50 5.123689260875833041e-52
8.749471046662280273e+10 1.179511634796266773e-52 2.792834507004490284e-50 9.611699868938716883e-55 6.078672222636933789e-53 2.514794165757958616e-52 6.424541608851589930e-54
