1.166760716081661986e+00 8.516742246503581758e-04 1.581758884788167160e-03 2.639730604072990319e-10 7.302396742658083745e-04 1.582599924696512575e-03 2.921378860802809479e-10
1.555900421101123365e+00 5.754794151270191827e-04 1.079379707611703709e-03 2.644720067654107971e-10 4.902197805123823362e-04 1.077794633931895667e-03 2.867088923687746863e-10
2.074826557850288911e+00 3.793900814389158981e-04 7.143449496883889135e-04 2.472365438072859288e-10 3.199203105582246035e-04 7.139014286551907370e-04 2.596845836838920355e-10
2.766825682915017293e+00 2.423314491867928041e-04 4.568430901358609231e-04 2.035917795778416647e-10 2.018163501880076136e-04 4.572613133743466934e-04 2.074481558006824176e-10
3.689621347227101111e+00 1.493772091710942804e-04 2.815140780055367786e-04 1.646563767010904007e-10 1.225928409138720451e-04 2.821908636353593334e-04 1.618835874224696478e-10
4.920189143094656714e+00 8.872822018558507802e-05 1.666925594745461954e-04 1.327891548374746723e-10 7.156581999451076554e-05 1.674613451074685505e-04 1.271843900449207749e-10
6.561177672614024736e+00 5.067882904783743188e-05 9.464701895785974050e-05 1.031937738036343943e-10 4.007979773651872954e-05 9.538905881948100138e-05 9.805667248962503252e-11
8.749471046662279150e+00 2.775353868930623583e-05 5.138422051134394075e-05 7.529419159858527114e-11 2.149931352395467068e-05 5.204263063938377990e-05 7.078667281903455087e-11
1.166760716081661897e+01 1.453581838885614281e-05 2.663141171105442220e-05 5.044334465269124431e-11 1.104431124515313117e-05 2.716320339103424337e-05 4.749130188621460947e-11
1.555900421101123499e+01 7.283067271634686189e-06 1.324844318029986788e-05 3.312412255029634501e-11 5.449551994330123062e-06 1.358817756694753925e-05 3.148690937900426787e-11
2.074826557850288822e+01 3.512764760247260483e-06 6.408319378846642365e-06 2.143652239352853127e-11 2.603148449992904301e-06 6.561996691528073357e-06 2.062371332815889560e-11
2.766825682915017381e+01 1.651369316284951257e-06 3.048843688558679229e-06 1.356401980389430663e-11 1.217942086192292370e-06 3.093439674729288618e-06 1.311005261608006976e-11
3.689621347227100756e+01 7.660480316250711513e-07 1.437670489064436770e-06 8.114558546738411982e-12 5.641986558215689409e-07 1.438817268635157666e-06 7.910151676912038823e-12
4.920189143094656714e+01 3.528535986770325499e-07 6.718684579958056104e-07 4.522885012155590221e-12 2.600498255380562423e-07 6.645684692866425464e-07 4.450228263180417767e-12
6.561177672614024914e+01 1.613818626689097910e-07 3.115933116424484371e-07 2.461579436778174426e-12 1.191560490960189046e-07 3.053309510302490326e-07 2.451546745543612243e-12
8.749471046662279150e+01 7.305865253599146490e-08 1.436806000017448940e-07 1.316973394647875001e-12 5.409587148727634144e-08 1.393673447021460396e-07 1.322411022199015189e-12
1.166760716081661968e+02 3.262940919140191939e-08 6.571097873647116422e-08 6.926825727562580533e-13 2.424530758252394857e-08 6.307673547103718705e-08 6.989930061976692667e-13
1.555900421101123356e+02 1.432521121726814344e-08 2.976491622576738276e-08 3.570281938367300303e-13 1.068745227695451347e-08 2.824312811436680341e-08 3.613683992504742888e-13
2.074826557850288964e+02 6.160497654690985974e-09 1.333209600488444927e-08 1.802965858409806568e-13 4.614913672032743159e-09 1.248284413510733681e-08 1.834410356017368589e-13
2.766825682915017524e+02 2.587206047198007343e-09 5.897211670113552814e-09 9.190783366184555439e-14 1.945246829724788140e-09 5.435153172595531514e-09 9.191508058721345785e-14
3.689621347227101182e+02 1.058541612362047619e-09 2.576479089396606959e-09 4.655754904847209353e-14 7.984630065937425324e-10 2.327688401489389730e-09 4.568338656404412070e-14
4.920189143094656856e+02 4.214234379018446914e-10 1.112411756893718911e-09 2.319215450646424847e-14 3.187561082372546787e-10 9.798694045072534567e-10 2.260575965631365378e-14
6.561177672614023777e+02 1.632036993197790151e-10 4.748206823857822916e-10 1.132010750383284214e-14 1.237036210223233426e-10 4.056518950380267898e-10 1.114946634577268687e-14
8.749471046662279150e+02 6.150824399278778350e-11 2.004773131358345420e-10 5.464340211509549164e-15 4.667931654271820173e-11 1.652343149364191473e-10 5.408161575551630331e-15
1.166760716081661940e+03 2.258913313736643668e-11 8.385038711155521602e-11 2.602889200968114286e-15 1.714481226380920761e-11 6.631888294903041500e-11 2.631213101911362885e-15
1.555900421101123356e+03 8.102116264544615665e-12 3.479671559042538064e-11 1.236447714864223452e-15 6.141879180340270771e-12 2.626978230804589583e-11 1.288142136557438494e-15
2.074826557850288737e+03 2.847472525076328037e-12 1.433585311095595342e-11 5.908025681825616881e-16 2.153460240390185752e-12 1.029278060110950450e-11 6.264955501345612668e-16
2.766825682915017296e+03 9.849186102402542586e-13 5.880607826207532110e-12 2.820104902716024251e-16 7.422478446435906950e-13 3.995947630347477893e-12 2.978032354846798742e-16
3.689621347227101069e+03 3.373284077618409200e-13 2.407111547437181927e-12 1.336544353891948347e-16 2.528355782775477591e-13 1.541205083768920103e-12 1.386151888765416716e-16
4.920189143094656174e+03 1.151945748207752224e-13 9.848371981085492136e-13 6.347786773407917705e-17 8.563554019061032426e-14 5.927392173975391099e-13 6.461338561193324440e-17
6.561177672614025141e+03 3.945188526539916901e-14 4.029653026176154834e-13 3.036854116481302948e-17 2.899530387543463092e-14 2.280507956188962790e-13 3.011076100337473214e-17
8.749471046662278241e+03 1.360779983314506851e-14 1.647012262695539873e-13 1.432009424569957397e-17 9.850078236708203774e-15 8.779277202726867812e-14 1.405109597592852224e-17
1.166760716081662031e+04 4.735609251590789082e-15 6.716692747413364877e-14 6.638189904320462995e-18 3.363481246862644713e-15 3.375622393499826310e-14 6.500580656913657895e-18
1.555900421101123356e+04 1.660285542386838908e-15 2.725616260871927826e-14 3.029179897651070493e-18 1.153878038351442508e-15 1.294224173405800772e-14 2.986039331379193201e-18
2.074826557850289100e+04 5.843900613917803976e-16 1.093825797484082596e-14 1.376481442572060023e-18 3.968088424169346174e-16 4.928815355297216300e-15 1.364791408373411967e-18
2.766825682915017387e+04 2.056467586513327940e-16 4.314063305657652758e-15 6.194493470347010492e-19 1.363389114729852034e-16 1.853530633352577842e-15 6.169551494080939624e-19
3.689621347227100341e+04 7.200252469242974021e-17 1.669689492409618641e-15 2.770808985529514827e-19 4.663715058251961205e-17 6.855508466175160100e-16 2.749131203316913892e-19
4.920189143094656174e+04 2.498741928474688567e-17 6.310388871466575628e-16 1.224261455006661842e-19 1.582862731048338469e-17 2.478665640748820100e-16 1.221544932048358245e-19
6.561177672614024777e+04 8.572759654794939940e-18 2.323557290346333138e-16 5.277332465123247108e-20 5.323242164712903443e-18 8.717303829365891981e-17 5.342490890489552546e-20
8.749471046662278241e+04 2.897799003868940390e-18 8.333836188521865857e-17 2.230114286322798594e-20 1.769400139633905716e-18 2.981567313924312958e-17 2.269809466621772227e-20
1.166760716081661958e+05 9.640374572150996096e-19 2.905778995129807101e-17 9.275282694927984410e-21 5.807685807910252225e-19 9.898516541459625433e-18 9.345621426593963213e-21
1.555900421101123211e+05 3.154301248026954595e-19 9.856453927762479277e-18 3.808599441884774511e-21 1.877517083163136960e-19 3.179415939760389662e-18 3.719795625903166724e-21
2.074826557850289100e+05 1.012426028165661814e-19 3.262798660596668668e-18 1.506425384482064572e-21 5.962255630850555263e-20 9.869441041459685018e-19 1.464535656694098003e-21
2.766825682915017242e+05 3.181461336416600297e-20 1.050086990211577665e-18 5.637298774715139039e-22 1.859635311010341101e-20 2.952382059922794673e-19 5.662304891102506657e-22
3.689621347227101214e+05 9.798523487871550120e-21 3.271221136975707863e-19 2.009792936442928286e-22 5.688636586808578199e-21 8.502357124169211119e-20 2.086707040372165816e-22
4.920189143094656756e+05 2.944808899502288734e-21 9.938762260336361743e-20 7.217423406023305887e-23 1.700236146437336103e-21 2.367553362169107931e-20 7.248754777045598988e-23
6.561177672614024486e+05 8.554784472390211642e-22 2.937196107479000360e-20 2.473816895434721026e-23 4.926483565472588359e-22 6.338280465498938018e-21 2.454878786915304045e-23
8.749471046662279405e+05 2.389160360523033417e-22 8.371568300963701234e-21 7.833098778620447369e-24 1.384670734554511301e-22 1.620860773946715327e-21 8.002323643688381312e-24
1.166760716081662104e+06 6.425985719927307032e-23 2.278184027864917707e-21 2.486158681554872928e-24 3.780219227808588567e-23 3.983229259480750425e-22 2.471043230799499816e-24
1.555900421101123560e+06 1.656988380326734789e-23 5.903088305104671708e-22 7.581088371063179775e-25 9.955036062800284469e-24 9.381245868890614932e-23 7.289843418413891203e-25
2.074826557850289159e+06 4.120605731707296107e-24 1.454322656873687328e-22 2.104809322606811042e-25 2.525172644555944341e-24 2.114797876905950785e-23 2.064045576450087891e-25
2.766825682915017474e+06 9.989281440199253888e-25 3.400562396593112003e-23 5.775382665492374848e-26 6.224874866668568950e-25 4.586017075230593881e-24 5.768370756698505165e-26
3.689621347227101214e+06 2.363034877844384858e-25 7.572701001762277259e-24 1.584900359180396891e-26 1.526365951450961074e-25 9.666126838734803853e-25 1.547287978480870081e-26
4.920189143094656989e+06 5.521150740479541138e-26 1.612033720549179934e-24 3.940825889193058103e-27 3.662388915845313901e-26 1.997785582897092098e-25 4.155317651417113702e-27
6.561177672614024952e+06 1.295191746167774949e-26 3.308550652347785254e-25 9.915617378388509578e-28 8.636788929329675395e-27 4.057705037216907509e-26 1.094496839487173923e-27
8.749471046662278473e+06 3.021022411433309252e-27 6.616896733037469606e-26 2.741999599632577335e-28 2.082822727398066120e-27 8.222091317828764516e-27 2.636192468767660742e-28
1.166760716081662104e+07 7.061939280912323511e-28 1.294687405844354139e-26 7.068329663345765236e-29 5.084675096242153555e-28 1.673475015944819524e-27 6.644327938861801879e-29
1.555900421101123467e+07 1.633565908579166625e-28 2.506656019058024946e-27 1.796672646091925572e-29 1.228515551077926863e-28 3.451967528703073169e-28 1.710988447112218836e-29
2.074826557850288972e+07 3.880428818901916664e-29 4.833779494361584102e-28 4.499784577508317046e-30 2.971597262482252555e-29 7.146000022178254028e-29 4.035227121780077498e-30
2.766825682915017009e+07 9.323146202743008405e-30 9.318378271174371312e-29 1.079707502721624874e-30 7.112874226065978573e-30 1.494197578139770049e-29 9.776649119784141820e-31
3.689621347227101028e+07 2.302034732600329428e-30 1.803972239815022922e-29 2.733412040957092338e-31 1.715810885696500290e-30 3.175368125767301991e-30 2.393816472299571939e-31
4.920189143094656616e+07 5.608351220944622161e-31 3.536725762591216368e-30 6.764487891291167960e-32 4.176330282562415852e-31 6.894500683432930622e-31 5.853188556084816227e-32
6.561177672614024580e+07 1.361518170440318039e-31 6.903489151926178851e-31 1.624972547790061656e-32 1.010295623608358634e-31 1.515711912634857285e-31 1.458512342355834946e-32
8.749471046662279963e+07 3.337430637259459233e-32 1.369336915323433099e-31 3.915369963968303549e-33 2.518583066313311227e-32 3.463438697469071414e-32 3.787830081191235075e-33
1.166760716081662029e+08 8.219922277602354633e-33 2.780747222129011019e-32 9.905604454730550247e-34 6.390714768265360372e-33 8.104308312861882021e-33 1.003678304405964665e-33
1.555900421101123393e+08 1.974980503864105619e-33 5.665059208510856684e-33 2.372383727624629528e-34 1.587950065468290125e-33 1.906424018903737792e-33 2.505782176299415763e-34
2.074826557850289047e+08 4.760212580246396102e-34 1.168021750798516857e-33 5.678945158802667560e-35 4.020745147670861759e-34 4.560141768803174136e-34 6.173036436360817076e-35
2.766825682915017605e+08 1.134158727276409180e-34 2.423871425814579499e-34 1.423028445917769469e-35 9.328755410703922965e-35 1.032631260899581909e-34 1.448969250774896275e-35
3.689621347227101326e+08 2.706578068491596146e-35 5.116472534302696949e-35 3.499663479211263397e-36 2.184027749102406112e-35 2.364093922848111038e-35 3.276787296097207464e-36
4.920189143094656467e+08 6.630285775079522998e-36 1.111647841183393522e-35 8.242108828211885064e-37 4.948059891218934255e-36 5.299718594856102263e-36 8.003927206349046894e-37
6.561177672614024878e+08 1.586361904037325842e-36 2.422064715119473920e-36 1.882667613116959838e-37 1.149862116697853012e-36 1.213339758150110238e-36 1.877125656955744359e-37
8.749471046662279367e+08 3.837352810321064423e-37 5.375122596681669658e-37 4.478834607249729037e-38 2.661058852105407464e-37 2.776006162518085653e-37 4.076761214082939443e-38
1.166760716081662178e+09 8.798454260381641101e-38 1.157062603456471882e-37 1.001839005929123922e-38 5.823688933043178865e-38 6.085367067358346281e-38 8.626911344148155619e-39
1.555900421101123333e+09 1.911663771434144363e-38 2.422776894319607143e-38 2.026565960319316893e-39 1.230639563394006689e-38 1.282958950408092502e-38 1.839406622808552708e-39
2.074826557850289106e+09 4.253979012970015540e-39 5.211018706834844662e-39 3.957141151425954927e-40 2.630596280552537849e-39 2.733304879929768838e-39 3.707939778600632996e-40
2.766825682915017128e+09 8.935536903067604133e-40 1.067914365605802415e-39 7.137066487536033806e-41 5.593632205051463769e-40 5.788188178247120606e-40 6.894480086556757579e-41
3.689621347227100849e+09 1.929490539877753096e-40 2.254798158257572578e-40 1.209299793729952512e-41 1.136504562817980077e-40 1.166227626116114132e-40 1.186251297612951790e-41
4.920189143094656944e+09 3.898822749240416738e-41 4.465076760401483330e-41 2.079645400522367211e-42 2.175914607179611130e-41 2.238170203732306059e-41 1.962323588159079154e-42
6.561177672614025116e+09 8.084773421371266279e-42 9.158491694204348185e-42 3.520630735250784066e-43 4.165090589791648102e-42 4.316930492684623347e-42 3.513417152290538616e-43
8.749471046662279129e+09 1.555375666136762422e-42 1.752772568298957252e-42 5.334662759294526119e-44 8.027266291692116495e-43 8.327333185303288771e-43 5.738496325699054304e-44
1.166760716081661987e+10 2.887382788340681102e-43 3.254249012943495730e-43 7.335630217176921296e-45 1.382812501463131337e-43 1.429180252457680772e-43 8.094815463840781103e-45
1.555900421101123428e+10 5.140891658618864744e-44 5.804841915919520786e-44 9.818766157320823283e-46 2.206320427982729908e-44 2.302862342589001177e-44 1.106637207899821012e-45
2.074826557850289154e+10 8.248378776907072908e-45 9.515342970367307268e-45 1.113120796184709681e-46 2.970919876038829810e-45 3.157056240259592195e-45 1.357911955838812590e-46
2.766825682915017319e+10 1.253222452488933868e-45 1.472906969277570616e-45 9.179458739686809867e-48 3.218828947871613760e-46 3.492715098473791955e-46 1.187325014152675866e-47
3.689621347227101135e+10 1.511239201188534197e-46 1.862228215225331986e-46 4.580718259852052095e-49 2.603750906771825535e-47 2.784457276613661726e-47 6.831919415858151406e-49
4.920189143094656372e+10 1.280465540926891965e-47 1.804339820591970289e-47 1.699749082675695567e-50 6.227832735246139763e-49 8.532326574011575436e-49 1.738849896244930521e-50
6.561177672614024353e+10 4.430717418647353399e-49 1.035104866975943028e-48 8.066273757987000478e-53 5.461279150586520336e-51 1.522920850767552815e-50 4.302824475361781449e-52
8.749471046662280273e+10 1.081202247002738773e-52 2.576157300741308747e-50 8.024556959595419454e-55 5.554549803455775462e-53 2.292583405563630365e-52 5.386584936181482931e-54
