1.166760716081661986e+00 8.516366863057477088e-04 1.581647555159686929e-03 2.638608371115318565e-10 7.302015739398072308e-04 1.582490925975495264e-03 2.920208458442923234e-10
1.555900421101123365e+00 5.754632610130764030e-04 1.079313871905675411e-03 2.643570332339471938e-10 4.902018841910786486e-04 1.077730133420761252e-03 2.865904398108233136e-10
2.074826557850288911e+00 3.793870621586441358e-04 7.143094315194937430e-04 2.471274665574769019e-10 3.199147468169389924e-04 7.138671738826536921e-04 2.595735672070092500e-10
2.766825682915017293e+00 2.423350702328599363e-04 4.568264549471057244e-04 2.034982826393551911e-10 2.018172443594129354e-04 4.572459214957030438e-04 2.073541545597787054e-10
3.689621347227101111e+00 1.493831951613716310e-04 2.815080629272037334e-04 1.645782975430264246e-10 1.225963171796555767e-04 2.821859154086087335e-04 1.618054099710242845e-10
4.920189143094656714e+00 8.873428873394108816e-05 1.666918020072279160e-04 1.327244310182987218e-10 7.156973277382477840e-05 1.674614636341437601e-04 1.271199761661235438e-10
6.561177672614024736e+00 5.068395630052277421e-05 9.464834465373752161e-05 1.031418485410611385e-10 4.008315313676733438e-05 9.539112352901032597e-05 9.800510055684697138e-11
8.749471046662279150e+00 2.775740704946137296e-05 5.138594793372193182e-05 7.525432753573922276e-11 2.150179380409172317e-05 5.204500149332462960e-05 7.074698882958379932e-11
1.166760716081661897e+01 1.453849283294643317e-05 2.663282195850165401e-05 5.041407628518573269e-11 1.104596322234845876e-05 2.716516658472859432e-05 4.746221066978862073e-11
1.555900421101123499e+01 7.284800568126338834e-06 1.324938787085571502e-05 3.310316686767028879e-11 5.450583258630169643e-06 1.358955728335912972e-05 3.146621422088528404e-11
2.074826557850288822e+01 3.513871646068421409e-06 6.408916493694110640e-06 2.142182723621706936e-11 2.603796116099316997e-06 6.562899180426880334e-06 2.060927393215365558e-11
2.766825682915017381e+01 1.652126187788674121e-06 3.049260576908936551e-06 1.355400544196122103e-11 1.218395653576693553e-06 3.094060670284564532e-06 1.310022495891119021e-11
3.689621347227100756e+01 7.666335467479619904e-07 1.438017040406857471e-06 8.107976626257360597e-12 5.645704843398396119e-07 1.439308334963499640e-06 7.903676369256868882e-12
4.920189143094656714e+01 3.533495604132725263e-07 6.721878721140401179e-07 4.518713597318933855e-12 2.603838434961619603e-07 6.650026148386048025e-07 4.446099177971861361e-12
6.561177672614024914e+01 1.618076766978350598e-07 3.118914401126134056e-07 2.459019571648576687e-12 1.194549184944027290e-07 3.057262452861381681e-07 2.449002037648809035e-12
8.749471046662279150e+01 7.340694649571723727e-08 1.439443981824806186e-07 1.315441551788179079e-12 5.434663935885060116e-08 1.397125878501984806e-07 1.320886110755551633e-12
1.166760716081661968e+02 3.289131339619621706e-08 6.592492405178565413e-08 6.917916401372278513e-13 2.443683481545680545e-08 6.335457580226065911e-08 6.981028360721842245e-13
1.555900421101123356e+02 1.450327832722046448e-08 2.992152194837185429e-08 3.565177562702337110e-13 1.081902422802089900e-08 2.844509465185719799e-08 3.608599665219468849e-13
2.074826557850288964e+02 6.269686867769025235e-09 1.343530601798319352e-08 1.800114475850611068e-13 4.696206125203804341e-09 1.261485892423321275e-08 1.831592688629929081e-13
2.766825682915017524e+02 2.647980663479805563e-09 5.958903844966829059e-09 9.175384125099880024e-14 1.990770705779665993e-09 5.513225716262811182e-09 9.176244575523899719e-14
3.689621347227101182e+02 1.089585536354324641e-09 2.610378821935514489e-09 4.647699890669571438e-14 8.218438778989278916e-10 2.369984671217213268e-09 4.560315455609467414e-14
4.920189143094656856e+02 4.361534772376674964e-10 1.129808335040198679e-09 2.315111904864805015e-14 3.299068956934128660e-10 1.001174631312365794e-09 2.256492708606902580e-14
6.561177672614023777e+02 1.697688064999562805e-10 4.832850509672780907e-10 1.129959877698254498e-14 1.286969466802554610e-10 4.157778239884696922e-10 1.112897215398149722e-14
8.749471046662279150e+02 6.428192590175236938e-11 2.044319963729186375e-10 5.454447036429412661e-15 4.879773573641109831e-11 1.698322644106068838e-10 5.398183109043674889e-15
1.166760716081661940e+03 2.370766842790949996e-11 8.564087714475253267e-11 2.598256344693263277e-15 1.800195430658918152e-11 6.833253757637783104e-11 2.626471559435050926e-15
1.555900421101123356e+03 8.534764183005928812e-12 3.558576559587934326e-11 1.234341649111533528e-15 6.474173909913511142e-12 2.712517462051113625e-11 1.285956942079128955e-15
2.074826557850288737e+03 3.008531752762365723e-12 1.467496010303969484e-11 5.898619346498650051e-16 2.277367085775151873e-12 1.064626630111050281e-11 6.255162247691885141e-16
2.766825682915017296e+03 1.042803597790025655e-12 6.023011523939551902e-12 2.815958947912386899e-16 7.868518870868951813e-13 4.138127054331066970e-12 2.973743783870324154e-16
3.689621347227101069e+03 3.575081814746503380e-13 2.465697383901521181e-12 1.334796274188547544e-16 2.684051222183806008e-13 1.596952221689831850e-12 1.384293811542266666e-16
4.920189143094656174e+03 1.220656669588318184e-13 1.008600671106878839e-12 6.340528272538262931e-17 9.093761937173212994e-14 6.141466162243441823e-13 6.453435941039891475e-17
6.561177672614025141e+03 4.175641927287922194e-14 4.125709015985139549e-13 3.033901354039977684e-17 3.077117833537578918e-14 2.361595657759849754e-13 3.007778693423685764e-17
8.749471046662278241e+03 1.437671001903025651e-14 1.686187273488025618e-13 1.430842466546454366e-17 1.044025786237441153e-14 9.085017244877194356e-14 1.403755080306568904e-17
1.166760716081662031e+04 4.993281741468121655e-15 6.879684665920634666e-14 6.633695433375886615e-18 3.559566566328573704e-15 3.491487199392158033e-14 6.495130681637724778e-18
1.555900421101123356e+04 1.747612323082544382e-15 2.795111133371378090e-14 3.027459378363462415e-18 1.219327469206338972e-15 1.338697071492850450e-14 2.983873793629557506e-18
2.074826557850289100e+04 6.143974093919162914e-16 1.123983252976651117e-14 1.375825655028253284e-18 4.187843848121239228e-16 5.102016554806457564e-15 1.363946551806403034e-18
2.766825682915017387e+04 2.160760002410809049e-16 4.445384868475989734e-15 6.192010545448716462e-19 1.437443635724432347e-16 1.921546049381484689e-15 6.166334832334551540e-19
3.689621347227100341e+04 7.564472634927205050e-17 1.726227832970406676e-15 2.769882557328107564e-19 4.912999041136160011e-17 7.122216057764181740e-16 2.747921884814353955e-19
4.920189143094656174e+04 2.625535764363601981e-17 6.547459918748897284e-16 1.223926112112299897e-19 1.666214378077380744e-17 2.581572298902934530e-16 1.221100692493764551e-19
6.561177672614024777e+04 9.009565110130427689e-18 2.419469490729910356e-16 5.276097691671649133e-20 5.598709652777469025e-18 9.103447553844676562e-17 5.340824946880790398e-20
8.749471046662278241e+04 3.045697963674453026e-18 8.706513673282164242e-17 2.229652510771126479e-20 1.858867354248591073e-18 3.121562503234009609e-17 2.269187467643814362e-20
1.166760716081661958e+05 1.013075639036931805e-18 3.044503509525039450e-17 9.273572822970620245e-21 6.092180798661329812e-19 1.038654823378960261e-17 9.343379329866037961e-21
1.555900421101123211e+05 3.313105872887545414e-19 1.035189083285823385e-17 3.807982672311756387e-21 1.965787078346423150e-19 3.342407427911354247e-18 3.718975233491300571e-21
2.074826557850289100e+05 1.062480091315994132e-19 3.433338409813247962e-18 1.506201789191242401e-21 6.228831256445003987e-20 1.039045859334456714e-18 1.464242327621040817e-21
2.766825682915017242e+05 3.334679833786458332e-20 1.106567403037263356e-18 5.636482004969506422e-22 1.937886367104937954e-20 3.111502257977378944e-19 5.661282270254894974e-22
3.689621347227101214e+05 1.025488323865957801e-20 3.450805395752822909e-19 2.009502826665781542e-22 5.911792799438361208e-21 8.966605837157483545e-20 2.086351480982547632e-22
4.920189143094656756e+05 3.076722690894067066e-21 1.049208337940124863e-19 7.216446078281103867e-23 1.761939848120875190e-21 2.497707252660410550e-20 7.247573655698589605e-23
6.561177672614024486e+05 8.922110648580391757e-22 3.102262017992973508e-20 2.473486188880854407e-23 5.091099381345145221e-22 6.687350157523675774e-21 2.454516748065708810e-23
8.749471046662279405e+05 2.486998349823579753e-22 8.844779702174555855e-21 7.832022218398641593e-24 1.426934524101595297e-22 1.709899491578556279e-21 8.001225492873220732e-24
1.166760716081662104e+06 6.674903412313861447e-23 2.407344373835607254e-21 2.485844088563675570e-24 3.884642335997420613e-23 4.200608963622914610e-22 2.470713415872306716e-24
1.555900421101123560e+06 1.717413146170756542e-23 6.238054598584866496e-22 7.580209158862086610e-25 1.020331305157863971e-23 9.888118657571713243e-23 7.288943323458608520e-25
2.074826557850289159e+06 4.260657545763731514e-24 1.536771977391306067e-22 2.104584957594131308e-25 2.582211742644833777e-24 2.227617883375216420e-23 2.063838404298218551e-25
2.766825682915017474e+06 1.029949877031019271e-24 3.592840250563712785e-23 5.774937865376094430e-26 6.351235681651866608e-25 4.826674057626426371e-24 5.767977894521036779e-26
3.689621347227101214e+06 2.429193714842427392e-25 7.999162222696257301e-24 1.584832217571565446e-26 1.553684857371842721e-25 1.016168612728069236e-24 1.547238649112577344e-26
4.920189143094656989e+06 5.657854874288273426e-26 1.702305692038002820e-24 3.940769312358202417e-27 3.720116909731209561e-26 2.097410979883438806e-25 4.155354497689754589e-27
6.561177672614024952e+06 1.322705323992536886e-26 3.492369416142751524e-25 9.916059736881206495e-28 8.755711989768938868e-27 4.253507907469827281e-26 1.094562313839855026e-27
8.749471046662278473e+06 3.075320231362138176e-27 6.980999985933685832e-26 2.742387672048043084e-28 2.106952183218842516e-27 8.599851151858267690e-27 2.636544214153018844e-28
1.166760716081662104e+07 7.168246299642132821e-28 1.365078661916087602e-26 7.070051645000171128e-29 5.133575498439733621e-28 1.745457770348223487e-27 6.645878755772622139e-29
1.555900421101123467e+07 1.654190258685883012e-28 2.641000808552114997e-27 1.797335706927674540e-29 1.238301427391023752e-28 3.590127205243141823e-28 1.711596965900370158e-29
2.074826557850288972e+07 3.920462004356583615e-29 5.087957938590420183e-28 4.502132352489153775e-30 2.991253732011479666e-29 7.406717828075170545e-29 4.037301954859154042e-30
2.766825682915017009e+07 9.401563484971244473e-30 9.796848860515075434e-29 1.080503042042628821e-30 7.153027943249590656e-30 1.543597578083195693e-29 9.783802040225088187e-31
3.689621347227101028e+07 2.317753951641830853e-30 1.893622644779294541e-29 2.736182047913276375e-31 1.724286127487638054e-30 3.268848518383358569e-30 2.396245963282475734e-31
4.920189143094656616e+07 5.640633386550290092e-31 3.706183814752076625e-30 6.773748265018518711e-32 4.195106341251599289e-31 7.071686497871398759e-31 5.861396454173123043e-32
6.561177672614024580e+07 1.368505265267379522e-31 7.219505187666125143e-31 1.628001659923378040e-32 1.014724552198520599e-31 1.549833761620048904e-31 1.461310058869067033e-32
8.749471046662279963e+07 3.353609401466436033e-32 1.428612975323714863e-31 3.925283408780983983e-33 2.530004714142224431e-32 3.530946274294319366e-32 3.797657700510691241e-33
1.166760716081662029e+08 8.260276864813716442e-33 2.893692579963640151e-32 9.939209253145957409e-34 6.422586152910953941e-33 8.240777942805049715e-33 1.007122435082721531e-33
1.555900421101123393e+08 1.985560258822859475e-33 5.880370557500309678e-33 2.383136701829607229e-34 1.597273874810491173e-33 1.935196860004498039e-33 2.517223533939121761e-34
2.074826557850289047e+08 4.789470385366340697e-34 1.209349132470689181e-33 5.713920197717383061e-35 4.048956592078592005e-34 4.624296543650138436e-34 6.210436989216965697e-35
2.766825682915017605e+08 1.142498418478538797e-34 2.503702022593165299e-34 1.434579571879522516e-35 9.409982195464612012e-35 1.047343653932156221e-34 1.460559745557995366e-35
3.689621347227101326e+08 2.730627113462678413e-35 5.274435291400590410e-35 3.537026380175408386e-36 2.207600425221814160e-35 2.399597893595736254e-35 3.312145596330162323e-36
4.920189143094656467e+08 6.700477404100382960e-36 1.143737682201061927e-35 8.357220230917031416e-37 5.014515995450271427e-36 5.387929818372984572e-36 8.116794885119453400e-37
6.561177672614024878e+08 1.606468493281243104e-36 2.488828981296822125e-36 1.917263428826263389e-37 1.168625043258759805e-36 1.235995083450606957e-36 1.910907997113142852e-37
8.749471046662279367e+08 3.894289377336972437e-37 5.519008482380293704e-37 4.583856120999183630e-38 2.712844288733446178e-37 2.834657389185179508e-37 4.171272334961683843e-38
1.166760716081662178e+09 8.951635329620871004e-38 1.188392208821819884e-37 1.031065279814673302e-38 5.957149351187680422e-38 6.231290078653267042e-38 8.881090900072059159e-39
1.555900421101123333e+09 1.951218311432581790e-38 2.492060294508455898e-38 2.100092565266723873e-39 1.263182348054165090e-38 1.317781333648879282e-38 1.906894948147940065e-39
2.074826557850289106e+09 4.354067314869894253e-39 5.366237771235901608e-39 4.131084143610133454e-40 2.709478792075167150e-39 2.816409472374126725e-39 3.871660862015638066e-40
2.766825682915017128e+09 9.176599168240359135e-40 1.102240101240481311e-39 7.508186855572468521e-41 5.780588625591326494e-40 5.982865536094766312e-40 7.255824044634435356e-41
3.689621347227100849e+09 1.987111700082794935e-40 2.331330656254943251e-40 1.282599821738429116e-41 1.177903926948163533e-40 1.208909634733212171e-40 1.257809271047708031e-41
4.920189143094656944e+09 4.027542696016855861e-41 4.627771387216295711e-41 2.221991192408850571e-42 2.261191921759191271e-41 2.326143851465866758e-41 2.097402324111275356e-42
6.561177672614025116e+09 8.372345817624907895e-42 9.509060467715500111e-42 3.784789391637253709e-43 4.337895934184768966e-42 4.496198921322611058e-42 3.779032978041652792e-43
8.749471046662279129e+09 1.614578159216751277e-42 1.823501714629962894e-42 5.764785581573894080e-44 8.373346528755121087e-43 8.686492446905111450e-43 6.203587049840074158e-44
1.166760716081661987e+10 3.003609550431199036e-43 3.391398483839558392e-43 7.964840695848966853e-45 1.444398422248911928e-43 1.492951570305471056e-43 8.790990672692099698e-45
1.555900421101123428e+10 5.355716659856414394e-44 6.057074415364691327e-44 1.069770739081285191e-45 2.307163951496588111e-44 2.408292415618900914e-44 1.206264198612040921e-45
2.074826557850289154e+10 8.603492573163196009e-45 9.939851495118068860e-45 1.216016591394081520e-46 3.109091553035860244e-45 3.304200641709532621e-45 1.483897306811204813e-46
2.766825682915017319e+10 1.308253026274421933e-45 1.539792998349007653e-45 1.004844282054773274e-47 3.370325769631373557e-46 3.657737532522133006e-46 1.300584546085554466e-47
3.689621347227101135e+10 1.578443625403268823e-46 1.948202327410754731e-46 5.025091216902964091e-49 2.728046427647996240e-47 2.918377210128972986e-47 7.501491556021868609e-49
4.920189143094656372e+10 1.338039662722857580e-47 1.889228119513774469e-47 1.868211078552383854e-50 6.533228831183927359e-49 8.958180820887418663e-49 1.919226378118030278e-50
6.561177672614024353e+10 4.631135393205507896e-49 1.085148644008622426e-48 8.976732219281557784e-53 5.757335319941756329e-51 1.606025240144939575e-50 4.775058662271824966e-52
8.749471046662280273e+10 1.138819478548708565e-52 2.703152743577479067e-50 8.935809871453272372e-55 5.861333710765738916e-53 2.422551781948995326e-52 5.983406887135555588e-54
