1.166760716081661986e+00 8.516690659032069306e-04 1.581739212221346808e-03 2.639515628246452140e-10 7.302341550672980476e-04 1.582580955929979803e-03 2.921154630827864005e-10
1.555900421101123365e+00 5.754778452433425683e-04 1.079368463838540964e-03 2.644499833511510932e-10 4.902176927939480089e-04 1.077783832743318872e-03 2.866862006424189122e-10
2.074826557850288911e+00 3.793905339555584365e-04 7.143391180341007556e-04 2.472156516396713859e-10 3.199201440826470312e-04 7.138959753648043121e-04 2.596633193978387402e-10
2.766825682915017293e+00 2.423327826851945387e-04 4.568405289960141718e-04 2.035738749868223105e-10 2.018170735739205249e-04 4.572590847768492851e-04 2.074301551349811098e-10
3.689621347227101111e+00 1.493787248444921592e-04 2.815132964469104220e-04 1.646414282907603540e-10 1.225938215669795375e-04 2.821903461506521213e-04 1.618686204735300985e-10
4.920189143094656714e+00 8.872958439842149752e-05 1.666926204976686230e-04 1.327767657535936360e-10 7.156673908963610332e-05 1.674616094053517443e-04 1.271720607831640950e-10
6.561177672614024736e+00 5.067991800743463685e-05 9.464738263553717742e-05 1.031838370716349503e-10 4.008052851314359812e-05 9.538958450444175933e-05 9.804680389309868356e-11
8.749471046662279150e+00 2.775433575055860367e-05 5.138460852700095993e-05 7.528656568018721235e-11 2.149983369859543157e-05 5.204315361805945169e-05 7.077908166519460174e-11
1.166760716081661897e+01 1.453636076225438605e-05 2.663171169407933033e-05 5.043774831953324802e-11 1.104465121031147619e-05 2.716361610866592358e-05 4.748573946355311206e-11
1.555900421101123499e+01 7.283416457486153176e-06 1.324864037752024162e-05 3.312011770930757633e-11 5.449762662747380559e-06 1.358846217603559615e-05 3.148295448075141691e-11
2.074826557850288822e+01 3.512987721462189355e-06 6.408443411387084265e-06 2.143371543251940686e-11 2.603280767183454556e-06 6.562181798947520568e-06 2.062095545321128600e-11
2.766825682915017381e+01 1.651522259137267986e-06 3.048930080415069859e-06 1.356210804491067913e-11 1.218034952636210654e-06 3.093566974163124743e-06 1.310817674307715716e-11
3.689621347227100756e+01 7.661665678135194784e-07 1.437741890350925679e-06 8.113302988929435025e-12 5.642746739463354574e-07 1.438917782257046995e-06 7.908916601751948994e-12
4.920189143094656714e+01 3.529537614080525423e-07 6.719337369675016344e-07 4.522089994623736145e-12 2.601176878490496299e-07 6.646569223415873992e-07 4.449441347088966888e-12
6.561177672614024914e+01 1.614672829442349706e-07 3.116536586772016728e-07 2.461092056163948319e-12 1.192161991020811360e-07 3.054108753089167581e-07 2.451062254504545660e-12
8.749471046662279150e+01 7.312783099286935950e-08 1.437334153163357872e-07 1.316682074963731064e-12 5.414576127982060364e-08 1.394364456445100214e-07 1.322121014434245140e-12
1.166760716081661968e+02 3.268081427998331971e-08 6.575329308376417076e-08 6.925133466091120798e-13 2.428292906504114571e-08 6.313168315371054019e-08 6.988239233445477375e-13
1.555900421101123356e+02 1.435972754793745910e-08 2.979550037672406779e-08 3.569313653292886416e-13 1.071296534520925055e-08 2.828256430077418906e-08 3.612719532985459671e-13
2.074826557850288964e+02 6.181411658033515003e-09 1.335201099300154868e-08 1.802425683635948916e-13 4.630487230041264803e-09 1.250830530414988567e-08 1.833876668057136679e-13
2.766825682915017524e+02 2.598723814461618366e-09 5.908990559032961649e-09 9.187870661748305864e-14 1.953875422273069314e-09 5.450046165943343644e-09 9.188621504981695124e-14
3.689621347227101182e+02 1.064372489552079676e-09 2.582896425392849106e-09 4.654234062249344532e-14 8.028551022136330774e-10 2.335683723532821777e-09 4.566823832477464476e-14
4.920189143094656856e+02 4.241700836505049894e-10 1.115683900428195028e-09 2.318442141480617875e-14 3.208356461793508846e-10 9.838684808565722903e-10 2.259806424809939689e-14
6.561177672614023777e+02 1.644208090150845766e-10 4.764056463585842365e-10 1.131624958974628271e-14 1.246294897603936324e-10 4.075428335080172087e-10 1.114561109673050275e-14
8.749471046662279150e+02 6.202010885454144059e-11 2.012156619303017560e-10 5.462482852495865034e-15 4.707032554355877777e-11 1.660898824081755447e-10 5.406287785151560039e-15
1.166760716081661940e+03 2.279479214136579030e-11 8.418403646749052321e-11 2.602021155438632908e-15 1.730243766197850685e-11 6.669265195065173318e-11 2.630324328367176770e-15
1.555900421101123356e+03 8.181422884929722584e-12 3.494354771863923592e-11 1.236053848959311753e-15 6.202800514299563813e-12 2.642827015183638712e-11 1.287733222406117007e-15
2.074826557850288737e+03 2.876919953816370821e-12 1.439888264718801692e-11 5.906269446498328805e-16 2.176118394327855030e-12 1.035817729293526996e-11 6.263125519493764182e-16
2.766825682915017296e+03 9.954797750029177368e-13 5.907050039072785363e-12 2.819331909926555228e-16 7.503871510518529109e-13 4.022217294617688283e-12 2.977232029460423176e-16
3.689621347227101069e+03 3.410044680925931249e-13 2.417983480317440245e-12 1.336218799958527084e-16 2.556722627091112523e-13 1.551494462550321336e-12 1.385805461511990182e-16
4.920189143094656174e+03 1.164451846888738152e-13 9.892475077139374473e-13 6.346436332104068944e-17 8.660070912144437591e-14 5.966882357941149218e-13 6.459866167038456702e-17
6.561177672614025141e+03 3.987134164398749274e-14 4.047499283221493668e-13 3.036305247859037120e-17 2.931855129478642505e-14 2.295468699618538036e-13 3.010462062303326979e-17
8.749471046662278241e+03 1.374788370643426724e-14 1.654305286982090124e-13 1.431792630514141559e-17 9.957578141333865894e-15 8.835743934639575487e-14 1.404857444787505912e-17
1.166760716081662031e+04 4.782635278992364310e-15 6.747113712737144348e-14 6.637355340261504552e-18 3.399244422454976931e-15 3.397059033826516589e-14 6.499566498273686389e-18
1.555900421101123356e+04 1.676258507697912204e-15 2.738617338765378886e-14 3.028860493929231295e-18 1.165834729766468566e-15 1.302469856816426454e-14 2.985636456101642472e-18
2.074826557850289100e+04 5.898912086260672756e-16 1.099475475803586548e-14 1.376359697524513112e-18 4.008301894934352993e-16 4.960990466093369194e-15 1.364634261220792260e-18
2.766825682915017387e+04 2.075623903614859725e-16 4.338666176728050155e-15 6.194032353956558076e-19 1.376960121977046083e-16 1.866180739964034401e-15 6.168953388690115277e-19
3.689621347227100341e+04 7.267241503612894404e-17 1.680269374383138482e-15 2.770636782333872656e-19 4.709447945860026080e-17 6.905123024996698936e-16 2.748906339572339402e-19
4.920189143094656174e+04 2.522079518275803597e-17 6.354661025904394135e-16 1.224199025701246228e-19 1.598165178612585927e-17 2.497795528022415243e-16 1.221462305454312289e-19
6.561177672614024777e+04 8.653178592957671184e-18 2.341424579909798741e-16 5.277102055344641785e-20 5.373836700114401599e-18 8.788990283557187856e-17 5.342180756308801583e-20
8.749471046662278241e+04 2.925026988208374652e-18 8.403089394747092179e-17 2.230027857983262937e-20 1.785836328424296612e-18 3.007515250001238537e-17 2.269693521854804396e-20
1.166760716081661958e+05 9.730636591281712635e-19 2.931499080808306376e-17 9.274961733390986333e-21 5.859958659821876888e-19 9.988827097994644607e-18 9.345202644750887983e-21
1.555900421101123211e+05 3.183525797264196493e-19 9.948132007393273767e-18 3.808483343784056378e-21 1.893737971241921885e-19 3.209533655201606103e-18 3.719642017853384091e-21
2.074826557850289100e+05 1.021635988791107289e-19 3.294307140373436931e-18 1.506383200882211080e-21 6.011251535354890305e-20 9.965598154657607362e-19 1.464480625968586120e-21
2.766825682915017242e+05 3.209651283656153932e-20 1.060509763778477721e-18 5.637144405533923944e-22 1.874021244254580253e-20 2.981720585996146631e-19 5.662112774780465001e-22
3.689621347227101214e+05 9.882487286110097964e-21 3.304332085211484052e-19 2.009738070925326142e-22 5.729675794711728534e-21 8.587894752966202682e-20 2.086640171715865895e-22
4.920189143094656756e+05 2.969081204209706729e-21 1.004071780178967508e-19 7.217238680403181689e-23 1.711588320834099013e-21 2.391522383077216276e-20 7.248532675160101172e-23
6.561177672614024486e+05 8.622384243210009841e-22 2.967598335219976587e-20 2.473754461049191035e-23 4.956785058199661586e-22 6.402544010658258502e-21 2.454810786472695227e-23
8.749471046662279405e+05 2.407170172562767945e-22 8.458701610680768758e-21 7.832895954676728194e-24 1.392455384248529288e-22 1.637249604530324045e-21 8.002117780794134500e-24
1.166760716081662104e+06 6.471820944566158223e-23 2.301962851847132003e-21 2.486099612096903717e-24 3.799467681771156109e-23 4.023237849459071637e-22 2.470981508061258416e-24
1.555900421101123560e+06 1.668119160373846418e-23 5.964752478175650447e-22 7.580924046268522756e-25 1.000083953954662670e-23 9.474535655003902529e-23 7.289675497790901940e-25
2.074826557850289159e+06 4.146415087352680687e-24 1.469500795810141614e-22 2.104767680909367795e-25 2.535704259983582767e-24 2.135563533121289927e-23 2.064007248281549006e-25
2.766825682915017474e+06 1.004647199852846258e-24 3.435960652391115314e-23 5.775301406654681792e-26 6.248222981639759002e-25 4.630316421910516395e-24 5.768299405617281456e-26
3.689621347227101214e+06 2.375235832515501055e-25 7.651218867509218073e-24 1.584888471202631778e-26 1.531416391842082492e-25 9.757357069958889150e-25 1.547279613386039246e-26
4.920189143094656989e+06 5.546368104764112050e-26 1.628655980038218104e-24 3.940818484747711636e-27 3.673063827003198144e-26 2.016127978566739897e-25 4.155327859983985046e-27
6.561177672614024952e+06 1.300268114037879518e-26 3.342402647981245404e-25 9.915711601743826801e-28 8.658781991035759553e-27 4.093758580333161913e-26 1.094510281076791644e-27
8.749471046662278473e+06 3.031042395946661709e-27 6.683959538092361051e-26 2.742076358471135016e-28 2.087285306006403801e-27 8.291655182039583424e-27 2.636262212343725298e-28
1.166760716081662104e+07 7.081561425281447657e-28 1.307654541816900241e-26 7.068665851480056551e-29 5.093720453746474578e-28 1.686731919152654542e-27 6.644631442840936664e-29
1.555900421101123467e+07 1.637374310565120708e-28 2.531408522001755937e-27 1.796801407170947516e-29 1.230326742355231638e-28 3.477415582549079301e-28 1.711106744672592742e-29
2.074826557850288972e+07 3.887826896851041456e-29 4.880619317574680378e-28 4.500239272772060379e-30 2.975239806594452885e-29 7.194031824988534190e-29 4.035629287570771302e-30
2.766825682915017009e+07 9.337657193340647307e-30 9.406567514143160455e-29 1.079861325758345999e-30 7.120330980759680211e-30 1.503301160479958577e-29 9.778032954842913502e-31
3.689621347227101028e+07 2.304950043367552870e-30 1.820499652120696568e-29 2.733947060617374909e-31 1.717390114538562504e-30 3.192602891742058913e-30 2.394285847239239395e-31
4.920189143094656616e+07 5.614358106532523767e-31 3.567973632392551635e-30 6.766275413788078104e-32 4.179845296151091560e-31 6.927192526516059686e-31 5.854772823128258314e-32
6.561177672614024580e+07 1.362824268746210506e-31 6.961779553115168348e-31 1.625556917479327375e-32 1.011129321572027029e-31 1.522015026229602551e-31 1.459052014190190216e-32
8.749471046662279963e+07 3.340471640511143804e-32 1.380274890264578014e-31 3.917281405065220020e-33 2.520745863942048693e-32 3.475932947093291312e-32 3.789724774710349512e-33
1.166760716081662029e+08 8.227550634816364209e-33 2.801599577423864715e-32 9.912080135465872049e-34 6.396779594988762209e-33 8.129639975983638538e-33 1.004341916921460539e-33
1.555900421101123393e+08 1.976989583453456219e-33 5.704838974881881118e-33 2.374454297917833443e-34 1.589729921508860568e-33 1.911785915124790217e-33 2.507985124944486568e-34
2.074826557850289047e+08 4.765786376310162922e-34 1.175664786546901994e-33 5.685673472763785335e-35 4.026139203164079342e-34 4.572152614783237911e-34 6.180231119832167514e-35
2.766825682915017605e+08 1.135749996241102063e-34 2.438655405183091704e-34 1.425247955754075696e-35 9.344285328059111655e-35 1.035396792641482595e-34 1.451196211925026943e-35
3.689621347227101326e+08 2.711167777135181022e-35 5.145776522135737801e-35 3.506831496919686549e-36 2.188530362120370414e-35 2.370790285220347053e-35 3.283569610496511348e-36
4.920189143094656467e+08 6.643672270338287467e-36 1.117613642201909296e-35 8.264147864690785776e-37 4.960730698807908590e-36 5.316386933236763463e-36 8.025535519555567654e-37
6.561177672614024878e+08 1.590190907515913284e-36 2.434505689537170928e-36 1.889273664292624580e-37 1.153431457746303262e-36 1.217623621277073441e-36 1.883577755797851319e-37
8.749471046662279367e+08 3.848176485254727865e-37 5.401994717525608304e-37 4.498828128987590820e-38 2.670885183190514080e-37 2.787091692827853865e-37 4.094754880565502573e-38
1.166760716081662178e+09 8.827512267742060692e-38 1.162923419177108084e-37 1.007383088055977643e-38 5.848942156483403112e-38 6.112910083339623727e-38 8.675115345566983038e-39
1.555900421101123333e+09 1.919149254268483707e-38 2.435748826960458122e-38 2.040452078453051667e-39 1.236779494408845337e-38 1.289518730876529467e-38 1.852149011234948721e-39
2.074826557850289106e+09 4.272880896166634220e-39 5.240095971777724248e-39 3.989834566400895008e-40 2.645436542886728709e-39 2.748925031340538481e-39 3.738706327342787632e-40
2.766825682915017128e+09 8.980951820006044769e-40 1.074341602603182014e-39 7.206463894928681419e-41 5.628708139051807998e-40 5.824694072292045496e-40 6.962036139424022916e-41
3.689621347227100849e+09 1.940323849210333312e-40 2.269120666980939025e-40 1.222932307779040640e-41 1.144253123930518849e-40 1.174213635587740802e-40 1.199562643969419017e-41
4.920189143094656944e+09 3.922968325060268282e-41 4.495485757093552497e-41 2.105990322350363827e-42 2.191840221800794495e-41 2.254596113002949609e-41 1.987318511456771564e-42
6.561177672614025116e+09 8.138617833171664063e-42 9.223950624386025142e-42 3.569320663381081454e-43 4.197301762844350674e-42 4.350343471318429072e-42 3.562361756627144380e-43
8.749471046662279129e+09 1.566439439530741651e-42 1.765961193777304101e-42 5.413666488131920178e-44 8.091688200618978788e-43 8.394186917662182735e-43 5.823908084187682124e-44
1.166760716081661987e+10 2.909066324163737249e-43 3.279790348032673420e-43 7.450831595269770757e-45 1.394262538861290735e-43 1.441035692382520062e-43 8.222271508984673485e-45
1.555900421101123428e+10 5.180920583974006623e-44 5.851768535748026421e-44 9.979311756118518903e-46 2.225050076124331815e-44 2.322442734943067610e-44 1.124831220052877099e-45
2.074826557850289154e+10 8.314478143916298378e-45 9.594246755410556071e-45 1.131880788858716343e-46 2.996564106035752077e-45 3.184363919562176170e-45 1.380879826789125140e-46
2.766825682915017319e+10 1.263457819606009783e-45 1.485330509693984718e-45 9.337668859126921484e-48 3.246931859135457495e-46 3.523323266034239393e-46 1.207940626867031747e-47
3.689621347227101135e+10 1.523731806783950497e-46 1.878185816680707550e-46 4.661506506701905138e-49 2.626794484694861249e-47 2.809279231128310109e-47 6.953630045920174875e-49
4.920189143094656372e+10 1.291162091618359544e-47 1.820082724096218004e-47 1.730340377518918757e-50 6.284410927487396037e-49 8.611174864115205306e-49 1.771567233645890575e-50
6.561177672614024353e+10 4.467940847569599228e-49 1.044375373836950772e-48 8.230794001247476202e-53 5.516001342328289209e-51 1.538273704874915165e-50 4.388327530485140453e-52
8.749471046662280273e+10 1.091864473022653616e-52 2.599664234057988951e-50 8.189180428668370610e-55 5.611237613973778390e-53 2.316577998262989708e-52 5.494583709138435655e-54
