1.166760716081661986e+00 8.514004254928876549e-04 1.580923350392810173e-03 2.631019191483024502e-10 7.299590278082140329e-04 1.581784689364965860e-03 2.912302567892364206e-10
1.555900421101123365e+00 5.753640334103570300e-04 1.078885482046737293e-03 2.635791422563026027e-10 4.900890603343867682e-04 1.077312993543660946e-03 2.857896614991337911e-10
2.074826557850288911e+00 3.793708921533999519e-04 7.140773948255479345e-04 2.463887965456340438e-10 3.198802613340835307e-04 7.136454513685505565e-04 2.588220318624996549e-10
2.766825682915017293e+00 2.423600800644264738e-04 4.567164087576587117e-04 2.028639038593304303e-10 2.018232377428955018e-04 4.571455684952558632e-04 2.067162090914753323e-10
3.689621347227101111e+00 1.494220983854638860e-04 2.814665457081657945e-04 1.640472242132317477e-10 1.226180515633924013e-04 2.821524981589892977e-04 1.612735663662453891e-10
4.920189143094656714e+00 8.877271258017578387e-05 1.666842334258810060e-04 1.322833115225962832e-10 7.159367339887292225e-05 1.674603562002296032e-04 1.266807855169490859e-10
6.561177672614024736e+00 5.071563238886972962e-05 9.465431642177007108e-05 1.027870242294920221e-10 4.010316575436851533e-05 9.540231745821766470e-05 9.765250834612520383e-11
8.749471046662279150e+00 2.778058476799074897e-05 5.139469612375222523e-05 7.498092798452920397e-11 2.151605274978783989e-05 5.205805948996184107e-05 7.047471337075036711e-11
1.166760716081661897e+01 1.455383257663729817e-05 2.663977391884347025e-05 5.021236584234527795e-11 1.105492501027279682e-05 2.717562219819799962e-05 4.726170756665556473e-11
1.555900421101123499e+01 7.294100207959403492e-06 1.325361712505284364e-05 3.295798104270153775e-11 5.455669886604465950e-06 1.359639001220782689e-05 3.132278189787662235e-11
2.074826557850288822e+01 3.519244689882888191e-06 6.411173817826174672e-06 2.131946978964419443e-11 2.606559309452290021e-06 6.566856396262436619e-06 2.050861586000325947e-11
2.766825682915017381e+01 1.655377133993162668e-06 3.050583283553416270e-06 1.348382500462057703e-11 1.220046287736861331e-06 3.096407335933276299e-06 1.303126573794122657e-11
3.689621347227100756e+01 7.689244066955955008e-07 1.439065306305785512e-06 8.061486393374072617e-12 5.658238735184103563e-07 1.440995460249287403e-06 7.857887683573974662e-12
4.920189143094656714e+01 3.552447118972304883e-07 6.732156795852186481e-07 4.488969632854443617e-12 2.615416477291433155e-07 6.664917223925560769e-07 4.416645464243238281e-12
6.561177672614024914e+01 1.634974416228860428e-07 3.129493356745294230e-07 2.440569268561168714e-12 1.205781794158028592e-07 3.071645940641117063e-07 2.430659842242142413e-12
8.749471046662279150e+01 7.490210823987847267e-08 1.449841771564403182e-07 1.304265966949148997e-12 5.539298162689109829e-08 1.410840843673548093e-07 1.309762576893964043e-12
1.166760716081661968e+02 3.414122782672915460e-08 6.686988003732558285e-08 6.852055043331285812e-13 2.533786492027148358e-08 6.458363123457120576e-08 6.915221068768182932e-13
1.555900421101123356e+02 1.546424521540966752e-08 3.070416758739244597e-08 3.526912246234694804e-13 1.152410219387992455e-08 2.945487515314587420e-08 3.570471852049822109e-13
2.074826557850288964e+02 6.940751075483669436e-09 1.402173030194918476e-08 1.778420473403837556e-13 5.194106108692490295e-09 1.336662555777700200e-08 1.810114779866275350e-13
2.766825682915017524e+02 3.072353027992516714e-09 6.356068129680531780e-09 9.056172910576463165e-14 2.308066190322925994e-09 6.018830532731835184e-09 9.057895232485905811e-14
3.689621347227101182e+02 1.333462548067126908e-09 2.854752561702630233e-09 4.584093904380056612e-14 1.005282280594202390e-09 2.678297623664248287e-09 4.496954606427154881e-14
4.920189143094656856e+02 5.644780109530422693e-10 1.267721583420227688e-09 2.282016633696269863e-14 4.269248982070678459e-10 1.173090007339706885e-09 2.223577904201629176e-14
6.561177672614023777e+02 2.321869306196169311e-10 5.555504869870689830e-10 1.113076651869608851e-14 1.761016392138271325e-10 5.044510001347737351e-10 1.096024575980547926e-14
8.749471046662279150e+02 9.262708052843724065e-11 2.400610133948670530e-10 5.371134983711054195e-15 7.041108267603261023e-11 2.126754910504211536e-10 5.314321304625243446e-15
1.166760716081661940e+03 3.583540026602109411e-11 1.023774931270885915e-10 2.558312318695512715e-15 2.727972483300329914e-11 8.796049218687869789e-11 2.585752462036622917e-15
1.555900421101123356e+03 1.346083038645546267e-11 4.314826239633079435e-11 1.215761338848311212e-15 1.025147292228958744e-11 3.573719619037139256e-11 1.266800806918347264e-15
2.074826557850288737e+03 4.918877970090351244e-12 1.798436972450679061e-11 5.813903180013406381e-16 3.744836246688911402e-12 1.429178447033358828e-11 6.167720912933461119e-16
2.766825682915017296e+03 1.753229220496641286e-12 7.432114309327444877e-12 2.777943356774365527e-16 1.333484400803237818e-12 5.632652350731052753e-12 2.934785666919353112e-16
3.689621347227101069e+03 6.120020577613151137e-13 3.050900847844611218e-12 1.318522141258653592e-16 4.644533160243291153e-13 2.191840127005643738e-12 1.367193825013813632e-16
4.920189143094656174e+03 2.103546218668551686e-13 1.246547668278995808e-12 6.272033493504548927e-17 1.589515194015860189e-13 8.448422040772093078e-13 6.379981466235701126e-17
6.561177672614025141e+03 7.160753151468153759e-14 5.079883594454207183e-13 3.005704919144796472e-17 5.374310757267866928e-14 3.237197389102114839e-13 2.976898631561148919e-17
8.749471046662278241e+03 2.429408444334583335e-14 2.067549348579755060e-13 1.419608784521493705e-17 1.805396436326954329e-14 1.235988751188272720e-13 1.391012535511050640e-17
1.166760716081662031e+04 8.261740083978642068e-15 8.418967808621075883e-14 6.590114812839750104e-18 6.056426307877249810e-15 4.709653405098764141e-14 6.443623457984391721e-18
1.555900421101123356e+04 2.826151887504522182e-15 3.429742153615068380e-14 3.010701723547286351e-18 2.035606879059874354e-15 1.793964076786215265e-14 2.963346755466657928e-18
2.074826557850289100e+04 9.733769633555101920e-16 1.392033075469033442e-14 1.369424361578975425e-18 6.862173825523072111e-16 6.824646695000665774e-15 1.355916341013621698e-18
2.766825682915017387e+04 3.369910357893949051e-16 5.597622103324711129e-15 6.167801639247280548e-19 2.317105402758360364e-16 2.582199577345960422e-15 6.135595087185917256e-19
3.689621347227100341e+04 1.167842277495832147e-16 2.223896356160180862e-15 2.760906521095246845e-19 7.812962002260916658e-17 9.679618013074128292e-16 2.736341240598401395e-19
4.920189143094656174e+04 4.031436886395362445e-17 8.669864558999823769e-16 1.220719115439795496e-19 2.620377350571943164e-17 3.567755511715102269e-16 1.216845766858743328e-19
6.561177672614024777e+04 1.379931901711585053e-17 3.300520551361024023e-16 5.264547923708386815e-20 8.716086151050432932e-18 1.284114753129425812e-16 5.324974787799401085e-20
8.749471046662278241e+04 4.658874017593932696e-18 1.223116707114370469e-16 2.225466471389436273e-20 2.863490326046565626e-18 4.498915966831573682e-17 2.263337805729271772e-20
1.166760716081661958e+05 1.547016184105422541e-18 4.394699716506598778e-17 9.258569115997223742e-21 9.269691610601414273e-19 1.527867078181406105e-17 9.322695296103355455e-21
1.555900421101123211e+05 5.041954151331682896e-19 1.529957128336171078e-17 3.802752762004480651e-21 2.947574719369756921e-19 5.006544146837127136e-18 3.711601299747648804e-21
2.074826557850289100e+05 1.607551189223691091e-19 5.173265285566167988e-18 1.504363036120862076e-21 9.182416224524167770e-20 1.579666593966650599e-18 1.461666714502246919e-21
2.766825682915017242e+05 5.003263276130388179e-20 1.692589974932370694e-18 5.629947366329546572e-22 2.801319600679749286e-20 4.784583604871055987e-19 5.652471065315807233e-22
3.689621347227101214e+05 1.522178540403864352e-20 5.338027278137907756e-19 2.007217471658229113e-22 8.362794959507741555e-21 1.389737433075212044e-19 2.083339862945595799e-22
4.920189143094656756e+05 4.510591235197335987e-21 1.636054957271413122e-19 7.208757936602782239e-23 2.436101066566352001e-21 3.890075803343157360e-20 7.237617330818513870e-23
6.561177672614024486e+05 1.290641586256599029e-21 4.864273661953499853e-20 2.470869691868673743e-23 6.878362325623755563e-22 1.044005201357197074e-20 2.451448244494188160e-23
8.749471046662279405e+05 3.545063056205769641e-22 1.391775174525746559e-20 7.823367676368777197e-24 1.882314436141969447e-22 2.670077663915298940e-21 7.991789621229654157e-24
1.166760716081662104e+06 9.356394595770733349e-23 3.795566938873251209e-21 2.483242206137656537e-24 4.999661646702772383e-23 6.548295072138754313e-22 2.467848792943439654e-24
1.555900421101123560e+06 2.365327454766331818e-23 9.843007784582085147e-22 7.572636292945423942e-25 1.282741023194432012e-23 1.536389122502440818e-22 7.280940993739068420e-25
2.074826557850289159e+06 5.754688896960568328e-24 2.424409437176282764e-22 2.102528679100773896e-25 3.178638183483412818e-24 3.445742545402810426e-23 2.061864413054925674e-25
2.766825682915017474e+06 1.359163466608871632e-24 5.662116890545699247e-23 5.770315331330577124e-26 7.659051872049044043e-25 7.422110036625788264e-24 5.763683490874013338e-26
3.689621347227101214e+06 3.127907725422647406e-25 1.258472085357117657e-23 1.583888000558347493e-26 1.834096182149016169e-25 1.549871152158919962e-24 1.546452190660195062e-26
4.920189143094656989e+06 7.095926497541178910e-26 2.671752494288487427e-24 3.938940901224157326e-27 4.309594910963455761e-26 3.168812065456253482e-25 4.154285418557007990e-27
6.561177672614024952e+06 1.611246969489743913e-26 5.463417559076334499e-25 9.915032252018564785e-28 9.966838768153136795e-27 6.356191999339664606e-26 1.094627682436293500e-27
8.749471046662278473e+06 3.643410573599667835e-27 1.087862856413112991e-25 2.744000760309929518e-28 2.352478828064424589e-27 1.265137704830029916e-26 2.637932183290154201e-28
1.166760716081662104e+07 8.277932474365852241e-28 2.117223097217046479e-26 7.079118092678328628e-29 5.630727538863702220e-28 2.516446969223136137e-27 6.653717924393121587e-29
1.555900421101123467e+07 1.868712849160571478e-28 4.073732385525855167e-27 1.801133311474732966e-29 1.337393523273016459e-28 5.067628033168599916e-28 1.715022829791812960e-29
2.074826557850288972e+07 4.334129576976410622e-29 7.793161462287244603e-28 4.516131231475256457e-30 3.188384177757734770e-29 1.018928972454031296e-28 4.049507233549099588e-30
2.766825682915017009e+07 1.020241852996687966e-29 1.487838364824670310e-28 1.085361710430462673e-30 7.548497838147547948e-30 2.069341084384772517e-29 9.827068182036203016e-31
3.689621347227101028e+07 2.475108997573724117e-30 2.843595720616559318e-29 2.753367239393646321e-31 1.805220473025252767e-30 4.259471831315427885e-30 2.411235652227047876e-31
4.920189143094656616e+07 5.953966314605924161e-31 5.497345482976007248e-30 6.831682764198921138e-32 4.366400218183502497e-31 8.936429348522100746e-31 5.912720262017575017e-32
6.561177672614024580e+07 1.433326256135194352e-31 1.054991621087569424e-30 1.647095816489080530e-32 1.052854294871877069e-31 1.905059128394337813e-31 1.478947673143274830e-32
8.749471046662279963e+07 3.495242765404418339e-32 2.050971998874647542e-31 3.988178681153687983e-33 2.621855855598821369e-32 4.221261976104873356e-32 3.860027994373869095e-33
1.166760716081662029e+08 8.591371807693169212e-33 4.073684578503972955e-32 1.015380777637724971e-33 6.663468470798301841e-33 9.597819049147886564e-33 1.029127147326644475e-33
1.555900421101123393e+08 2.067527915164716630e-33 8.114951810389642940e-33 2.452332684911254368e-34 1.664652658976182917e-33 2.210267678269308004e-33 2.590862308001241296e-34
2.074826557850289047e+08 5.006196882724196252e-34 1.634251945361039142e-33 5.941192563159115567e-35 4.247433330079286231e-34 5.208090765448387464e-34 6.453375449137603015e-35
2.766825682915017605e+08 1.202635730889883286e-34 3.313712430507177829e-34 1.510537982280873098e-35 9.977691961398323164e-35 1.175045551126184095e-34 1.536740452156347790e-35
3.689621347227101326e+08 2.902261618715812657e-35 6.849710595252991855e-35 3.786495252215855546e-36 2.373148608007084450e-35 2.694499362279641312e-35 3.548306007784653459e-36
4.920189143094656467e+08 7.202345756462902457e-36 1.456638868373584244e-35 9.141206232463921801e-37 5.488483687703496589e-36 6.099370139927729910e-36 8.885005654656250391e-37
6.561177672614024878e+08 1.752000393878455484e-36 3.123171153082920946e-36 2.159085379321802415e-37 1.305392303127690045e-36 1.415734776797728384e-36 2.146300683536251199e-37
8.749471046662279367e+08 4.313692125685824867e-37 6.850132861774194864e-37 5.340266126763007650e-38 3.100400326484835983e-37 3.298944681321354786e-37 4.850692233443251678e-38
1.166760716081662178e+09 1.010618437511081275e-37 1.472001587945605836e-37 1.249321488909645794e-38 6.986851091446415227e-38 7.398798378150679198e-38 1.078126216165107483e-38
1.555900421101123333e+09 2.257360713652556606e-38 3.110765302863765191e-38 2.674759398175901796e-39 1.522626950985608407e-38 1.601958915766988283e-38 2.434935385075123337e-39
2.074826557850289106e+09 5.147702298538678249e-39 6.739339923192733499e-39 5.562170814453994766e-40 3.359880092260174710e-39 3.511382329199979377e-39 5.219020422998010561e-40
2.766825682915017128e+09 1.114235288656370627e-39 1.406546547862765242e-39 1.074196112164767861e-40 7.373880238669002429e-40 7.655428686785089824e-40 1.040481367394643871e-40
3.689621347227100849e+09 2.468612354250454991e-40 3.012604891238677106e-40 1.963264844549785149e-41 1.541442861655866499e-40 1.585613685535461714e-40 1.919429894214036246e-41
4.920189143094656944e+09 5.132639259405845384e-41 6.095183309572336868e-41 3.626279977645832960e-42 3.031782600440399328e-41 3.123432840496833879e-41 3.430519855396853778e-42
6.561177672614025116e+09 1.089772251165817569e-41 1.270689836586146311e-41 6.534684134334702375e-43 5.939300541471327090e-42 6.159526459118108527e-42 6.547536012542135224e-43
8.749471046662279129e+09 2.147221659045281459e-42 2.479588589391141482e-42 1.046310890935129030e-43 1.164391119223379825e-42 1.208205569885747144e-42 1.128241798972327688e-43
1.166760716081661987e+10 4.073036644022881219e-43 4.684968929875951363e-43 1.516082417021434460e-44 2.037088763232391591e-43 2.107067493167867229e-43 1.673581959577302127e-44
1.555900421101123428e+10 7.366835005733048767e-44 8.469799161137914525e-44 2.111440104332485108e-45 3.293259765873203352e-44 3.439457586613327534e-44 2.386815317376485016e-45
2.074826557850289154e+10 1.197984342314045622e-44 1.405726782975121867e-44 2.471300437656641365e-46 4.475912351965024002e-45 4.760030841698159024e-45 3.017380699853667393e-46
2.766825682915017319e+10 1.837923643130955800e-45 2.195947872456452873e-45 2.089036473731044710e-47 4.882090484851330423e-46 5.305421520596740050e-46 2.710942563510805317e-47
3.689621347227101135e+10 2.232097043689006607e-46 2.802120537453929465e-46 1.069114847265566765e-48 3.979601126179918123e-47 4.268633796976452270e-47 1.596509577465025202e-48
4.920189143094656372e+10 1.904171801030615142e-47 2.744512287341517505e-47 4.047972356460118122e-50 9.611051448652604493e-49 1.326869502577720299e-48 4.207251606158270286e-50
6.561177672614024353e+10 6.614534953997528739e-49 1.597956015702078589e-48 2.083474999184489513e-52 8.726714635990934229e-51 2.448529330972030785e-50 1.071821513636029962e-51
8.749471046662280273e+10 1.701721035815080349e-52 4.020738733250003782e-50 2.082596520338523407e-54 8.926275966704468838e-53 3.730361245443491186e-52 1.356308376767634009e-53
