1.166760716081661986e+00 9.838559405729542170e-04 1.807388978728041154e-03 2.954150863487197197e-10 8.227636821122192570e-04 1.806086662124400380e-03 3.258668445048980133e-10
1.555900421101123365e+00 6.664987261124599412e-04 1.233437097702266621e-03 2.950999200651863298e-10 5.506235262455369235e-04 1.229930914325097794e-03 3.198448959046063132e-10
2.074826557850288911e+00 4.406518205059827302e-04 8.162725960465246847e-04 2.759259654775193874e-10 3.580490725228534861e-04 8.147047041919766195e-04 2.910157449843011069e-10
2.766825682915017293e+00 2.823388344078157702e-04 5.219045896889725747e-04 2.266499632679611772e-10 2.249410293955843147e-04 5.219316861788121219e-04 2.329716522502688402e-10
3.689621347227101111e+00 1.746069724170296316e-04 3.214489474371640446e-04 1.835725490687332906e-10 1.360162490595172660e-04 3.222433511065221634e-04 1.819267553482950272e-10
4.920189143094656714e+00 1.040503266443469957e-04 1.901818770061002972e-04 1.481921706451249903e-10 7.901680473148338553e-05 1.913793869204615298e-04 1.424985183434513969e-10
6.561177672614024736e+00 5.960775698686109373e-05 1.078513729310623821e-04 1.156509338578163564e-10 4.403519667702000812e-05 1.091360801449043103e-04 1.099101279966301643e-10
8.749471046662279150e+00 3.272414418925960618e-05 5.845193104246129408e-05 8.474824648403254216e-11 2.350839403483236684e-05 5.962665884112843098e-05 7.935483667926862401e-11
1.166760716081661897e+01 1.716829997249091734e-05 3.022162820566195304e-05 5.667639471306811080e-11 1.202268818779788696e-05 3.116638411874190649e-05 5.312280178178558794e-11
1.555900421101123499e+01 8.608114212670377554e-06 1.499239890704433389e-05 3.719498189108814328e-11 5.908705653149649475e-06 1.560681740015217861e-05 3.519772756069572998e-11
2.074826557850288822e+01 4.150692664981748020e-06 7.234737163642204899e-06 2.404492816571315034e-11 2.812915859397416244e-06 7.537755481017990807e-06 2.304418725365529235e-11
2.766825682915017381e+01 1.949638286903077421e-06 3.436537447808529837e-06 1.524151801167953935e-11 1.312593740591800418e-06 3.550483776834220461e-06 1.466300851255238429e-11
3.689621347227100756e+01 9.038532149902492209e-07 1.619121071584005477e-06 9.130293213512318114e-12 6.070239298504510995e-07 1.649325906155642289e-06 8.867643561192478275e-12
4.920189143094656714e+01 4.165646751171299763e-07 7.562979540491708505e-07 5.080625649022021539e-12 2.797400583622228808e-07 7.611650781355080846e-07 4.968261459038227440e-12
6.561177672614024914e+01 1.911055862331479077e-07 3.508329638673516005e-07 2.757300204779343040e-12 1.284916889169443103e-07 3.498632750917481265e-07 2.724616028955269803e-12
8.749471046662279150e+01 8.714745537510180633e-08 1.620966896081758855e-07 1.468335760373452294e-12 5.873055288308601899e-08 1.601413068147621593e-07 1.466949249966028338e-12
1.166760716081661968e+02 3.944408249841259460e-08 7.448172578383883648e-08 7.676372432958888225e-13 2.666508782309500752e-08 7.294728980113444287e-08 7.763012241790318596e-13
1.555900421101123356e+02 1.767510180404286557e-08 3.401831436571014248e-08 3.939593106503592002e-13 1.199412512117697172e-08 3.302657080979713780e-08 4.005800188462383105e-13
2.074826557850288964e+02 7.810989640744089264e-09 1.542062711076908904e-08 1.986039048686818510e-13 5.321320143341964965e-09 1.482883511530426774e-08 2.024614168636893983e-13
2.766825682915017524e+02 3.387555079386422483e-09 6.923371603542331844e-09 1.012169025508659491e-13 2.316099412282234688e-09 6.581738107882114592e-09 1.011655802816277736e-13
3.689621347227101182e+02 1.434670603946001579e-09 3.074727514005695800e-09 5.124145796935230001e-14 9.841325999793337132e-10 2.877253968753054870e-09 5.015751880444467230e-14
4.920189143094656856e+02 5.912156585239383350e-10 1.349714815693570812e-09 2.552074961694556733e-14 4.068109896364932873e-10 1.235442143461230407e-09 2.476729332549430850e-14
6.561177672614023777e+02 2.366060645385728769e-10 5.852467320435207854e-10 1.241934406736270273e-14 1.632740210398613781e-10 5.205173007436400703e-10 1.219174732597591703e-14
8.749471046662279150e+02 9.192235181248970167e-11 2.506676890819353699e-10 5.977463630098847469e-15 6.359038984187277027e-11 2.151815210536343323e-10 5.913646865924106307e-15
1.166760716081661940e+03 3.469710770296847460e-11 1.062134461416410957e-10 2.844572693172197352e-15 2.404960812837853791e-11 8.741934543825006953e-11 2.883738703513920982e-15
1.555900421101123356e+03 1.274675181234007446e-11 4.458225146760299335e-11 1.349406984954517555e-15 8.847229809661911359e-12 3.496831001485869388e-11 1.413973200280412042e-15
2.074826557850288737e+03 4.568917923213020778e-12 1.854500287110901498e-11 6.440436073149467905e-16 3.175046687103397989e-12 1.380375839363418605e-11 6.900353502486511425e-16
2.766825682915017296e+03 1.603065763970950213e-12 7.665423762472739004e-12 3.080068563181174722e-16 1.115584543011273163e-12 5.386851664509625568e-12 3.294324630669804744e-16
3.689621347227101069e+03 5.532829094308732680e-13 3.153651689149309851e-12 1.469209543142790882e-16 3.854553056304808709e-13 2.083351011878853783e-12 1.537459419169100101e-16
4.920189143094656174e+03 1.890367565146293767e-13 1.293937441991154086e-12 7.059177251905767706e-17 1.317010155499920404e-13 8.017977320819893869e-13 7.201146781225883550e-17
6.561177672614025141e+03 6.435321224122669834e-14 5.305570235045752008e-13 3.424956525010781389e-17 4.477041677324010463e-14 3.084081303199838102e-13 3.390459403193274170e-17
8.749471046662278241e+03 2.197123567506124640e-14 2.175137482219267986e-13 1.640548460736202798e-17 1.522946773114994281e-14 1.188335052025013803e-13 1.603266126605704827e-17
1.166760716081662031e+04 7.562648821030529379e-15 8.923780037675317649e-14 7.735325035908758215e-18 5.207691504659672535e-15 4.590785570079751437e-14 7.539342583234575007e-18
1.555900421101123356e+04 2.630589349173944829e-15 3.660761660788526552e-14 3.593883184889295091e-18 1.794315426985373544e-15 1.779918547115020697e-14 3.541386966433143104e-18
2.074826557850289100e+04 9.244202031654559469e-16 1.494263585341757040e-14 1.678326800237688655e-18 6.230505241173246412e-16 6.912738528581238255e-15 1.667567231616661732e-18
2.766825682915017387e+04 3.274252907539635601e-16 6.035436370277346904e-15 7.835281064142336488e-19 2.176667041846041278e-16 2.677948005538028404e-15 7.818212753617235267e-19
3.689621347227100341e+04 1.164342268175157590e-16 2.407982710221083828e-15 3.663714639619147463e-19 7.633281344262140691e-17 1.031057497007758774e-15 3.644646249740119345e-19
4.920189143094656174e+04 4.141878007533336378e-17 9.439892362751766154e-16 1.707179388731732843e-19 2.681163851259161018e-17 3.921326296048692792e-16 1.707564970290036203e-19
6.561177672614024777e+04 1.470386255753199388e-17 3.626002563375386309e-16 7.873006676646237271e-20 9.430756197990714156e-18 1.466661409048549188e-16 7.944906701721929819e-20
8.749471046662278241e+04 5.198147388252633525e-18 1.362976729936508786e-16 3.617323140712043798e-20 3.318952394758927045e-18 5.394237288870587311e-17 3.654046024351656297e-20
1.166760716081661958e+05 1.831518278192487241e-18 5.008608531245854159e-17 1.654168656816890442e-20 1.170237965220884796e-18 1.949138177649547604e-17 1.662326571404405523e-20
1.555900421101123211e+05 6.442261165244861995e-19 1.803897037176301530e-17 7.560628916000233921e-21 4.136966906804743463e-19 6.911844256166142095e-18 7.474790552202161713e-21
2.074826557850289100e+05 2.265060651771576344e-19 6.397210050859642763e-18 3.409262019415691080e-21 1.469158120205919551e-19 2.408791251257142950e-18 3.369695004261383243e-21
2.766825682915017242e+05 7.983590773610404496e-20 2.232451484422019783e-18 1.509034940825505840e-21 5.260870459861409758e-20 8.258973092328896463e-19 1.523125985728729696e-21
3.689621347227101214e+05 2.834779207202627721e-20 7.669481692190029689e-19 6.598394628053217515e-22 1.904318925646147144e-20 2.793482824488318808e-19 6.767977475353405833e-22
4.920189143094656756e+05 1.013794699921944578e-20 2.620221359557875596e-19 2.921778736858453310e-22 6.969712875286605542e-21 9.376885601817941889e-20 2.944402760579023380e-22
6.561177672614024486e+05 3.639957397601859613e-21 8.910208435556806015e-20 1.278902184639884005e-22 2.572568533533408333e-21 3.121496028130364664e-20 1.278758872928299812e-22
8.749471046662279405e+05 1.312156805097589030e-21 3.004198497943313715e-20 5.495878146356973504e-23 9.595494424011066001e-22 1.027958168575308946e-20 5.524685078492113848e-23
1.166760716081662104e+06 4.764663297933922275e-22 1.000632803213097712e-20 2.387087145314481657e-23 3.622231762887249485e-22 3.365348471828009511e-21 2.371544682290493667e-23
1.555900421101123560e+06 1.745687918665266041e-22 3.295841826421945346e-21 1.024943478592285554e-23 1.381449239710494372e-22 1.096362694543986616e-21 1.016904522640772433e-23
2.074826557850289159e+06 6.480105018891711952e-23 1.074268807518968265e-21 4.320054473190317836e-24 5.319796810420599049e-23 3.563052065892453049e-22 4.351006610648611035e-24
2.766825682915017474e+06 2.443326818854205198e-23 3.464346229360644056e-22 1.849677490360298612e-24 2.074981693251996043e-23 1.161149014907779060e-22 1.856490636538154069e-24
3.689621347227101214e+06 9.387641239384207765e-24 1.109319218573970487e-22 7.876641658270218325e-25 8.206386936736035931e-24 3.813633484946562991e-23 7.900125639741441582e-25
4.920189143094656989e+06 3.671662274509567112e-24 3.552650005297515073e-23 3.287926795886371683e-25 3.278766023675421682e-24 1.266268060663040611e-23 3.348818309256514006e-25
6.561177672614024952e+06 1.452636967122179808e-24 1.144340596227481502e-23 1.394962708767625168e-25 1.322769209966020415e-24 4.256629038686708184e-24 1.411067580475902373e-25
8.749471046662278473e+06 5.801945581381617461e-25 3.709495868966162720e-24 5.958711978350437683e-26 5.393834415834363596e-25 1.454640793386658605e-24 5.890121128886567310e-26
1.166760716081662104e+07 2.340547770738917385e-25 1.211917589302432189e-24 2.511390035084872375e-26 2.208599884770898463e-25 5.062754781779007586e-25 2.499687113926613143e-26
1.555900421101123467e+07 9.538201975976855323e-26 4.012208603969706013e-25 1.067013105567446722e-26 9.070393316522983942e-26 1.798387630211782392e-25 1.060885555341392300e-26
2.074826557850288972e+07 3.923799215629280934e-26 1.347114041342498691e-25 4.491524985283400434e-27 3.741416957071121063e-26 6.511634698276489332e-26 4.419661618756803360e-27
2.766825682915017009e+07 1.620575916251756105e-26 4.594954195703588711e-26 1.877035515614983868e-27 1.549137959213399500e-26 2.404018412970492745e-26 1.846782549956275880e-27
3.689621347227101028e+07 6.699993885426713004e-27 1.595512573686726973e-26 7.865116387681599986e-28 6.423347629963387518e-27 9.052410233671228265e-27 7.627750773553869423e-28
4.920189143094656616e+07 2.762587474804985894e-27 5.643395109766522519e-27 3.270234719699303915e-28 2.664620283586602809e-27 3.466917564862307132e-27 3.183994809183614110e-28
6.561177672614024580e+07 1.144502176066547813e-27 2.037105030706143891e-27 1.359473735377060146e-28 1.106125334945323844e-27 1.349472595356688789e-27 1.333215034120090988e-28
8.749471046662279963e+07 4.744033202943002667e-28 7.506253299290733786e-28 5.643303573772919915e-29 4.610376024256271931e-28 5.339997432137895941e-28 5.630699404701209016e-29
1.166760716081662029e+08 1.955735898887068270e-28 2.810215822525048898e-28 2.372818680799447113e-29 1.913222808641163270e-28 2.126990484687103667e-28 2.368130466113052294e-29
1.555900421101123393e+08 8.006485038221095806e-29 1.063835931289236734e-28 9.743547491533472644e-30 7.858018695167587531e-29 8.477174709920859028e-29 9.733283693518708595e-30
2.074826557850289047e+08 3.273701036070647789e-29 4.075209585696477921e-29 3.990410736183469765e-30 3.206817194854217718e-29 3.376060786385254094e-29 3.975582683464419378e-30
2.766825682915017605e+08 1.321528117334593502e-29 1.563903033449445578e-29 1.630179675016877905e-30 1.287197659783454667e-29 1.332440983566756906e-29 1.601013764210014230e-30
3.689621347227101326e+08 5.274636628784422062e-30 6.002190607449689421e-30 6.537406069609915746e-31 5.113041245893638489e-30 5.225709163368297800e-30 6.371600302229193101e-31
4.920189143094656467e+08 2.078179377625833452e-30 2.293617450484539720e-30 2.536910903164055217e-31 1.997415544549277687e-30 2.022828733842433895e-30 2.524525103874556437e-31
6.561177672614024878e+08 8.024987075344919233e-31 8.663184619598517253e-31 9.633405631996995405e-32 7.690311811230767181e-31 7.729076107528691383e-31 9.683125033903223517e-32
8.749471046662279367e+08 3.031216711736698756e-31 3.217903889318400245e-31 3.592574603669390881e-32 2.885987844703084298e-31 2.885711918975209512e-31 3.547526979309764926e-32
1.166760716081662178e+09 1.111440758951178848e-31 1.164856626463222732e-31 1.279791261780076772e-32 1.049164192087950174e-31 1.046484278258180191e-31 1.247459667621694738e-32
1.555900421101123333e+09 3.950586736991218656e-32 4.106207619939492627e-32 4.357799043174415260e-33 3.707682243376374354e-32 3.689681369096583275e-32 4.248297899299678874e-33
2.074826557850289106e+09 1.368940200722633944e-32 1.414716557511507846e-32 1.415927719921652668e-33 1.264850756984042977e-32 1.257775254315383362e-32 1.377091546386694973e-33
2.766825682915017128e+09 4.562310699391387049e-33 4.700307399162858800e-33 4.282449129038047110e-34 4.140952569960682644e-33 4.118590244162446648e-33 4.197049399082079411e-34
3.689621347227100849e+09 1.463407848299154059e-33 1.505231590974604378e-33 1.195481716916507710e-34 1.286098720585966870e-33 1.279518848359387420e-33 1.189347749082807166e-34
4.920189143094656944e+09 4.447175623086443973e-34 4.576182548171757772e-34 3.144382136847606615e-35 3.786151735045003728e-34 3.770113186478010027e-34 3.198818737301226045e-35
6.561177672614025116e+09 1.284034415221251487e-34 1.326905159539783514e-34 7.947963892274131347e-36 1.057491025715349581e-34 1.056161065352476173e-34 8.131676517728720004e-36
8.749471046662279129e+09 3.434056682891782059e-35 3.579576050640638665e-35 1.788667470599330573e-36 2.732455848042837998e-35 2.744724399676591971e-35 1.863932068028508245e-36
1.166760716081661987e+10 8.540600372829256927e-36 9.007454709115608752e-36 3.520356174902474646e-37 6.248724206957229160e-36 6.302735522461858737e-36 3.767770275823371191e-37
1.555900421101123428e+10 1.943926883112718536e-36 2.084554232807331719e-36 6.043618180750177422e-38 1.238071670304509289e-36 1.261056369847408701e-36 6.775342544699088637e-38
2.074826557850289154e+10 3.966704788132051203e-37 4.372583489516912287e-37 8.621472016447705576e-39 1.977810380855699161e-37 2.051137608997407456e-37 9.988307825538840746e-39
2.766825682915017319e+10 7.330155883034638059e-38 8.324149735274521118e-38 8.905474202385408971e-40 2.435063607925739707e-38 2.611594156153022486e-38 1.033526185452724346e-39
3.689621347227101135e+10 1.091161440487438460e-38 1.303080327601308427e-38 5.359309479429012650e-41 2.185461173000241828e-39 2.340580215870722318e-39 6.027375267393219321e-41
4.920189143094656372e+10 1.106340944217584935e-39 1.510357324629476847e-39 2.090460598239406916e-42 5.219110369707896413e-41 7.333249513217573345e-41 1.194353603702897837e-42
6.561177672614024353e+10 4.150295300318724282e-41 9.868518949624991661e-41 9.033647368560352025e-45 4.682311965784879068e-43 1.367798570392466421e-42 5.426783662019783386e-44
8.749471046662280273e+10 1.050194653661015444e-44 2.668930694983894480e-42 9.633626685654584730e-47 5.530631719572626639e-45 2.197604822009211776e-44 7.064760714780800022e-46
