1.166760716081661986e+00 9.840588133765055829e-04 1.808002548188921950e-03 2.960555808307331119e-10 8.229677566723579869e-04 1.806694165904562405e-03 3.265343094036122674e-10
1.555900421101123365e+00 6.665813053195723250e-04 1.233796691835915491e-03 2.957562189945067872e-10 5.507165492536650418e-04 1.230287558953765698e-03 3.205207224518560807e-10
2.074826557850288911e+00 4.406613144547837329e-04 8.164642467856314621e-04 2.765487733719815965e-10 3.580754972064196617e-04 8.148916618190074623e-04 2.916495342044599947e-10
2.766825682915017293e+00 2.823121641302416820e-04 5.219926181795972323e-04 2.271843558481853111e-10 2.249335412350355994e-04 5.220134255029557774e-04 2.335090562701452209e-10
3.689621347227101111e+00 1.745683490979522327e-04 3.214794623203280199e-04 1.840193345642969705e-10 1.359960430743360261e-04 3.222674031854102930e-04 1.823742326531410100e-10
4.920189143094656714e+00 1.040125905441584075e-04 1.901845224701350615e-04 1.485628924527032225e-10 7.899530243029601474e-05 1.913759983065980357e-04 1.428676375124538664e-10
6.561177672614024736e+00 5.957655665006864341e-05 1.078434769330557019e-04 1.159487676503973072e-10 4.401743240503153533e-05 1.091227072383693121e-04 1.102060385137889174e-10
8.749471046662279150e+00 3.270107230443684929e-05 5.844249472177763695e-05 8.497731347597193188e-11 2.349575204249600035e-05 5.961237746186346011e-05 7.958296165180923155e-11
1.166760716081661897e+01 1.715274717291335449e-05 3.021434699426109592e-05 5.684502339816696695e-11 1.201466398477793553e-05 3.115503008968283652e-05 5.329041999717949610e-11
1.555900421101123499e+01 8.598406275835110659e-06 1.498786363522089646e-05 3.731607707825747420e-11 5.904025314489572189e-06 1.559919325889683550e-05 3.531731520481847738e-11
2.074826557850288822e+01 4.144836859844997194e-06 7.232143594720836183e-06 2.413011267172571822e-11 2.810231417624638667e-06 7.533092363835482238e-06 2.312788088966481760e-11
2.766825682915017381e+01 1.945912668823900136e-06 3.434893911803899880e-06 1.529977307752231007e-11 1.310868087726790036e-06 3.547542565876578782e-06 1.472017311134776613e-11
3.689621347227100756e+01 9.011396776608359157e-07 1.617808353353767030e-06 9.168741761755499658e-12 6.056535830097303448e-07 1.647158615400463617e-06 8.905464478368959273e-12
4.920189143094656714e+01 4.143207665200294653e-07 7.550756012934623860e-07 5.105117547279767846e-12 2.784812446332344751e-07 7.592961945797809639e-07 4.992500654998270712e-12
6.561177672614024914e+01 1.891552215744549751e-07 3.496505293244168191e-07 2.772419128492707042e-12 1.273095001019848903e-07 3.481370293064498650e-07 2.739647264662061076e-12
8.749471046662279150e+01 8.548862739467943773e-08 1.609981868685351266e-07 1.477446978629422960e-12 5.767634168651889939e-08 1.585732115550795610e-07 1.476023619504712113e-12
1.166760716081661968e+02 3.812335944876273591e-08 7.353625078406872446e-08 7.729776315904987713e-13 2.580224554145530340e-08 7.161220320823957077e-08 7.816417307161286048e-13
1.555900421101123356e+02 1.671456086428701483e-08 3.327800587388469922e-08 3.970440030107637837e-13 1.135603595975406907e-08 3.198889333190500822e-08 4.036557768971302058e-13
2.074826557850288964e+02 7.179072804083172954e-09 1.489733628413313794e-08 2.003426992988414959e-13 4.897019428792910899e-09 1.410090007889962802e-08 2.041826134667884828e-13
2.766825682915017524e+02 3.011368093399588742e-09 6.588946521994432015e-09 1.021661674195643537e-13 2.061616186672671721e-09 6.121090483530918954e-09 1.021080387184914640e-13
3.689621347227101182e+02 1.230614791051863536e-09 2.879793513944283118e-09 5.174437116502148237e-14 8.452734219002862113e-10 2.612397435488008483e-09 5.065895505008777735e-14
4.920189143094656856e+02 4.893254701381901251e-10 1.244707275344088209e-09 2.578047509902500389e-14 3.371150025099281726e-10 1.095444680469128718e-09 2.502603491506151855e-14
6.561177672614023777e+02 1.892535743752633846e-10 5.321982717238769970e-10 1.255091294802793345e-14 1.307306547538603054e-10 4.515502767834152991e-10 1.232346556447283094e-14
8.749471046662279150e+02 7.122921804386484197e-11 2.251774893443709112e-10 6.041951663857171675e-15 4.930889461354537714e-11 1.830912641706623181e-10 5.978732839443864407e-15
1.166760716081661940e+03 2.612105549227153320e-11 9.442574018892478225e-11 2.875323362795610770e-15 1.810979537082250041e-11 7.315092652241040608e-11 2.915171599937432784e-15
1.555900421101123356e+03 9.353928492623742753e-12 3.929715627733862378e-11 1.363652880413548551e-15 6.490917579434879363e-12 2.885368813053964284e-11 1.428707934686837677e-15
2.074826557850288737e+03 3.281659625266908484e-12 1.623767450252656057e-11 6.505256925848973373e-16 2.278820158515483379e-12 1.126393289918929727e-11 6.967526073813200731e-16
2.766825682915017296e+03 1.132971490545503945e-12 6.681778517558397842e-12 3.109172661739257852e-16 7.873186822134717125e-13 4.361680859033078998e-12 3.324281238194634454e-16
3.689621347227101069e+03 3.873076989619249623e-13 2.743453728260023926e-12 1.481740722125838353e-16 2.691618874550769491e-13 1.680340959961928806e-12 1.550676873175455648e-16
4.920189143094656174e+03 1.320450628320898474e-13 1.125842618585003190e-12 7.112428315591909793e-17 9.162867903560261907e-14 6.468248751594107413e-13 7.258488482598419533e-17
6.561177672614025141e+03 4.517971710569239521e-14 4.622562614726730363e-13 3.447189292140472590e-17 3.123549256155730469e-14 2.497317547676611324e-13 3.414907905623066689e-17
8.749471046662278241e+03 1.559105223115071888e-14 1.896777237531749258e-13 1.649595817184871170e-17 1.070697087300255326e-14 9.675926555397756664e-14 1.613547981605741302e-17
1.166760716081662031e+04 5.440604155077228828e-15 7.771553297619679620e-14 7.771447877632968527e-18 3.699360977551109950e-15 3.756740724966780998e-14 7.581900907763645805e-18
1.555900421101123356e+04 1.918472370899061381e-15 3.172207790473605357e-14 3.608303619545781281e-18 1.288591119432926841e-15 1.460044285143007203e-14 3.558859086008579642e-18
2.074826557850289100e+04 6.817508649334509313e-16 1.282472139943149280e-14 1.684102395059468210e-18 4.518892270407027711e-16 5.660459699371116671e-15 1.674658396924355788e-18
2.766825682915017387e+04 2.433184857885816033e-16 5.106234029307366134e-15 7.858455685190643578e-19 1.591676395577129918e-16 2.178520624621068330e-15 7.846620916824012673e-19
3.689621347227100341e+04 8.688852751146524198e-17 2.000910874644181377e-15 3.672990643670121726e-19 5.619288449359368059e-17 8.296693335061541718e-16 3.655990775955283916e-19
4.920189143094656174e+04 3.096469451437855864e-17 7.686367976851751253e-16 1.710851961344254549e-19 1.985481467758484786e-17 3.111642189061015129e-16 1.712067975643106516e-19
6.561177672614024777e+04 1.100270752267593557e-17 2.891170585412265704e-16 7.887961216112629073e-20 7.028346247120203897e-18 1.145823739902419648e-16 7.963323992323401372e-20
8.749471046662278241e+04 3.895085036391521532e-18 1.065293546822109912e-16 3.623572373225422872e-20 2.493168098138979098e-18 4.149909269551638926e-17 3.661655964844211479e-20
1.166760716081661958e+05 1.376588500950890246e-18 3.845389490479805586e-17 1.656816115967056150e-20 8.883038870955622350e-19 1.478833733583618393e-17 1.665449139867173904e-20
1.555900421101123211e+05 4.869536153753524954e-19 1.364225819043085217e-17 7.571884897030246009e-21 3.182315583277354421e-19 5.182947115185302197e-18 7.487982594653743811e-21
2.074826557850289100e+05 1.727109016418232569e-19 4.780264995347602718e-18 3.414158433983711615e-21 1.148416051596913841e-19 1.789829817682199935e-18 3.375294335885356447e-21
2.766825682915017242e+05 6.160352286964301039e-20 1.653141416052167928e-18 1.511204017888283326e-21 4.189548509768898807e-20 6.096895712981409378e-19 1.525505958356249418e-21
3.689621347227101214e+05 2.219710666096047025e-20 5.642611454471960489e-19 6.607953669996999670e-22 1.547692760002636407e-20 2.054081946989487831e-19 6.778149585910624047e-22
4.920189143094656756e+05 8.072024023963377492e-21 1.919568192796077107e-19 2.925915750349058184e-22 5.785912790870695746e-21 6.883450141949514028e-20 2.948710341222855695e-22
6.561177672614024486e+05 2.951436403880136619e-21 6.511246799026958979e-20 1.280684607425197359e-22 2.181530407709220461e-21 2.292186859838131945e-20 1.280532389500899112e-22
8.749471046662279405e+05 1.084916988989963256e-21 2.193075819437079174e-20 5.503333484781470329e-23 8.309199677320357695e-22 7.565184523279217111e-21 5.531936837078569594e-23
1.166760716081662104e+06 4.021041384864399366e-22 7.306514685031398732e-21 2.390037850333269149e-23 3.200224512051828613e-22 2.486861262757130782e-21 2.374400139041573151e-23
1.555900421101123560e+06 1.504243319652619285e-22 2.410039146515514082e-21 1.026061746833494221e-23 1.243155964764139015e-22 8.150465839000448333e-22 1.017946518737711043e-23
2.074826557850289159e+06 5.701371104027396047e-23 7.876156634734930963e-22 4.323997953674010597e-24 4.866139456853266988e-23 2.670088882370328315e-22 4.354494639674680196e-24
2.766825682915017474e+06 2.193158441542268560e-23 2.549990072848211654e-22 1.850866029707609525e-24 1.925897822542431771e-23 8.792122345520418641e-23 1.857498915815677479e-24
3.689621347227101214e+06 8.582726747944609379e-24 8.210337693682123451e-23 7.879463069469739509e-25 7.714263661077096123e-24 2.925440738715938930e-23 7.902040240510468489e-25
4.920189143094656989e+06 3.411897814353628067e-24 2.648608344483532540e-23 3.288000858998485330e-25 3.115883743422783442e-24 9.865950026431337738e-24 3.348529410283625217e-25
6.561177672614024952e+06 1.368660532987896761e-24 8.609642572908914704e-24 1.394359428653885211e-25 1.268786012578707676e-24 3.377675588046710254e-24 1.410379759045849479e-25
8.749471046662278473e+06 5.529627183936379252e-25 2.822281266320628269e-24 5.952828067702698321e-26 5.214184122803229828e-25 1.178702547251596854e-24 5.884149706643594736e-26
1.166760716081662104e+07 2.251604156472994777e-25 9.346477465352142371e-25 2.507235529255917289e-26 2.148285146741484990e-25 4.195299374909343495e-25 2.495516200200841188e-26
1.555900421101123467e+07 9.244282812107937094e-26 3.144516688724962209e-25 1.064365527292285196e-26 8.864978766712440132e-26 1.524539184570772691e-25 1.058244027174132176e-26
2.074826557850288972e+07 3.824381422804845174e-26 1.075617239571377052e-25 4.475606423699370212e-27 3.669394870353269697e-26 5.647524967321819689e-26 4.403938651606224779e-27
2.766825682915017009e+07 1.585602321793010476e-26 3.744702970300746178e-26 1.867716600040685436e-27 1.522631009704874632e-26 2.130517432766080024e-26 1.837577674537101931e-27
3.689621347227101028e+07 6.569857670170552544e-27 1.328368514083307833e-26 7.811408600503270314e-28 6.319202229740097184e-27 8.177734029963210967e-27 7.575133665947807256e-28
4.920189143094656616e+07 2.710649367807585437e-27 4.797896200919619746e-27 3.239663813549353366e-28 2.620471798806220189e-27 3.183051244105990047e-27 3.153917653148655930e-28
6.561177672614024580e+07 1.122055829311514974e-27 1.767558483025148125e-27 1.342225495457403822e-28 1.085950542583291728e-27 1.254620687969907239e-27 1.316106677431520840e-28
8.749471046662279963e+07 4.640090679269305398e-28 6.631709571047448252e-28 5.546558443976775028e-29 4.512297641813056800e-28 5.009442704633028998e-28 5.533674915697096475e-29
1.166760716081662029e+08 1.905238522770495284e-28 2.519067383083466167e-28 2.318576183273782750e-29 1.863823828741367782e-28 2.005681159974298818e-28 2.313963728447572954e-29
1.555900421101123393e+08 7.754118649672148512e-29 9.636677511105555384e-29 9.447356804763469965e-30 7.605663574062299095e-29 8.003861168245556583e-29 9.437519789494751309e-30
2.074826557850289047e+08 3.146109050708259845e-29 3.715254466314219690e-29 3.830650611806189104e-30 3.078002061566055649e-29 3.180177970622021183e-29 3.816226762739480407e-30
2.766825682915017605e+08 1.257659113599134075e-29 1.428428439847887614e-29 1.545459963950571249e-30 1.222483960470648684e-29 1.247710747656180388e-29 1.517309811750462544e-30
3.689621347227101326e+08 4.960739443697803487e-30 5.468581522835981464e-30 6.100950775398295243e-31 4.794496700852811524e-30 4.849037249827409243e-30 5.941425932739061599e-31
4.920189143094656467e+08 1.927942562218747591e-30 2.076714738318658434e-30 2.321050101811043423e-31 1.845257284184294472e-30 1.854404191068388526e-30 2.308757032722115822e-31
6.561177672614024878e+08 7.331380166384930808e-31 7.769298835826855706e-31 8.602349482743521452e-32 6.988320968110150751e-31 6.984474818825855027e-31 8.651871031358813475e-32
8.749471046662279367e+08 2.724015642570370323e-31 2.851206879340369485e-31 3.119403821888782580e-32 2.576398084864803333e-31 2.566016080517001700e-31 3.081952916726296069e-32
1.166760716081662178e+09 9.816013767508374538e-32 1.017645722555934038e-31 1.075580243861286731e-32 9.193443660446501343e-32 9.145814819227758407e-32 1.048282729347907932e-32
1.555900421101123333e+09 3.428300476190977108e-32 3.533291101802131244e-32 3.530124325084236330e-33 3.189177687795936828e-32 3.168215766279121148e-32 3.440241742912978323e-33
2.074826557850289106e+09 1.168258590228264947e-32 1.199275697499654304e-32 1.103122669579680217e-33 1.068392609316389132e-32 1.061307471727376560e-32 1.072148793444725772e-33
2.766825682915017128e+09 3.830664720961139686e-33 3.925091451143526009e-33 3.204143778937374429e-34 3.438282980820865908e-33 3.417838274180270618e-33 3.136970500098954342e-34
3.689621347227100849e+09 1.211170403623301709e-33 1.240035125621957657e-33 8.584388412403866554e-35 1.051346059827188391e-33 1.045659581067373750e-33 8.530081255945346553e-35
4.920189143094656944e+09 3.632306017520283037e-34 3.722012565240716050e-34 2.170138913710897667e-35 3.052944742961611750e-34 3.039458730478507488e-34 2.205696923645849987e-35
6.561177672614025116e+09 1.037297837133614937e-34 1.067727265386433241e-34 5.300135056212008486e-36 8.432035794858341048e-35 8.420511513944747581e-35 5.416915145178314858e-36
8.749471046662279129e+09 2.747549290316000141e-35 2.852871739333873633e-35 1.158798107509723356e-36 2.159254070278658674e-35 2.168931211705474088e-35 1.205837136730369093e-36
1.166760716081661987e+10 6.784441009589561637e-36 7.126415880325411704e-36 2.223106669375239542e-37 4.900720202328086219e-36 4.942287050144928868e-36 2.376539944167111626e-37
1.555900421101123428e+10 1.536806431355435176e-36 1.640360841822191649e-36 3.739796318308020417e-38 9.647847808897624378e-37 9.824867186464202727e-37 4.186425485764310424e-38
2.074826557850289154e+10 3.123455655148565841e-37 3.424325103394261001e-37 5.247945088594882840e-39 1.533975629060840669e-37 1.590257177276946612e-37 6.073904744072864026e-39
2.766825682915017319e+10 5.757460051923103338e-38 6.495413244097870615e-38 5.355575152759522644e-40 1.881510694812713160e-38 2.016672157127512194e-38 6.197039405016592332e-40
3.689621347227101135e+10 8.554424911269825150e-39 1.012914436158875918e-38 3.181482918622832509e-41 1.681859781548846370e-39 1.798602832618992057e-39 3.559876737011726407e-41
4.920189143094656372e+10 8.652358115806103429e-40 1.167469351372221316e-39 1.226924183061998759e-42 3.987150124485750771e-41 5.580318450479762727e-41 6.734708911013966960e-43
6.561177672614024353e+10 3.240942333967440077e-41 7.560773878829755526e-41 4.952364990615719486e-45 3.473287799205482197e-43 1.015176943709655457e-42 3.039938267689657829e-44
8.749471046662280273e+10 7.873279432079860069e-45 2.032562787771562391e-42 5.270914568742417401e-47 4.096696471802687902e-45 1.614730129076240975e-44 3.933879354322735639e-46
