1.166760716081661986e+00 9.840643573644711206e-04 1.808024019151809134e-03 2.960794846493165791e-10 8.229735730486797528e-04 1.806715182424390234e-03 3.265592394226738751e-10
1.555900421101123365e+00 6.665828193198276765e-04 1.233808829148848405e-03 2.957807047740309797e-10 5.507186249791865213e-04 1.230299428635342951e-03 3.205459509325378274e-10
2.074826557850288911e+00 4.406605651151734599e-04 8.164704268881563557e-04 2.765719954458830780e-10 3.580755119702525588e-04 8.148975502815433963e-04 2.916731713179918419e-10
2.766825682915017293e+00 2.823104444602963928e-04 5.219952302016659220e-04 2.272042554023395984e-10 2.249326332697858472e-04 5.220157199846745498e-04 2.335290646665214028e-10
3.689621347227101111e+00 1.745664535438421806e-04 3.214801614047409369e-04 1.840359437566116979e-10 1.359949007499814246e-04 3.222678077484233744e-04 1.823908656525465824e-10
4.920189143094656714e+00 1.040108989295814224e-04 1.901843404340161083e-04 1.485766553093472803e-10 7.899426277894864862e-05 1.913755578010096494e-04 1.428813372602512267e-10
6.561177672614024736e+00 5.957520911835151902e-05 1.078430010904598120e-04 1.159598051127640690e-10 4.401662089176538339e-05 1.091220044928728738e-04 1.102170008660999210e-10
8.749471046662279150e+00 3.270008546128218415e-05 5.844202198835069559e-05 8.498578163978574917e-11 2.349518242806883429e-05 5.961170601583135097e-05 7.959139270840699779e-11
1.166760716081661897e+01 1.715207469011520151e-05 3.021399190985184249e-05 5.685123688166374784e-11 1.201429609543973231e-05 3.115450679147465800e-05 5.329659596591665519e-11
1.555900421101123499e+01 8.597973015306504524e-06 1.498763439991446803e-05 3.732052330903934742e-11 5.903799758184664499e-06 1.559883369470259698e-05 3.532170489881645241e-11
2.074826557850288822e+01 4.144560962634745042e-06 7.232001562576176284e-06 2.413322925104287737e-11 2.810090994997069314e-06 7.532859483981630718e-06 2.313094107204137831e-11
2.766825682915017381e+01 1.945725066478438026e-06 3.434796482452605990e-06 1.530189574319744317e-11 1.310769991895302070e-06 3.547384488397600409e-06 1.472225412072182526e-11
3.689621347227100756e+01 9.009962095094553186e-07 1.617729063911159969e-06 9.170135361003112567e-12 6.055732949360355431e-07 1.647036333513411070e-06 8.906834178310648545e-12
4.920189143094656714e+01 4.142010701222931943e-07 7.550040845610890924e-07 5.105999663991259283e-12 2.784094720338680896e-07 7.591905321478860580e-07 4.993373394656768774e-12
6.561177672614024914e+01 1.890540786424021073e-07 3.495850477172900802e-07 2.772959753150970249e-12 1.272458355147456911e-07 3.480427022527314897e-07 2.740184729413233179e-12
8.749471046662279150e+01 8.540721064234392748e-08 1.609412415750451745e-07 1.477770149035467176e-12 5.762354656703816757e-08 1.584922441591575163e-07 1.476345539670253249e-12
1.166760716081661968e+02 3.806310757511639811e-08 7.349082322792662597e-08 7.731653969657294496e-13 2.576247040741238572e-08 7.154811290798773685e-08 7.818295249876034385e-13
1.555900421101123356e+02 1.667422793038612491e-08 3.324526688213608006e-08 3.971514555192609139e-13 1.132910080813831483e-08 3.194305428204495888e-08 4.037629123050635121e-13
2.074826557850288964e+02 7.154696923245865042e-09 1.487605858213296906e-08 2.004026832701996651e-13 4.880606721313598414e-09 1.407139998463848595e-08 2.042419213048950149e-13
2.766825682915017524e+02 2.997974920376003773e-09 6.576373904710420230e-09 1.021985437887036503e-13 2.052540670101444514e-09 6.103893960303312616e-09 1.021401509052176416e-13
3.689621347227101182e+02 1.223849311623424148e-09 2.872943679021506197e-09 5.176130245330594165e-14 8.406633945453232161e-10 2.603201233183961864e-09 5.067583700898083750e-14
4.920189143094656856e+02 4.861451956713685504e-10 1.241210329896274777e-09 2.578909913598654814e-14 3.349366787567507238e-10 1.090865616739199956e-09 2.503463062878928092e-14
6.561177672614023777e+02 1.878470653401658857e-10 5.304999664753163556e-10 1.255522383396409135e-14 1.297625940791467197e-10 4.493964129442069109e-10 1.232778195038002720e-14
8.749471046662279150e+02 7.063874253642983126e-11 2.243831289677505236e-10 6.044033913977191946e-15 4.890072259159314124e-11 1.821225191994389846e-10 5.980837704708806977e-15
1.166760716081661940e+03 2.588418266614708698e-11 9.406483846566260269e-11 2.876301505933104460e-15 1.794546231747391687e-11 7.273047246998115211e-11 2.916174300589749088e-15
1.555900421101123356e+03 9.262708813140630321e-12 3.913730779395582046e-11 1.364099540621861125e-15 6.427456494839038564e-12 2.867662142024774263e-11 1.429171954072982287e-15
2.074826557850288737e+03 3.247827281021233822e-12 1.616856163351370481e-11 6.507263439996414359e-16 2.255220919060536933e-12 1.119136503285426668e-11 6.969617700056035412e-16
2.766825682915017296e+03 1.120849308637585771e-12 6.652555001689756336e-12 3.110063645155943038e-16 7.788345189189693184e-13 4.332710091394529168e-12 3.325204282571280873e-16
3.689621347227101069e+03 3.830914870061108599e-13 2.731337503628922251e-12 1.482120848666387407e-16 2.661988547729545245e-13 1.669049897500407394e-12 1.551080980567341883e-16
4.920189143094656174e+03 1.306114461997863227e-13 1.120883931752069969e-12 7.114030674031376163e-17 9.061668934106809497e-14 6.425045271912988077e-13 7.260231392178894649e-17
6.561177672614025141e+03 4.469895519217626072e-14 4.602305992055576369e-13 3.447853584119452949e-17 3.089453351961119815e-14 2.480951108778066585e-13 3.415647651831354914e-17
8.749471046662278241e+03 1.543038350292790206e-14 1.888417164070510408e-13 1.649864905429324870e-17 1.059258316125302594e-14 9.613905998342323025e-14 1.613858190919681667e-17
1.166760716081662031e+04 5.386544998315276354e-15 7.736332947017631958e-14 7.772518303413474528e-18 3.660842083477270631e-15 3.732985401691555525e-14 7.583181161078377080e-18
1.555900421101123356e+04 1.900022148770230600e-15 3.157005547866037624e-14 3.608730328811257524e-18 1.275505045296166780e-15 1.450772887986099460e-14 3.559383828568303940e-18
2.074826557850289100e+04 6.753433481743718788e-16 1.275800551765398292e-14 1.684273428809565001e-18 4.473971106080236740e-16 5.623545290362906486e-15 1.674871189066935590e-18
2.766825682915017387e+04 2.410586840523594954e-16 5.076874413584658889e-15 7.859144627098852274e-19 1.576125435674131606e-16 2.163625572127165033e-15 7.847472412373635887e-19
3.689621347227100341e+04 8.608400220366139806e-17 1.988129962992999639e-15 3.673268649282782772e-19 5.565207382471032771e-17 8.236395359069457835e-16 3.656331580802629804e-19
4.920189143094656174e+04 3.067761414554770597e-17 7.632055055395472848e-16 1.710963467671145473e-19 1.966669957595251379e-17 3.087487743714875097e-16 1.712203971583583330e-19
6.561177672614024777e+04 1.090064596318744173e-17 2.868809101308322097e-16 7.888423325120208682e-20 6.963099760339240193e-18 1.136341108060209068e-16 7.963885895416141872e-20
8.749471046662278241e+04 3.859111798059942972e-18 1.056402593369443929e-16 3.623769435785086252e-20 2.470683828127519597e-18 4.113572628604911962e-17 3.661891130253561901e-20
1.166760716081661958e+05 1.364035285682921799e-18 3.811255690944111262e-17 1.656901118785944026e-20 8.806155088203611520e-19 1.465270852672224286e-17 1.665547180481621124e-20
1.555900421101123211e+05 4.826179816549693641e-19 1.351520825612980798e-17 7.572251877219827369e-21 3.156248240562599057e-19 5.133662749310239712e-18 7.488403520511216147e-21
2.074826557850289100e+05 1.712290863494419166e-19 4.734122073859682373e-18 3.414319675063953413e-21 1.139644340824048223e-19 1.772357578753358751e-18 3.375475066552319748e-21
2.766825682915017242e+05 6.110147044627885526e-20 1.636769167363286883e-18 1.511275863644310573e-21 4.160187528691057680e-20 6.036336643265037368e-19 1.525583263156543345e-21
3.689621347227101214e+05 2.202768464918552116e-20 5.585742059516213782e-19 6.608269894611263862e-22 1.537891697494313153e-20 2.033490094459402164e-19 6.778480498939422399e-22
4.920189143094656756e+05 8.015060857104066267e-21 1.900010092891995402e-19 2.926051455383674712e-22 5.753264838184385447e-21 6.814287518030016788e-20 2.948849686853618798e-22
6.561177672614024486e+05 2.932419078946686057e-21 6.444517377896843962e-20 1.280742362812665927e-22 2.170699608103332508e-21 2.269244494654423206e-20 1.280589126932816663e-22
8.749471046662279405e+05 1.078625068369448774e-21 2.170564492402125398e-20 5.503570895192876014e-23 8.273392679458688547e-22 7.490213205021652259e-21 5.532165098158411109e-23
1.166760716081662104e+06 4.000387589801609172e-22 7.231682197628067452e-21 2.390129518970723253e-23 3.188411717830472272e-22 2.462616475950063209e-21 2.374488097299679879e-23
1.555900421101123560e+06 1.497513464674013965e-22 2.385500467160519606e-21 1.026095285392996634e-23 1.239262951420423007e-22 8.072842777236984702e-22 1.017977442641484743e-23
2.074826557850289159e+06 5.679585200821390586e-23 7.796749267877457127e-22 4.324109472894975892e-24 4.853301874731996041e-23 2.645444736616107898e-22 4.354591043052618442e-24
2.766825682915017474e+06 2.186135139767822889e-23 2.524652135046041210e-22 1.850895385600805707e-24 1.921660653390494501e-23 8.714276206801506311e-23 1.857522550626561226e-24
3.689621347227101214e+06 8.560058087487984193e-24 8.130401408126525780e-23 7.879504994977220520e-25 7.700231060958856852e-24 2.900901059297103382e-23 7.902054355175473643e-25
4.920189143094656989e+06 3.404561177920044379e-24 2.623519860720842204e-23 3.287977142698247515e-25 3.111227488958250005e-24 9.788620164765949659e-24 3.348494528952564978e-25
6.561177672614024952e+06 1.366281347566899647e-24 8.530919568903880668e-24 1.394326057480436758e-25 1.267238386537264915e-24 3.353349720096750507e-24 1.410343867820942475e-25
8.749471046662278473e+06 5.521877781388719128e-25 2.797604263854758500e-24 5.952563648564401986e-26 5.209008623636630357e-25 1.171056793009762351e-24 5.883883399272567040e-26
1.166760716081662104e+07 2.249054236758220148e-25 9.269248240732966802e-25 2.507061093437382135e-26 2.146531510492065159e-25 4.171224497128272020e-25 2.495341331501052297e-26
1.555900421101123467e+07 9.235747350701538486e-26 3.120306970984598637e-25 1.064257818218618049e-26 8.858907676756672128e-26 1.516920537850920172e-25 1.058136617510747356e-26
2.074826557850288972e+07 3.821432947767772296e-26 1.068025766207901086e-25 4.474969067937707122e-27 3.667209700500691549e-26 5.623394477930945954e-26 4.403308988227092982e-27
2.766825682915017009e+07 1.584532327176327862e-26 3.720860277766790411e-26 1.867346888737685605e-27 1.521796772715319816e-26 2.122834215923827706e-26 1.837212458680968090e-27
3.689621347227101028e+07 6.565712177448361929e-27 1.320846673868535619e-26 7.809290258482866769e-28 6.315777352796762374e-27 8.152927010035576133e-27 7.573058921684234011e-28
4.920189143094656616e+07 2.708918726745653974e-27 4.773945462374405183e-27 3.238463550337500085e-28 2.618954353632271218e-27 3.174878108157794315e-27 3.152737350917743740e-28
6.561177672614024580e+07 1.121275642314635857e-27 1.759852000009240490e-27 1.341551193194615500e-28 1.085230949439351885e-27 1.251827394367953507e-27 1.315438108427523503e-28
8.749471046662279963e+07 4.636358437554721615e-28 6.606358608239137697e-28 5.542794210683802779e-29 4.508708065440152704e-28 4.999401590391161682e-28 5.529901199577184257e-29
1.166760716081662029e+08 1.903388094385817404e-28 2.510462179711369691e-28 2.316477865055954396e-29 1.861990462896287237e-28 2.001856158069478374e-28 2.311869008526069089e-29
1.555900421101123393e+08 7.744785381320284688e-29 9.606312588180393784e-29 9.435982031203376609e-30 7.596257538922151805e-29 7.988359923246472329e-29 9.426165811892463796e-30
2.074826557850289047e+08 3.141388086547147445e-29 3.704017835801179778e-29 3.824570429251419462e-30 3.073214909534165965e-29 3.173554984262467527e-29 3.810165438810791967e-30
2.766825682915017605e+08 1.255310632456225724e-29 1.424076211521906828e-29 1.542271541591057739e-30 1.220099476758900317e-29 1.244785112368448693e-29 1.514161909247462765e-30
3.689621347227101326e+08 4.949324686975408563e-30 5.451039790523679192e-30 6.084748786352054035e-31 4.782907269938950690e-30 4.835907762964290806e-30 5.925470275662541207e-31
4.920189143094656467e+08 1.922558143111408571e-30 2.069480559169939965e-30 2.313170230811966515e-31 1.839808638613929118e-30 1.848537968706753989e-30 2.300882846841905872e-31
6.561177672614024878e+08 7.306938783450000223e-31 7.739333165770253373e-31 8.565452806866514287e-32 6.963631262323177715e-31 6.958748874436667313e-31 8.614952286673941199e-32
8.749471046662279367e+08 2.713386391078170818e-31 2.838947082354584134e-31 3.102853198268508831e-32 2.565718019200233807e-31 2.555112686881845262e-31 3.065663493537623594e-32
1.166760716081662178e+09 9.771925611806497141e-32 1.012763928378612757e-31 1.068625640887773742e-32 9.149547547251960017e-32 9.101537327675800844e-32 1.041500261681171777e-32
1.555900421101123333e+09 3.410891825311744308e-32 3.514508131510953212e-32 3.502772433887278212e-33 3.171989442009022284e-32 3.151008303354725943e-32 3.413545098947062599e-33
2.074826557850289106e+09 1.161685948045604912e-32 1.192302274843752568e-32 1.093113203251156469e-33 1.062004261978804127e-32 1.054936571108141434e-32 1.062395725549796394e-33
2.766825682915017128e+09 3.807096452469320549e-33 3.900335247915045397e-33 3.170790559757993809e-34 3.415844363700104519e-33 3.395496651401208967e-33 3.104204443676123687e-34
3.689621347227100849e+09 1.203165349946845338e-33 1.231675161478324328e-33 8.483711110580252971e-35 1.043972917293966613e-33 1.038321124847358115e-33 8.429682918779406196e-35
4.920189143094656944e+09 3.606792879748224898e-34 3.695418204494702925e-34 2.142001010437089440e-35 3.030254513153973251e-34 3.016859096074744524e-34 2.177026132674702646e-35
6.561177672614025116e+09 1.029661167003646625e-34 1.059745152296752986e-34 5.225875258203532347e-36 8.366544511171303648e-35 8.355091745672210037e-35 5.340819845296091389e-36
8.749471046662279129e+09 2.726517517521106502e-35 2.830712992513494956e-35 1.141573798568999497e-36 2.141916409160722835e-35 2.151516063475234812e-35 1.187856762594362437e-36
1.166760716081661987e+10 6.731059520257259114e-36 7.069514345837862940e-36 2.188430861201602831e-37 4.860312254932345099e-36 4.901511362854323458e-36 2.339373382423215987e-37
1.555900421101123428e+10 1.524499739964124380e-36 1.627007271874059945e-36 3.679337924479168850e-38 9.566558400246030490e-37 9.742016381843478903e-37 4.118531253744703541e-38
2.074826557850289154e+10 3.098086698239632414e-37 3.395981155118410534e-37 5.160744421519219498e-39 1.520850691114144457e-37 1.576631519867395903e-37 5.972710827099558306e-39
2.766825682915017319e+10 5.710308340580640404e-38 6.441011254044314229e-38 5.264836984975731194e-40 1.865218198131077330e-38 1.999169585833594093e-38 6.091331475884218686e-40
3.689621347227101135e+10 8.483985415971515032e-39 1.004329549917996128e-38 3.126451940378431667e-41 1.667107221536225111e-39 1.782743651487550584e-39 3.497481201944556104e-41
4.920189143094656372e+10 8.580612478354545983e-40 1.157400251067921880e-39 1.205299844412782285e-42 3.951195222812088709e-41 5.529338362714623108e-41 6.605085632626092915e-43
6.561177672614024353e+10 3.213951520600766234e-41 7.493692391508548412e-41 4.853037822025250027e-45 3.438389360621892322e-43 1.005044480748876955e-42 2.980720271751219822e-44
8.749471046662280273e+10 7.796450064749236374e-45 2.014190233173302134e-42 5.164872781881364097e-47 4.055293333221218741e-45 1.598007520265134996e-44 3.856582887597600518e-46
