1.166760716081661986e+00 9.840046034136867674e-04 1.807829908545735770e-03 2.958726263847452118e-10 8.229128491405563427e-04 1.806523782420582083e-03 3.263435473939210821e-10
1.555900421101123365e+00 6.665597315929064261e-04 1.233695456904263703e-03 2.955687924639928709e-10 5.506918774978565665e-04 1.230187272600231224e-03 3.203276443261036303e-10
2.074826557850288911e+00 4.406597792940999373e-04 8.164104168828924084e-04 2.763709876486629185e-10 3.580690774518843463e-04 8.148391482099574725e-04 2.914685834453843297e-10
2.766825682915017293e+00 2.823205534716111739e-04 5.219681449374578017e-04 2.270319471543948992e-10 2.249364204033060691e-04 5.219906885016593933e-04 2.333558055444321694e-10
3.689621347227101111e+00 1.745799555984938183e-04 3.214713054291357987e-04 1.838920609316213910e-10 1.360023559209495088e-04 3.222610292165657003e-04 1.822467721853409461e-10
4.920189143094656714e+00 1.040238508934579508e-04 1.901842605306828366e-04 1.484573868974838305e-10 7.900187806905935490e-05 1.913774151790733930e-04 1.427626074855514968e-10
6.561177672614024736e+00 5.958590091821704203e-05 1.078461700883515221e-04 1.158641102670646008e-10 4.402287233675200725e-05 1.091269499947196072e-04 1.101219481955757311e-10
8.749471046662279150e+00 3.270805599041330729e-05 5.844556841236814521e-05 8.491231455239194855e-11 2.349967500680290406e-05 5.961685196035018826e-05 7.951824215902338562e-11
1.166760716081661897e+01 1.715754199850620779e-05 3.021674306894392404e-05 5.679728374597194489e-11 1.201722008917516497e-05 3.115863168053811311e-05 5.324296792085244702e-11
1.555900421101123499e+01 8.601487978304226230e-06 1.498941742285709305e-05 3.728187940382579952e-11 5.905584598634797912e-06 1.560168528310034136e-05 3.528354950893982268e-11
2.074826557850288822e+01 4.146778280012228436e-06 7.233095154297146186e-06 2.410611645977892299e-11 2.811187355993797766e-06 7.534694322706673223e-06 2.310431451770165774e-11
2.766825682915017381e+01 1.947213594521359094e-06 3.435539035290626121e-06 1.528340973752401616e-11 1.311525629444172184e-06 3.548615748510404428e-06 1.470412634257056483e-11
3.689621347227100756e+01 9.021250061240581214e-07 1.618334088133893482e-06 9.157981849869391471e-12 6.061904149349431849e-07 1.647982583949882828e-06 8.894886344115564138e-12
4.920189143094656714e+01 4.151439366134916512e-07 7.555553773966918229e-07 5.098293937907467968e-12 2.789665727061214148e-07 7.600105828142081782e-07 4.985748907538101372e-12
6.561177672614024914e+01 1.898590594905936829e-07 3.500976576681120759e-07 2.768228205020162753e-12 1.277483830124902418e-07 3.487829936080519002e-07 2.735480771811785825e-12
8.749471046662279150e+01 8.606631398754284399e-08 1.613955472351330599e-07 1.474935767108297662e-12 5.804910958035653277e-08 1.591386384275457202e-07 1.473522276114703289e-12
1.166760716081661968e+02 3.856127828975147511e-08 7.386118208798020105e-08 7.715148313472817445e-13 2.609062645373963991e-08 7.207073106689299854e-08 7.801787818724255592e-13
1.555900421101123356e+02 1.701533294361172706e-08 3.351833980566178847e-08 3.962046088816996065e-13 1.155665399931049474e-08 3.232556902745019973e-08 4.028188546361962120e-13
2.074826557850288964e+02 7.365414037816454021e-09 1.505747301002191086e-08 1.998728007068792350e-13 5.022405351517263892e-09 1.432321517397495179e-08 2.037178489400714781e-13
2.766825682915017524e+02 3.116052719267246114e-09 6.685667094029755313e-09 1.019117041068039796e-13 2.132522634058440416e-09 6.253716585555044165e-09 1.018555747720406578e-13
3.689621347227101182e+02 1.284501309347198887e-09 2.933436913013776151e-09 5.161079942010184994e-14 8.819780426326399673e-10 2.684705959026442459e-09 5.052577355628033540e-14
4.920189143094656856e+02 5.150482902443696543e-10 1.272462132380529379e-09 2.571216921641345258e-14 3.547266698174418361e-10 1.131998381640337040e-09 2.495796500405086905e-14
6.561177672614023777e+02 2.007699579593426093e-10 5.458034279158102872e-10 1.251663990268508907e-14 1.386534978818942705e-10 4.689374157429503606e-10 1.228915107036014057e-14
8.749471046662279150e+02 7.611121332230598046e-11 2.315798230146592411e-10 6.025328621374546626e-15 5.268199973914066805e-11 1.909734568105665790e-10 5.961937578998009037e-15
1.166760716081661940e+03 2.809489207418297259e-11 9.734597457577387156e-11 2.867482004361903665e-15 1.947848603329978271e-11 7.659084299943095723e-11 2.907140383524388416e-15
1.555900421101123356e+03 1.011899650880519262e-11 4.059428128518260879e-11 1.360058038484566069e-15 7.022898020495907421e-12 3.030820358622950439e-11 1.424978229878566358e-15
2.074826557850288737e+03 3.566973404624703030e-12 1.679989965868296148e-11 6.489052059109645459e-16 2.477723118864970079e-12 1.186198071900331086e-11 6.950663131794985001e-16
2.766825682915017296e+03 1.235666878583980065e-12 6.920026463091972054e-12 3.101955573103775134e-16 8.591437959128097014e-13 4.601096130452703551e-12 3.316818931454473260e-16
3.689621347227101069e+03 4.231502094358038224e-13 2.842375528746923089e-12 1.478654274011687789e-16 2.943282163414922940e-13 1.773850648195606600e-12 1.547403330072803235e-16
4.920189143094656174e+03 1.442571646939120051e-13 1.166329515326346967e-12 7.099390593102793385e-17 1.002394019336832573e-13 6.826432923669174534e-13 7.244348869429402042e-17
6.561177672614025141e+03 4.927601274388276794e-14 4.787644981797168093e-13 3.441774225890077422e-17 3.413697863348703325e-14 2.632937051300786346e-13 3.408899625943844811e-17
8.749471046662278241e+03 1.695767450473579715e-14 1.964650847313821232e-13 1.647399780949798437e-17 1.167892970279764697e-14 1.018865182855628553e-13 1.611026574264562143e-17
1.166760716081662031e+04 5.898829288022913981e-15 8.056110075930901795e-14 7.762704486610977813e-18 4.025753528985019753e-15 3.952357029296702988e-14 7.571486710588908266e-18
1.555900421101123356e+04 2.074145431628843965e-15 3.294481367790050105e-14 3.604817445385732996e-18 1.399094759442917426e-15 1.536035927350807423e-14 3.554588832659988811e-18
2.074826557850289100e+04 7.355550838705539827e-16 1.335993390788275908e-14 1.682705697153767109e-18 4.896906277166926566e-16 5.961780212376716005e-15 1.672926503927207793e-18
2.766825682915017387e+04 2.622162284541058057e-16 5.341781474077404619e-15 7.852837367131259392e-19 1.722151961347664215e-16 2.299808583652074210e-15 7.839689682540365522e-19
3.689621347227100341e+04 9.359694938164170534e-17 2.103709981641604579e-15 3.670729372667317747e-19 6.072052661591578837e-17 8.787560406279211794e-16 3.653219008602622166e-19
4.920189143094656174e+04 3.335463550170337572e-17 8.125084699299995821e-16 1.709948555662591320e-19 2.142753912086963038e-17 3.308601450879843090e-16 1.710963894914217121e-19
6.561177672614024777e+04 1.185188080817225699e-17 3.072722673221410019e-16 7.884236493078632783e-20 7.573417105783846400e-18 1.223375534165947213e-16 7.958776271367302775e-20
8.749471046662278241e+04 4.194416460540338811e-18 1.137852245107701287e-16 3.621993035244967268e-20 2.680931200262384136e-18 4.448116430381978371e-17 3.659759762648193451e-20
1.166760716081661958e+05 1.481083385539107727e-18 4.125273788155457117e-17 1.656138166982720572e-20 9.524951672835057437e-19 1.590524551845499340e-17 1.664662155426917751e-20
1.555900421101123211e+05 5.230591038641081757e-19 1.468822141361629778e-17 7.568969393841308452e-21 3.399908662318681879e-19 5.590058154971862445e-18 7.484618444317437191e-21
2.074826557850289100e+05 1.850547323301740024e-19 5.161372688698504935e-18 3.412880394178251569e-21 1.221611745644421422e-19 1.934526745834657293e-18 3.373854038180751612e-21
2.766825682915017242e+05 6.578632032916725392e-20 1.788698740736145039e-18 1.510635178117165837e-21 4.434421631397454335e-20 6.599417209038769937e-19 1.524890703723453464e-21
3.689621347227101214e+05 2.360854178079675550e-20 6.114333240719510235e-19 6.605447740099759350e-22 1.629374178455574241e-20 2.225202083751502243e-19 6.775515748014031552e-22
4.920189143094656756e+05 8.546453383706282143e-21 2.082007651807287091e-19 2.924837264555969332e-22 6.057741025547292897e-21 7.458774585301680044e-20 2.947598913998715247e-22
6.561177672614024486e+05 3.109751369456159242e-21 7.065951815770242984e-20 1.280223814893119460e-22 2.271602641677501330e-21 2.483156435385835745e-20 1.280078184252213069e-22
8.749471046662279405e+05 1.137260588975122257e-21 2.380310674671673590e-20 5.501429106086590253e-23 8.606574946816289190e-22 8.189481678305174305e-21 5.530100133345997954e-23
1.166760716081662104e+06 4.192718812637960731e-22 7.929116789912189875e-21 2.389296896752184882e-23 3.298183550484617204e-22 2.688788316141874421e-21 2.373687578305259900e-23
1.555900421101123560e+06 1.560129727963552850e-22 2.614225708874688383e-21 1.025787660295766218e-23 1.275391406356165626e-22 8.796990261667406960e-22 1.017693036245724643e-23
2.074826557850289159e+06 5.882112165854466464e-23 8.536902232388878051e-22 4.323069211224283756e-24 4.972297300494453375e-23 2.875339734377619565e-22 4.353685822674161928e-24
2.766825682915017474e+06 2.251373095117826121e-23 2.760805238001484291e-22 1.850609871840648622e-24 1.960898743917960838e-23 9.440393219307548761e-23 1.857288676446284525e-24
3.689621347227101214e+06 8.770472374681932967e-24 8.875309406430327314e-23 7.879009575794607779e-25 7.830088100119958012e-24 3.129764731062244576e-23 7.901811983936462198e-25
4.920189143094656989e+06 3.472615608787166676e-24 2.857267186007650329e-23 3.288126926988861370e-25 3.154291512092405918e-24 1.050969374721474338e-23 3.348745751714394731e-25
6.561177672614024952e+06 1.388333157957562866e-24 9.264194348972728111e-24 1.394591970315242928e-25 1.281541009973494788e-24 3.580130314408240712e-24 1.410632864247720221e-25
8.749471046662278473e+06 5.593617545872742241e-25 3.027394627854597212e-24 5.954756288054089183e-26 5.256772263159197116e-25 1.242314877900053695e-24 5.886095155856673095e-26
1.166760716081662104e+07 2.272610991493416824e-25 9.988153408063743443e-25 2.508528586497302711e-26 2.162672908965276217e-25 4.395507938681529005e-25 2.496812928202355101e-26
1.555900421101123467e+07 9.314316624416170976e-26 3.345572434091390940e-25 1.065170254957837181e-26 8.914532281690094600e-26 1.587851212655740146e-25 1.059046624079289234e-26
2.074826557850288972e+07 3.848416725358632055e-26 1.138623698680695170e-25 4.480387549506671812e-27 3.687087225228120208e-26 5.847825370396540402e-26 4.408661894422182886e-27
2.766825682915017009e+07 1.594242825891562956e-26 3.942421989508787017e-26 1.870496547561771000e-27 1.529311817758329017e-26 2.194177253338162479e-26 1.840323822582580300e-27
3.689621347227101028e+07 6.602937999881741544e-27 1.390668312443946628e-26 7.827361773301916577e-28 6.346283738116709502e-27 8.382671104246970497e-27 7.590759961028708001e-28
4.920189143094656616e+07 2.724284122174735221e-27 4.995904710674208087e-27 3.248714602174855845e-28 2.632324263644589794e-27 3.250259917864179028e-27 3.162819196837435430e-28
6.561177672614024580e+07 1.128132058037195059e-27 1.831090932341366003e-27 1.347316618081864182e-28 1.091515967532868646e-27 1.277433756841141416e-27 1.321155145764244004e-28
8.749471046662279963e+07 4.668912253095071981e-28 6.839829530159284867e-28 5.575020601695014490e-29 4.539878856617091564e-28 5.090698060887069098e-28 5.562212107905625537e-29
1.166760716081662029e+08 1.919457027814123034e-28 2.589302005817080967e-28 2.334470515943214342e-29 1.877865148639879828e-28 2.036303632471343488e-28 2.329832472593936095e-29
1.555900421101123393e+08 7.825697084964714462e-29 9.882678403196789986e-29 9.533714040367872159e-30 7.677657662065419343e-29 8.126667344985083141e-29 9.523730117037319840e-30
2.074826557850289047e+08 3.182331071880697450e-29 3.805531403641854411e-29 3.876941027636774888e-30 3.114692238694050197e-29 3.232210223977396388e-29 3.862382220736514673e-30
2.766825682915017605e+08 1.275718703435009777e-29 1.463122380583127192e-29 1.569818550894234750e-30 1.240811746283166305e-29 1.270578560287783118e-29 1.541364577255629184e-30
3.689621347227101326e+08 5.048830195048085904e-30 5.607589810447245456e-30 6.225252921246422964e-31 4.883931218784400387e-30 4.951473254751391484e-30 6.063871409994015994e-31
4.920189143094656467e+08 1.969681016774140787e-30 2.133848122352434908e-30 2.381815626423305401e-31 1.887507409766027839e-30 1.900214002171976992e-30 2.369484897538377819e-31
6.561177672614024878e+08 7.521800282928145045e-31 8.005772344061377475e-31 8.888602128032886231e-32 7.180796068986588392e-31 7.185933443835395973e-31 8.938262152468467314e-32
8.749471046662279367e+08 2.807269238506236129e-31 2.948077160852496003e-31 3.248691103907193389e-32 2.660127730067224147e-31 2.651742256767655436e-31 3.209191175933478667e-32
1.166760716081662178e+09 1.016319932291520279e-31 1.056320833243373092e-31 1.130340183415107687e-32 9.539561764405088226e-32 9.495571369703367991e-32 1.101690374833292944e-32
1.555900421101123333e+09 3.566109510068278874e-32 3.682603946426046191e-32 3.747397368975843491e-33 3.325464938492784150e-32 3.304808784625657952e-32 3.652332388980082651e-33
2.074826557850289106e+09 1.220542862202309805e-32 1.254913696634417520e-32 1.183374123220693012e-33 1.119317986436899223e-32 1.112127866352071588e-32 1.150358146441175271e-33
2.766825682915017128e+09 4.019002746669102953e-33 4.123357679757293978e-33 3.474121407733026346e-34 3.618044596358099382e-33 3.596890126684117810e-33 3.402257854827128957e-34
3.689621347227100849e+09 1.275398773822159136e-33 1.307226040785898270e-33 9.407174225920634504e-35 1.110678649924425431e-33 1.104725369381194988e-33 9.350775704534909055e-35
4.920189143094656944e+09 3.837754063256464715e-34 3.936475321093276222e-34 2.402184446530152625e-35 3.236252441443310712e-34 3.222056501931314789e-34 2.442175583022334119e-35
6.561177672614025116e+09 1.098980312546331727e-34 1.132282508755157856e-34 5.917267476241034685e-36 8.962834690251336062e-35 8.950765526765802344e-35 6.049427229070084886e-36
8.749471046662279129e+09 2.917879272220320336e-35 3.032547900826343049e-35 1.302868119387126566e-36 2.300143462933743185e-35 2.310452774792523353e-35 1.356274427314802613e-36
1.166760716081661987e+10 7.217627149226920235e-36 7.588745991028424003e-36 2.514808388199348780e-37 5.229818791375974923e-36 5.274396146165159235e-36 2.689261438423808479e-37
1.555900421101123428e+10 1.636811218821481836e-36 1.749027330820001609e-36 4.250692095951029700e-38 1.031115973603462519e-36 1.050095490044703049e-36 4.760304449395249669e-38
2.074826557850289154e+10 3.329844374574790747e-37 3.655301703242777947e-37 5.987517240922030698e-39 1.641225121177388258e-37 1.701608443180842802e-37 6.932253853785995765e-39
2.766825682915017319e+10 6.141361964789964935e-38 6.939233883221707970e-38 6.127210847222159057e-40 2.014794540326650383e-38 2.159876914790732927e-38 7.096366423115755286e-40
3.689621347227101135e+10 9.128323962205275968e-39 1.083038922007648299e-38 3.650775178067752675e-41 1.802687234200007661e-39 1.928540766193715668e-39 4.092256516319902138e-41
4.920189143094656372e+10 9.237423306537075194e-40 1.249862762845568222e-39 1.411762586344812136e-42 4.282075031205470427e-41 5.998914641509051773e-41 7.848333565825281368e-43
6.561177672614024353e+10 3.461165501981325125e-41 8.111088658699450001e-41 5.810485056180022131e-45 3.761010688356316646e-43 1.098768111491963816e-42 3.549217209995864195e-44
8.749471046662280273e+10 8.504819045324309076e-45 2.183538961733882347e-42 6.187350182858373534e-47 4.438081111606201508e-45 1.752871443350961540e-44 4.599430014292225633e-46
