1.166760716081661986e+00 9.840232553625257155e-04 1.807902005966915233e-03 2.959546978189778891e-10 8.229325675682258850e-04 1.806594041243875844e-03 3.264291109819895264e-10
1.555900421101123365e+00 6.665657727288327832e-04 1.233737296905721087e-03 2.956528739918518570e-10 5.506998042351751808e-04 1.230228152764441816e-03 3.204142538875556736e-10
2.074826557850288911e+00 4.406582771237481789e-04 8.164323793786309059e-04 2.764507513495583970e-10 3.580701000159098799e-04 8.148601536755777303e-04 2.915497643685412586e-10
2.766825682915017293e+00 2.823155600537874681e-04 5.219778881803703629e-04 2.271003386254430720e-10 2.249341132820302253e-04 5.219994056533590896e-04 2.334245766822291125e-10
3.689621347227101111e+00 1.745741127039614920e-04 3.214743259168194984e-04 1.839491877761224736e-10 1.359990157706480898e-04 3.222630934921889129e-04 1.823039838639293894e-10
4.920189143094656714e+00 1.040185015283399142e-04 1.901840816158438107e-04 1.485047526127070076e-10 7.899870044372226134e-05 1.913763905851115818e-04 1.428097615442921909e-10
6.561177672614024736e+00 5.958159039377162916e-05 1.078448450002469314e-04 1.159021262518080291e-10 4.402034686455911112e-05 1.091248793685641662e-04 1.101597115188455676e-10
8.749471046662279150e+00 3.270489274024812430e-05 5.844415834720134316e-05 8.494151337875711730e-11 2.349789642920673577e-05 5.961478992173703881e-05 7.954731664287908609e-11
1.166760716081661897e+01 1.715539994896994963e-05 3.021567322077969899e-05 5.681873972044879343e-11 1.201608197358194781e-05 3.115701355539010034e-05 5.326429479300276587e-11
1.555900421101123499e+01 8.600128881392651533e-06 1.498873775207197228e-05 3.729725711235029091e-11 5.904902577804085332e-06 1.560058585869393463e-05 3.529873359384681935e-11
2.074826557850288822e+01 4.145933896802779406e-06 7.232687816104207149e-06 2.411691248032454736e-11 2.810777376769355722e-06 7.534000094846858367e-06 2.311491811214762262e-11
2.766825682915017381e+01 1.946655525173778400e-06 3.435267928900932278e-06 1.529077606564565614e-11 1.311248423085238238e-06 3.548158609946112786e-06 1.471135115564477397e-11
3.689621347227100756e+01 9.017061053578718420e-07 1.618114594597562915e-06 9.162829389424108634e-12 6.059655632795190901e-07 1.647635316275463907e-06 8.899652589661831511e-12
4.920189143094656714e+01 4.147944005577216942e-07 7.553543692917329342e-07 5.101370933942827550e-12 2.787624597747678705e-07 7.597098820133313061e-07 4.988793644697110971e-12
6.561177672614024914e+01 1.895585641921549995e-07 3.499086995943687697e-07 2.770120004905038774e-12 1.275620029826375702e-07 3.485095310562280931e-07 2.737361557308023629e-12
8.749471046662279150e+01 8.581723355759955737e-08 1.612257237404714825e-07 1.476070662023039671e-12 5.788882469048795082e-08 1.588968733771772723e-07 1.474652678778776630e-12
1.166760716081661968e+02 3.837011844624475984e-08 7.372051593151863699e-08 7.721767472770199636e-13 2.596491304698109266e-08 7.187220574033822790e-08 7.808407493087765597e-13
1.555900421101123356e+02 1.688230828899914560e-08 3.341289327630708248e-08 3.965849371161250215e-13 1.146798334151470287e-08 3.217781750896429368e-08 4.031980645069363901e-13
2.074826557850288964e+02 7.281959631315073404e-09 1.498631244017884869e-08 2.000860025537275046e-13 4.966269272652342133e-09 1.422436260037819720e-08 2.039287569711196743e-13
2.766825682915017524e+02 3.068644466414577902e-09 6.642206139487749928e-09 1.020273435952494358e-13 2.100418294421919892e-09 6.194050974164091835e-09 1.019703224261557107e-13
3.689621347227101182e+02 1.259868810903625736e-09 2.909114837847140188e-09 5.167161074392211482e-14 8.652027545703730809e-10 2.651859177832925812e-09 5.058640698138283736e-14
4.920189143094656856e+02 5.032007403956361108e-10 1.259792995901287985e-09 2.574332660582256970e-14 3.466165375487591134e-10 1.115267733690501496e-09 2.498901228983877472e-14
6.561177672614023777e+02 1.954338614504174373e-10 5.395640236244711095e-10 1.253230192109095064e-14 1.349832261022064331e-10 4.609349519555757940e-10 1.230483158248898526e-14
8.749471046662279150e+02 7.383845876131842630e-11 2.286346959350467665e-10 6.032940111703234857e-15 5.111203846766127936e-11 1.873314210674357190e-10 5.969626141608633166e-15
1.166760716081661940e+03 2.717252445213228740e-11 9.599999357332391722e-11 2.871079691436797096e-15 1.883904647795252686e-11 7.499706525063981463e-11 2.910823668694865491e-15
1.555900421101123356e+03 9.760372634437980380e-12 3.999557354122646018e-11 1.361710525371303119e-15 6.773591617799829126e-12 2.963296692680356851e-11 1.426691659550922404e-15
2.074826557850288737e+03 3.432884455741463412e-12 1.654008560383324174e-11 6.496513575374502521e-16 2.384268616703087157e-12 1.158391049734322265e-11 6.958421300672338199e-16
2.766825682915017296e+03 1.187298613570162501e-12 6.809812937266143883e-12 3.105283426433980426e-16 8.253256000820231192e-13 4.489629472964501398e-12 3.320256729944891592e-16
3.689621347227101069e+03 4.062408678265492667e-13 2.796581867046121285e-12 1.480079102398460532e-16 2.824603639099493442e-13 1.730269674602477184e-12 1.548912881292052727e-16
4.920189143094656174e+03 1.384901562924816495e-13 1.147585785297151337e-12 7.105415422338852167e-17 9.617519138261635945e-14 6.659408534627839040e-13 7.250873852574057493e-17
6.561177672614025141e+03 4.734125657197906532e-14 4.711283109447178549e-13 3.444278792227659134e-17 3.276734230926169173e-14 2.569708819202864712e-13 3.411673816554694104e-17
8.749471046662278241e+03 1.631266664441608899e-14 1.933310019524093257e-13 1.648416054846896882e-17 1.122041814418920062e-14 9.949863674576439729e-14 1.612191193734350619e-17
1.166760716081662031e+04 5.682897940571193359e-15 7.925020744387645349e-14 7.766752459946045365e-18 3.871975166017260139e-15 3.861420249496998595e-14 7.576298762767475438e-18
1.555900421101123356e+04 2.000942588843541407e-15 3.238276497685024322e-14 3.606431656095921299e-18 1.347115017196896760e-15 1.500787660377890667e-14 3.556562367962170198e-18
2.074826557850289100e+04 7.103115895423951095e-16 1.311424403452054212e-14 1.683352292838309763e-18 4.719384660958128102e-16 5.822294726149809860e-15 1.673726974259131347e-18
2.766825682915017387e+04 2.533673936136246742e-16 5.233659806485947275e-15 7.855436741036792122e-19 1.660965474118775390e-16 2.243732103722403370e-15 7.842893544321223755e-19
3.689621347227100341e+04 9.046020115447578077e-17 2.056469045818120388e-15 3.671774328340597768e-19 5.859954413056624829e-17 8.560658770457366937e-16 3.654499725457333930e-19
4.920189143094656174e+04 3.223804532724492746e-17 7.923070798509873141e-16 1.710365260054349998e-19 2.069129849518803031e-17 3.217491635862410596e-16 1.711473628813358887e-19
6.561177672614024777e+04 1.145526923038685889e-17 2.988921435760620079e-16 7.885950386199012585e-20 7.318352892482784673e-18 1.187452366236718753e-16 7.960872842295503823e-20
8.749471046662278241e+04 4.054610634368360726e-18 1.104278042250780599e-16 3.622717767569145518e-20 2.593085751081018045e-18 4.309756475188060360e-17 3.660632399224715038e-20
1.166760716081661958e+05 1.432270171673766296e-18 3.995473975198479172e-17 1.656448533359286684e-20 9.224665154085994328e-19 1.538618800120937491e-17 1.665023549950730151e-20
1.555900421101123211e+05 5.061898886681745773e-19 1.420221029231894536e-17 7.570301544249164084e-21 3.298129898518227019e-19 5.400585849284639164e-18 7.486160049826534198e-21
2.074826557850289100e+05 1.792866426600334944e-19 4.984016702742045371e-18 3.413463670470064982e-21 1.187380187318340345e-19 1.867102166973636502e-18 3.374513105558508117e-21
2.766825682915017242e+05 6.383163704369396380e-20 1.725540139792050861e-18 1.510894632795033835e-21 4.319930028454002243e-20 6.365034862620956388e-19 1.525172045165042400e-21
3.689621347227101214e+05 2.294897702376138088e-20 5.894358185160245395e-19 6.606591147924539644e-22 1.591196797884350590e-20 2.145334339978264138e-19 6.776720108619689672e-22
4.920189143094656756e+05 8.324779288870964983e-21 2.006211905843997237e-19 2.925330013458845271e-22 5.930746317151331196e-21 7.190122184649120461e-20 2.948107615804253760e-22
6.561177672614024486e+05 3.035795975744962437e-21 6.807013423117844518e-20 1.280434732180577601e-22 2.229545006205751584e-21 2.393953755114029252e-20 1.280286429292997754e-22
8.749471046662279405e+05 1.112816429940795236e-21 2.292885629533850793e-20 5.502303001928225478e-23 8.467809614946956917e-22 7.897815220093127419e-21 5.530944244268484680e-23
1.166760716081662104e+06 4.112578165298780436e-22 7.638363911556920619e-21 2.389638126117853359e-23 3.252504479479309140e-22 2.594441330622387184e-21 2.374016087162690271e-23
1.555900421101123560e+06 1.534053091901627317e-22 2.518865518817059276e-21 1.025914526710120213e-23 1.260370317512275486e-22 8.494906596548892256e-22 1.017810531191237172e-23
2.074826557850289159e+06 5.797816801368423257e-23 8.228318476899497945e-22 4.323502782835130782e-24 4.922861280954609020e-23 2.779440231101571288e-22 4.354064655022450934e-24
2.766825682915017474e+06 2.224234130244465086e-23 2.662354225620790442e-22 1.850731882483556902e-24 1.944607779992046661e-23 9.137518442967290892e-23 1.857389608459058654e-24
3.689621347227101214e+06 8.682981018653152313e-24 8.564790897332584760e-23 7.879242939263418191e-25 7.776198840187053327e-24 3.034310996355767943e-23 7.901941500630162535e-25
4.920189143094656989e+06 3.444330522956011892e-24 2.759841156223301110e-23 3.288082886240894254e-25 3.136427130311299301e-24 1.020898493792527614e-23 3.348660119004178820e-25
6.561177672614024952e+06 1.379172530822057515e-24 8.958614184684229620e-24 1.394492807796940207e-25 1.275610662886427719e-24 3.485569577418034378e-24 1.410524186506844541e-25
8.749471046662278473e+06 5.563838628712415786e-25 2.931651331581936213e-24 5.953912782703207212e-26 5.236985210699969682e-25 1.212607833848130349e-24 5.885243289456666887e-26
1.166760716081662104e+07 2.262845501384323434e-25 9.688684891756659300e-25 2.507957943685507880e-26 2.155997120911522765e-25 4.302030438025785433e-25 2.496240556561725861e-26
1.555900421101123467e+07 9.281819876921937269e-26 3.251761237939045531e-25 1.064813644964946827e-26 8.891594361210367113e-26 1.558300485903487607e-25 1.058690933507320175e-26
2.074826557850288972e+07 3.837297396674996313e-26 1.109233766223034012e-25 4.478264361371921240e-27 3.678928202143461751e-26 5.754384137086656803e-26 4.406564452701219681e-27
2.766825682915017009e+07 1.590263054558405328e-26 3.850230076452384119e-26 1.869260527141140026e-27 1.526246763807313617e-26 2.164504329097345598e-26 1.839102830217437897e-27
3.689621347227101028e+07 6.587787050136503862e-27 1.361635641593400561e-26 7.820263010816962901e-28 6.333934648901816653e-27 8.287274526442937046e-27 7.583806321149485601e-28
4.920189143094656616e+07 2.718077840872535895e-27 4.903707388495187065e-27 3.244684612117066585e-28 2.626952005459384850e-27 3.219041115708012507e-27 3.158855371619809771e-28
6.561177672614024580e+07 1.125381962628279086e-27 1.801547046294958051e-27 1.345048298212159423e-28 1.089005791215433999e-27 1.266870407940954101e-27 1.318905689481810657e-28
8.749471046662279963e+07 4.655923274435781900e-28 6.743236195394903450e-28 5.562330345224970755e-29 4.527480300007650631e-28 5.053235417259276483e-28 5.549487656627002031e-29
1.166760716081662029e+08 1.913065615673375764e-28 2.556792493242954577e-28 2.327377547302325169e-29 1.871563903371984524e-28 2.022257151379408965e-28 2.322750551435376570e-29
1.555900421101123393e+08 7.793554937297206071e-29 9.769208355793109267e-29 9.495133559150118872e-30 7.645361554413128640e-29 8.070622380654295838e-29 9.485212812661299641e-30
2.074826557850289047e+08 3.166063165375519153e-29 3.764055626738412366e-29 3.856232129733060255e-30 3.098223246816151576e-29 3.208562610448315877e-29 3.841731773353672023e-30
2.766825682915017605e+08 1.267599221267563279e-29 1.447243379297425997e-29 1.558902815404520657e-30 1.232573731411228791e-29 1.260212528094481384e-29 1.530583718032012800e-30
3.689621347227101326e+08 5.009157221321341582e-30 5.544153685621612428e-30 6.169434752868803606e-31 4.843654460872847761e-30 4.905085235728336081e-30 6.008879651119990766e-31
4.920189143094656467e+08 1.950842814289838935e-30 2.107820270534683725e-30 2.354460426385406022e-31 1.868435404895880234e-30 1.879461507861773496e-30 2.342145269532302231e-31
6.561177672614024878e+08 7.435645219369204126e-31 7.898093141270114316e-31 8.759359125378991898e-32 7.093685464508761422e-31 7.094550219181489257e-31 8.808963629553633014e-32
8.749471046662279367e+08 2.769503659311699750e-31 2.903942354390152134e-31 3.190123680645035340e-32 2.622129340950252791e-31 2.612781721818486518e-31 3.151553786582474594e-32
1.166760716081662178e+09 1.000529592200081701e-31 1.038678332657007341e-31 1.105438542640179034e-32 9.382047277266100508e-32 9.336256977842868144e-32 1.077402990508725380e-32
1.555900421101123333e+09 3.503273279606664066e-32 3.614380806256807801e-32 3.648174572204524591e-33 3.263274033370418113e-32 3.242443311177493294e-32 3.555471246368384457e-33
2.074826557850289106e+09 1.196646634311272233e-32 1.229447211809328497e-32 1.146562360000036845e-33 1.096019428070817257e-32 1.088869529565512006e-32 1.114480109742507958e-33
2.766825682915017128e+09 3.932734190540937984e-33 4.032443278318347003e-33 3.349714925472609259e-34 3.535605689898414913e-33 3.514761227268655638e-33 3.279998946515653579e-34
3.689621347227100849e+09 1.245921525678769514e-33 1.276363284369370785e-33 9.026296859280336520e-35 1.083409984241123518e-33 1.077576470794437640e-33 8.970825281759439742e-35
4.920189143094656944e+09 3.743299954834348312e-34 3.837807613897183928e-34 2.294306040088351201e-35 3.151846910962566824e-34 3.137972769272859975e-34 2.332227835826303748e-35
6.561177672614025116e+09 1.070580471559747591e-34 1.102541501625794441e-34 5.629314570587391032e-36 8.718042781813539000e-35 8.706216843041448046e-35 5.754270787902997891e-36
8.749471046662279129e+09 2.839355353565575344e-35 2.949666310116537136e-35 1.235439733334926505e-36 2.235086233347368660e-35 2.245103033474745559e-35 1.285856563146670759e-36
1.166760716081661987e+10 7.017731501319278657e-36 7.375272352729304268e-36 2.377916432169176515e-37 5.077689810712625932e-36 5.120872070732604631e-36 2.542490709271159864e-37
1.555900421101123428e+10 1.590633074331962884e-36 1.698815002396090472e-36 4.010423952460925911e-38 1.000425638799089538e-36 1.018813272919547020e-36 4.490384364909761635e-38
2.074826557850289154e+10 3.234489136939698587e-37 3.548500420504382220e-37 5.639107212623137483e-39 1.591568677154891358e-37 1.650050647334370506e-37 6.527869403185082428e-39
2.766825682915017319e+10 5.963925313783528478e-38 6.733904685309632261e-38 5.763238126653477124e-40 1.953050440264769308e-38 2.093532173265059301e-38 6.672081991628420035e-40
3.689621347227101135e+10 8.862983419730522286e-39 1.050576845956362793e-38 3.429124445621668603e-41 1.746682024999062963e-39 1.868302407433319030e-39 3.840754113431481968e-41
4.920189143094656372e+10 8.966801355553009708e-40 1.211688523303807891e-39 1.324366940108060361e-42 4.145277082522129728e-41 5.804658948305607420e-41 7.320624802179976968e-43
6.561177672614024353e+10 3.359273923339842730e-41 7.855805815166635181e-41 5.402797388705211970e-45 3.627239271435443980e-43 1.059891183157615410e-42 3.307775669702487589e-44
8.749471046662280273e+10 8.211617890617289300e-45 2.113446737651305057e-42 5.751891337570457393e-47 4.279354646417087852e-45 1.688586081728996283e-44 4.283727295710915123e-46
