1.166760716081661986e+00 9.840528373127191766e-04 1.807969927998483379e-03 2.960146189218228030e-10 8.229608428684723588e-04 1.806663012864558829e-03 3.264915922609784977e-10
1.555900421101123365e+00 6.665799686407221456e-04 1.233777573525599762e-03 2.957142585921133258e-10 5.507141035366534257e-04 1.230269138481054512e-03 3.204774916466020640e-10
2.074826557850288911e+00 4.406629073817693617e-04 8.164541892147017272e-04 2.765089763063484469e-10 3.580757600924289012e-04 8.148821674918933560e-04 2.916090267181659966e-10
2.766825682915017293e+00 2.823150863815591287e-04 5.219882289130727731e-04 2.271502486242347184e-10 2.249350959245192234e-04 5.220095761935724917e-04 2.334747618938745548e-10
3.689621347227101111e+00 1.745714945365234056e-04 3.214782150460514286e-04 1.839908623568139693e-10 1.359979294888098462e-04 3.222666364865313751e-04 1.823457193290482468e-10
4.920189143094656714e+00 1.040153951832296995e-04 1.901847659996513571e-04 1.485392965807250627e-10 7.899701676155251656e-05 1.913766605351240936e-04 1.428441492664196553e-10
6.561177672614024736e+00 5.957879859060486339e-05 1.078442381070381751e-04 1.159298412699588191e-10 4.401877526496120738e-05 1.091238387507464610e-04 1.101872402980891961e-10
8.749471046662279150e+00 3.270271947028068808e-05 5.844326809450249262e-05 8.496278944219404135e-11 2.349669735126916090e-05 5.961347869177001320e-05 7.956850088595340064e-11
1.166760716081661897e+01 1.715387143274838317e-05 3.021493191705080399e-05 5.683436319215416362e-11 1.201527493139693805e-05 3.115589491757944277e-05 5.327982410788268328e-11
1.555900421101123499e+01 8.599130212078841273e-06 1.498824130088420945e-05 3.730844636553583620e-11 5.904399096073679863e-06 1.559978875254011308e-05 3.530978132054653166e-11
2.074826557850288822e+01 4.145296597559387525e-06 7.232376758685875784e-06 2.412476218244578543e-11 2.810463076346657891e-06 7.533477439890039310e-06 2.312262691582349440e-11
2.766825682915017381e+01 1.946224094044035596e-06 3.435053384023948835e-06 1.529612755739331161e-11 1.311029265075633254e-06 3.547803164173533527e-06 1.471659881623781698e-11
3.689621347227100756e+01 9.013772918326176728e-07 1.617938275813324884e-06 9.166347199061035715e-12 6.057854929155250695e-07 1.647359922247731287e-06 8.903110789529753464e-12
4.920189143094656714e+01 4.145191951069148546e-07 7.551932601492502707e-07 5.103600961489970804e-12 2.785996299739133451e-07 7.594704249474210291e-07 4.991000143498904964e-12
6.561177672614024914e+01 1.893235717635363972e-07 3.497588818281279069e-07 2.771489043243087313e-12 1.274151736392053920e-07 3.482932447367413885e-07 2.738722610996301727e-12
8.749471046662279150e+01 8.562499988431929502e-08 1.610930725603374096e-07 1.476890589336044011e-12 5.776464559980419737e-08 1.587081557333098543e-07 1.475469393600174111e-12
1.166760716081661968e+02 3.822505126097902976e-08 7.361254047936613139e-08 7.726541071255756181e-13 2.586932910414802184e-08 7.171984365373573652e-08 7.813181620867328075e-13
1.555900421101123356e+02 1.678317891146995893e-08 3.333343365061699885e-08 3.968587047229813699e-13 1.140184439500473254e-08 3.206651431224963918e-08 4.034710252543266681e-13
2.074826557850288964e+02 7.220858834987511747e-09 1.493363611039149091e-08 2.002391697200383119e-13 4.925149409228017723e-09 1.415124987868609907e-08 2.040802397651540709e-13
2.766825682915017524e+02 3.034481568879700714e-09 6.610538014228454059e-09 1.021102308821501091e-13 2.077276403396172167e-09 6.150647051884173448e-09 1.020525533399172413e-13
3.689621347227101182e+02 1.242356229590579714e-09 2.891619605305630608e-09 5.171508539298069122e-14 8.532731584261995548e-10 2.628294882212073746e-09 5.062975467959947433e-14
4.920189143094656856e+02 4.948699454233564465e-10 1.250768431068647506e-09 2.576554010255711330e-14 3.409122028975478140e-10 1.103395901743057808e-09 2.501114978251995956e-14
6.561177672614023777e+02 1.917145157277763328e-10 5.351498246882079205e-10 1.254343880712824217e-14 1.324242147325315917e-10 4.553025192590853053e-10 1.231598205912531954e-14
8.749471046662279150e+02 7.226530504509102107e-11 2.265604393991795458e-10 6.038336952788634322e-15 5.002499313795476463e-11 1.847827667055460957e-10 5.975079438984540532e-15
1.166760716081661940e+03 2.653764059758342854e-11 9.505476507752643180e-11 2.873623189047697133e-15 1.839876130652929341e-11 7.388623749436048189e-11 2.913429215779997890e-15
1.555900421101123356e+03 9.514659961993766424e-12 3.957599400675483601e-11 1.362875584728890966e-15 6.602719820856202230e-12 2.916371405739135905e-11 1.427900754360489843e-15
2.074826557850288737e+03 3.341368781125579426e-12 1.635832363207584815e-11 6.501761474791525259e-16 2.320461971032435380e-12 1.139111329246248651e-11 6.963884304680098249e-16
2.766825682915017296e+03 1.154393841421747785e-12 6.732826777491304685e-12 3.107619136569672625e-16 8.023086505349475264e-13 4.412495783271225740e-12 3.322672777649352081e-16
3.689621347227101069e+03 3.947660498077870201e-13 2.764627514978864691e-12 1.481077457252127886e-16 2.744019314281001306e-13 1.700158012916751769e-12 1.549972271271688897e-16
4.920189143094656174e+03 1.345825150435055157e-13 1.134508079437062923e-12 7.109630684385218308e-17 9.341924215355647548e-14 6.544098191019916361e-13 7.255448215242362985e-17
6.561177672614025141e+03 4.603066898099165809e-14 4.657940316841910436e-13 3.446028832991417644e-17 3.183876617121620220e-14 2.526045669139988344e-13 3.413617073260405188e-17
8.749471046662278241e+03 1.587527839821028500e-14 1.911360800890146913e-13 1.649125584104413407e-17 1.090926492094993289e-14 9.784711146388900247e-14 1.613006557532676636e-17
1.166760716081662031e+04 5.536133550430203365e-15 7.832902247004377238e-14 7.769576831740995894e-18 3.767423923494311518e-15 3.798357708816224197e-14 7.579665887294515946e-18
1.555900421101123356e+04 1.951031098257148571e-15 3.198652983016533218e-14 3.607557718075987261e-18 1.311690414589056071e-15 1.476264192461213135e-14 3.557942899545386093e-18
2.074826557850289100e+04 6.930420229705201764e-16 1.294069379315444745e-14 1.683803469960235733e-18 4.598105303066568326e-16 5.724962206697811922e-15 1.674286855949800960e-18
2.766825682915017387e+04 2.472958912177714776e-16 5.157274641106025821e-15 7.857252117102082202e-19 1.619075170876957395e-16 2.204529941657424334e-15 7.845134140959404581e-19
3.689621347227100341e+04 8.830338227543444348e-17 2.023148358091934845e-15 3.672505368801976761e-19 5.714513368362125255e-17 8.401981838007963877e-16 3.655395874469866124e-19
4.920189143094656174e+04 3.146933908686752979e-17 7.780992609587276031e-16 1.710657559384089355e-19 2.018591778767674101e-17 3.153842174708971848e-16 1.711830719181367420e-19
6.561177672614024777e+04 1.118209188265293523e-17 2.930189957482881225e-16 7.887156840451524047e-20 7.143163633310776072e-18 1.162406005342867958e-16 7.962344645573646455e-20
8.749471046662278241e+04 3.958315175012902100e-18 1.080831925523641951e-16 3.623229949014440146e-20 2.532730971040504692e-18 4.213518581247186050e-17 3.661246562183336395e-20
1.166760716081661958e+05 1.398656176310358416e-18 3.905128562215328204e-17 1.656668626669059057e-20 9.018315209007332505e-19 1.502600946468143155e-17 1.665278692897654718e-20
1.555900421101123211e+05 4.945763792426742423e-19 1.386488147946237906e-17 7.571248878866171170e-21 3.228178210698263605e-19 5.269391439676507008e-18 7.487251757526783997e-21
2.074826557850289100e+05 1.753164359105507785e-19 4.861196611264795628e-18 3.413879169690806919e-21 1.163847393708919369e-19 1.820499265922543810e-18 3.374980805207597584e-21
2.766825682915017242e+05 6.248634134715109941e-20 1.681878303741025243e-18 1.511079619859311172e-21 4.241192633471010654e-20 6.203259423471892807e-19 1.525371898987919401e-21
3.689621347227101214e+05 2.249501623252865713e-20 5.742483715360092775e-19 6.607405968435122318e-22 1.564928370154289507e-20 2.090264265337355914e-19 6.777575693404517867e-22
4.920189143094656756e+05 8.172179421269967050e-21 1.953928568873269007e-19 2.925680494116063543e-22 5.843309201048093979e-21 7.005013069143291744e-20 2.948468513115464167e-22
6.561177672614024486e+05 2.984868800018924218e-21 6.628509768543006250e-20 1.280584360636899905e-22 2.200564639049903839e-21 2.332519043664582146e-20 1.280433809443715855e-22
8.749471046662279405e+05 1.095975911031694274e-21 2.232641236718025680e-20 5.502920713049174737e-23 8.372101522845675076e-22 7.696997649375913401e-21 5.531539599416186088e-23
1.166760716081662104e+06 4.057334029685181374e-22 7.438050672452642681e-21 2.389878090000963035e-23 3.220966673692778252e-22 2.529490267536306620e-21 2.374246741720962566e-23
1.555900421101123560e+06 1.516065578268374964e-22 2.453173365888351446e-21 1.026003093511275978e-23 1.249988701403621856e-22 8.286950146984884855e-22 1.017892387726302569e-23
2.074826557850289159e+06 5.739631124313045747e-23 8.015739069081698751e-22 4.323801752654426141e-24 4.888662156785795903e-23 2.713419899836676834e-22 4.354324632509871856e-24
2.766825682915017474e+06 2.205489353547016960e-23 2.594527849913691468e-22 1.850813593017707457e-24 1.933329322143762997e-23 8.928991938456943384e-23 1.857456427365863140e-24
3.689621347227101214e+06 8.622517023350823361e-24 8.350838923184801276e-23 7.879382247503520010e-25 7.738869541599102069e-24 2.968584552479904597e-23 7.902007908755927616e-25
4.920189143094656989e+06 3.424772917444319291e-24 2.692702589748092366e-23 3.288037743681911925e-25 3.124046820118946442e-24 1.000189772865146404e-23 3.348585750691911652e-25
6.561177672614024952e+06 1.372834642458127954e-24 8.747990785504796942e-24 1.394415061693781287e-25 1.271498505414833177e-24 3.420437910684769854e-24 1.410439795880329484e-25
8.749471046662278473e+06 5.543217203000425620e-25 2.865644571164656874e-24 5.953274671614952169e-26 5.223250636083610699e-25 1.192141682871976594e-24 5.884599732269747052e-26
1.166760716081662104e+07 2.256072640394685550e-25 9.482171729817547207e-25 2.507531570194310891e-26 2.151354325982789254e-25 4.237610358643192600e-25 2.495813006623584232e-26
1.555900421101123467e+07 9.259221424384376576e-26 3.187047824961981568e-25 1.064548748962683422e-26 8.875587016378948761e-26 1.537925808383889247e-25 1.058426746622084887e-26
2.074826557850288972e+07 3.829531293322155166e-26 1.088951281232147746e-25 4.476691914520708102e-27 3.673203492095150049e-26 5.689909379835001835e-26 4.405011029561787257e-27
2.766825682915017009e+07 1.587465731208339774e-26 3.786570626109714255e-26 1.868346705331297064e-27 1.524080111986914233e-26 2.144005058385143301e-26 1.838200118610531845e-27
3.689621347227101028e+07 6.577050702520504028e-27 1.341571839147181620e-26 7.815020626564110084e-28 6.325128291858165042e-27 8.221241940896207480e-27 7.578671452498943598e-28
4.920189143094656616e+07 2.713640594154203273e-27 4.839913713999476986e-27 3.241711213130149366e-28 2.623087684019997697e-27 3.197365062654679640e-27 3.155931090862791980e-28
6.561177672614024580e+07 1.123399620123769201e-27 1.781066333376244739e-27 1.343376167213383562e-28 1.087187371765532569e-27 1.259502270472902201e-27 1.317247609873554950e-28
8.749471046662279963e+07 4.646502844732890978e-28 6.676086646998102432e-28 5.552984902614962953e-29 4.518455463308921798e-28 5.026940848331745011e-28 5.540117797144618328e-29
1.166760716081662029e+08 1.908413015861022345e-28 2.534103724532557924e-28 2.322160543409187464e-29 1.866965987611687372e-28 2.012324947797180056e-28 2.317542057846983637e-29
1.555900421101123393e+08 7.770121848836411854e-29 9.689614693043252904e-29 9.466801123799395995e-30 7.621782116100224322e-29 8.030700617640494841e-29 9.456929316091391728e-30
2.074826557850289047e+08 3.154205308015315393e-29 3.734794258462219808e-29 3.841053387479907312e-30 3.086209226045814129e-29 3.191616714668304570e-29 3.826597865827026628e-30
2.766825682915017605e+08 1.261689602748578246e-29 1.435978873168370081e-29 1.550921051751351481e-30 1.226575687119740933e-29 1.252756215305691012e-29 1.522701893776969094e-30
3.689621347227101326e+08 4.980351535971903763e-30 5.498960321274591086e-30 6.128738016939952661e-31 4.814408781140211891e-30 4.871668885568919325e-30 5.968792997514310645e-31
4.920189143094656467e+08 1.937206578167726947e-30 2.089230757039094867e-30 2.334586151626315934e-31 1.854632814232584612e-30 1.864519351909113923e-30 2.322283734496871217e-31
6.561177672614024878e+08 7.373497843077732992e-31 7.821133532535597543e-31 8.665850084314104205e-32 7.030875036530012161e-31 7.028874026756848438e-31 8.715407284352908800e-32
8.749471046662279367e+08 2.742362176983075355e-31 2.872422988432329242e-31 3.147948867907879417e-32 2.594837739805882119e-31 2.584857283094412396e-31 3.110046847233637428e-32
1.166760716081662178e+09 9.892237646198100903e-32 1.026100922339666439e-31 1.087604460052184745e-32 9.269366018750278372e-32 9.222437539488565147e-32 1.060009532295486681e-32
1.555900421101123333e+09 3.458446435135359881e-32 3.565857375782780453e-32 3.577543298193978337e-33 3.218957121736995013e-32 3.198038315502478626e-32 3.486526225795339494e-33
2.074826557850289106e+09 1.179657143182879794e-32 1.211379991739040813e-32 1.120525098976468492e-33 1.079478759135680071e-32 1.072365506889712176e-32 1.089106339571331786e-33
2.766825682915017128e+09 3.871594503748599688e-33 3.968112284622921066e-33 3.262300714631541017e-34 3.477281021629588200e-33 3.456671951073422687e-33 3.194107698853424080e-34
3.689621347227100849e+09 1.225089385934987391e-33 1.254578606896896023e-33 8.760447229191374537e-35 1.064177826733113643e-33 1.058431743456164427e-33 8.705664456129397823e-35
4.920189143094656944e+09 3.676716360283812550e-34 3.768324766072943997e-34 2.219479164958833381e-35 3.092480121538790434e-34 3.078837601742065242e-34 2.255974084442806866e-35
6.561177672614025116e+09 1.050603077799369410e-34 1.081639665748444071e-34 5.430651637324807597e-36 8.546258577810273886e-35 8.534611679439661544e-35 5.550665744339206097e-36
8.749471046662279129e+09 2.784222034957355254e-35 2.891523618186437299e-35 1.189129387918881518e-36 2.189516347394686066e-35 2.199328880909088339e-35 1.237502554466524376e-36
1.166760716081661987e+10 6.877577402472801435e-36 7.225730863757143008e-36 2.284272935855305964e-37 4.971297975081375441e-36 5.013508104948867069e-36 2.442104002396294395e-37
1.555900421101123428e+10 1.558287145247581614e-36 1.663678713588529769e-36 3.846584311285257445e-38 9.789910749341352548e-37 9.969661094564084889e-37 4.306356793659821569e-38
2.074826557850289154e+10 3.167751283364472524e-37 3.473839778854341827e-37 5.402133814953491165e-39 1.556922665984184783e-37 1.614080303321985739e-37 6.252842955222215493e-39
2.766825682915017319e+10 5.839808773251060716e-38 6.590480855168879941e-38 5.516145069349875689e-40 1.910005319125589674e-38 2.047284524183355953e-38 6.384124885529926169e-40
3.689621347227101135e+10 8.677469657803334099e-39 1.027922089610328207e-38 3.278945565834489255e-41 1.707670117351441017e-39 1.826352270912744005e-39 3.670401872279978875e-41
4.920189143094656372e+10 8.777717511039630631e-40 1.185080826706534308e-39 1.265248367246879072e-42 4.050083949759807556e-41 5.669578768262687677e-41 6.964803181834089644e-43
6.561177672614024353e+10 3.288110329087779328e-41 7.678192326914626616e-41 5.128970521432490593e-45 3.534468227970997132e-43 1.032943283843810395e-42 3.145088927896549913e-44
8.749471046662280273e+10 8.007850247182229670e-45 2.064737895477100400e-42 5.459477739672138485e-47 4.169282748729930693e-45 1.644063856804548868e-44 4.071179505769293585e-46
