1.166760716081661986e+00 9.840664673497444281e-04 1.808031359080926326e-03 2.960873458725262604e-10 8.229757279269948184e-04 1.806722424516965389e-03 3.265674384395506693e-10
1.555900421101123365e+00 6.665834748678712597e-04 1.233812984319869683e-03 2.957887572706607280e-10 5.507194397526626395e-04 1.230303525728436128e-03 3.205542478965163616e-10
2.074826557850288911e+00 4.406603959573700811e-04 8.164725423129353885e-04 2.765796321466882133e-10 3.580755799994779867e-04 8.148995869607029204e-04 2.916809445866283705e-10
2.766825682915017293e+00 2.823099123075811074e-04 5.219961259745973386e-04 2.272107990856054505e-10 2.249323609151802363e-04 5.220165206401211145e-04 2.335356440841333622e-10
3.689621347227101111e+00 1.745658422834808700e-04 3.214804050074433458e-04 1.840414050240194592e-10 1.359945340771150655e-04 3.222679590345349423e-04 1.823963347194038659e-10
4.920189143094656714e+00 1.040103457424173774e-04 1.901842843267975735e-04 1.485811803949257270e-10 7.899392296107182157e-05 1.913754185999108680e-04 1.428858415429009767e-10
6.561177672614024736e+00 5.957476584962462598e-05 1.078428447844029692e-04 1.159634338282161689e-10 4.401635382184243713e-05 1.091217741575607167e-04 1.102206048290847773e-10
8.749471046662279150e+00 3.269975990618091514e-05 5.844186574263242773e-05 8.498856535197500616e-11 2.349499437334460960e-05 5.961148442328322749e-05 7.959416418722066679e-11
1.166760716081661897e+01 1.715185240845073524e-05 3.021387426476820925e-05 5.685327911639650875e-11 1.201417436041871237e-05 3.115433361111858215e-05 5.329862586609096299e-11
1.555900421101123499e+01 8.597829501714101554e-06 1.498755825257053942e-05 3.732198445292242286e-11 5.903724906904739015e-06 1.559871442194591044e-05 3.532314744437106818e-11
2.074826557850288822e+01 4.144469314353822761e-06 7.231954204775682134e-06 2.413425327453120382e-11 2.810044208928023749e-06 7.532781998942957132e-06 2.313194653637156229e-11
2.766825682915017381e+01 1.945662549248742503e-06 3.434763872905121564e-06 1.530259306645796742e-11 1.310737178540641202e-06 3.547331709128618611e-06 1.472293772971302367e-11
3.689621347227100756e+01 9.009482967277008184e-07 1.617702480811897686e-06 9.170593068444879364e-12 6.055463928234922149e-07 1.646995409334730096e-06 8.907284018456703975e-12
4.920189143094656714e+01 4.141610907444194395e-07 7.549801220462386490e-07 5.106289300346444127e-12 2.783854467165653004e-07 7.591551610997590398e-07 4.993659947682350511e-12
6.561177672614024914e+01 1.890203539835081311e-07 3.495631555806924611e-07 2.773137206252777435e-12 1.272245808241399375e-07 3.480111772463281251e-07 2.740361144867909457e-12
8.749471046662279150e+01 8.538014396572189396e-08 1.609222634953812547e-07 1.477876187488491951e-12 5.760598347027826851e-08 1.584652627320531024e-07 1.476451168926370116e-12
1.166760716081661968e+02 3.804315030445218899e-08 7.347574005482400780e-08 7.732269826366181506e-13 2.574929132768880861e-08 7.152683397769347588e-08 7.818911206764389758e-13
1.555900421101123356e+02 1.666091975284252957e-08 3.323443891348415666e-08 3.971866848164197553e-13 1.132021189674008898e-08 3.192789507466522907e-08 4.037980376288126141e-13
2.074826557850288964e+02 7.146683226406964501e-09 1.486904709237933470e-08 2.004223413305907740e-13 4.875210485874700640e-09 1.406168121063165289e-08 2.042613567526934258e-13
2.766825682915017524e+02 2.993586002524002844e-09 6.572244081152528553e-09 1.022091490306268708e-13 2.049566459647479130e-09 6.098247593061810614e-09 1.021506691221718839e-13
3.689621347227101182e+02 1.221638240308763516e-09 2.870699355057972275e-09 5.176684538734308323e-14 8.391566756782668027e-10 2.600190044846067878e-09 5.068136380090354130e-14
4.920189143094656856e+02 4.851080849210256987e-10 1.240066704615264177e-09 2.579192078976886009e-14 3.342262675575126914e-10 1.089369443251489327e-09 2.503744309197644157e-14
6.561177672614023777e+02 1.873891801088492173e-10 5.299452665239716236e-10 1.255663350185974830e-14 1.294474228841090702e-10 4.486937434198356486e-10 1.232919343337319571e-14
8.749471046662279150e+02 7.044677574009753777e-11 2.241238875394654033e-10 6.044714398504510983e-15 4.876801392516950070e-11 1.818068203029781797e-10 5.981525632807152053e-15
1.166760716081661940e+03 2.580725819697219565e-11 9.394712014732084211e-11 2.876620969317868834e-15 1.789209111339588082e-11 7.259355607479437137e-11 2.916501828337002352e-15
1.555900421101123356e+03 9.233112089767732227e-12 3.908518960026455518e-11 1.364245336514428624e-15 6.406864579955454712e-12 2.861899368647593417e-11 1.429323446031327059e-15
2.074826557850288737e+03 3.236858619220116280e-12 1.614603564166689976e-11 6.507918063937411464e-16 2.247569223165185206e-12 1.116775807872429606e-11 6.970300270532056539e-16
2.766825682915017296e+03 1.116921719026886425e-12 6.643033170633449693e-12 3.110354202630899021e-16 7.760853521085625649e-13 4.323289364540555500e-12 3.325505383996713110e-16
3.689621347227101069e+03 3.817260827577548613e-13 2.727390493727911527e-12 1.482244768628804125e-16 2.652391552269783254e-13 1.665379371355051815e-12 1.551212764488400443e-16
4.920189143094656174e+03 1.301472968764694627e-13 1.119268556071997144e-12 7.114552879911291342e-17 9.028899058759268028e-14 6.411002531666007723e-13 7.260799655175177147e-17
6.561177672614025141e+03 4.454330328610176065e-14 4.595705069452578449e-13 3.448070018039348722e-17 3.078412429231597235e-14 2.475630889565464367e-13 3.415888800566085101e-17
8.749471046662278241e+03 1.537835070196352230e-14 1.885691346392126941e-13 1.649952563171426857e-17 1.055553333287027588e-14 9.593737678548754516e-14 1.613959304841317525e-17
1.166760716081662031e+04 5.369028677709794638e-15 7.724841098037460590e-14 7.772866961871459314e-18 3.648360798142024150e-15 3.725255937448564981e-14 7.583598416698191420e-18
1.555900421101123356e+04 1.894039867565148011e-15 3.152042165562852811e-14 3.608869313463918473e-18 1.271262654400955386e-15 1.447754146092162255e-14 3.559554841006098678e-18
2.074826557850289100e+04 6.732643640210933534e-16 1.273621617106234400e-14 1.684329141244098960e-18 4.459400938760702155e-16 5.611519177297810877e-15 1.674940536648644661e-18
2.766825682915017387e+04 2.403250515012087182e-16 5.067286182376503673e-15 7.859369092283676833e-19 1.571079437603791942e-16 2.158771487292486491e-15 7.847749906575036686e-19
3.689621347227100341e+04 8.582271645039609715e-17 1.983957711386044797e-15 3.673359263118772643e-19 5.547653979026069888e-17 8.216745201328143702e-16 3.656442661738945963e-19
4.920189143094656174e+04 3.058436030972918134e-17 7.614336490865198415e-16 1.710999834199559746e-19 1.960563117512178861e-17 3.079618358003751622e-16 1.712248310215820156e-19
6.561177672614024777e+04 1.086749084762569360e-17 2.861519635945755349e-16 7.888574152974577497e-20 6.941916618508264652e-18 1.133253115924962048e-16 7.964069178409793941e-20
8.749471046662278241e+04 3.847426105594121680e-18 1.053506483820272471e-16 3.623833809248698018e-20 2.463383706595749949e-18 4.101745820119863303e-17 3.661967879961855968e-20
1.166760716081661958e+05 1.359957724114838743e-18 3.800144684822999238e-17 1.656928905738898015e-20 8.781192175328950696e-19 1.460858640280720490e-17 1.665579198712510151e-20
1.555900421101123211e+05 4.812097672258630751e-19 1.347387579639671037e-17 7.572371906972732014e-21 3.147784381086148396e-19 5.117636946081904928e-18 7.488541073680741464e-21
2.074826557850289100e+05 1.707478163152806248e-19 4.719117592642407721e-18 3.414372429219854705e-21 1.136796103584600273e-19 1.766678211870266621e-18 3.375534150735597594e-21
2.766825682915017242e+05 6.093841553820928544e-20 1.631447215103876666e-18 1.511299372913867108e-21 4.150653079831409445e-20 6.016657474441144588e-19 1.525608539717810519e-21
3.689621347227101214e+05 2.197265989138082100e-20 5.567260944055600843e-19 6.608373352379905572e-22 1.534708635950615554e-20 2.026799987643999537e-19 6.778588694220157572e-22
4.920189143094656756e+05 7.996559696030118118e-21 1.893655367146350002e-19 2.926095833264673255e-22 5.742660384293953056e-21 6.791820412874401093e-20 2.948895231690898483e-22
6.561177672614024486e+05 2.926241982715737355e-21 6.422838667589623239e-20 1.280761238399591571e-22 2.167181027211782966e-21 2.261792483818482305e-20 1.280607660750370675e-22
8.749471046662279405e+05 1.076581161765144630e-21 2.163251705876285730e-20 5.503648421208506819e-23 8.261757802002548038e-22 7.465862789732394849e-21 5.532239602605729387e-23
1.166760716081662104e+06 3.993677454338822193e-22 7.207373999792798335e-21 2.390159418010938475e-23 3.184572521066297851e-22 2.454742060460528815e-21 2.374516776805444476e-23
1.555900421101123560e+06 1.495326725475604878e-22 2.377529595954274031e-21 1.026106205820768354e-23 1.237997439013554469e-22 8.047631887705313107e-22 1.017987507134914242e-23
2.074826557850289159e+06 5.672505301799471100e-23 7.770955448463088886e-22 4.324145676316991916e-24 4.849127936430262064e-23 2.637440603025416085e-22 4.354622302477620388e-24
2.766825682915017474e+06 2.183852442328160747e-23 2.516421523488765412e-22 1.850904842778440620e-24 1.920282797679864524e-23 8.688992264213181165e-23 1.857530139691199638e-24
3.689621347227101214e+06 8.552689535431348919e-24 8.104434823569219706e-23 7.879517953545074477e-25 7.695667397130195080e-24 2.892930548085218104e-23 7.902058244417051638e-25
4.920189143094656989e+06 3.402176112611452979e-24 2.615369835587272313e-23 3.287968996169884387e-25 3.109713047570414343e-24 9.763502664718978879e-24 3.348482740329095672e-25
6.561177672614024952e+06 1.365507795924859315e-24 8.505345300573416630e-24 1.394314939260324859e-25 1.266734957601597748e-24 3.345448162525233851e-24 1.410331928684270815e-25
8.749471046662278473e+06 5.519357669435205110e-25 2.789587223326618705e-24 5.952476087067302998e-26 5.207324667554704177e-25 1.168573174023413335e-24 5.883795233885822208e-26
1.166760716081662104e+07 2.248224700404029565e-25 9.244156689752613913e-25 2.507003460496760443e-26 2.145960664634773406e-25 4.163403557881750364e-25 2.495283558361035429e-26
1.555900421101123467e+07 9.232968867167711776e-26 3.112440755584776980e-25 1.064222270732529511e-26 8.856929821435891448e-26 1.514445284916564498e-25 1.058101169488389391e-26
2.074826557850288972e+07 3.820472189774529392e-26 1.065558921312528040e-25 4.474758839650076047e-27 3.666496927404173459e-26 5.615553265777723590e-26 4.403101296128335978e-27
2.766825682915017009e+07 1.584183168893220397e-26 3.713111628184564823e-26 1.867224982568495029e-27 1.521524203910024085e-26 2.120336849899654380e-26 1.837092034855084776e-27
3.689621347227101028e+07 6.564357009181127197e-27 1.318401693503029887e-26 7.808591928393326707e-28 6.314656231990969779e-27 8.144860042381071143e-27 7.572374973224776029e-28
4.920189143094656616e+07 2.708351906712418454e-27 4.766158070367016183e-27 3.238067948663107550e-28 2.618456730667074378e-27 3.172218405006143396e-27 3.152348336414430568e-28
6.561177672614024580e+07 1.121019687320617447e-27 1.757345215191484560e-27 1.341328988673212937e-28 1.084994635437757749e-27 1.250917451157282455e-27 1.315217797352807322e-28
8.749471046662279963e+07 4.635132525323626247e-28 6.598107098080019581e-28 5.541554051077631983e-29 4.507528167404281969e-28 4.996126048127142047e-28 5.528657937652304643e-29
1.166760716081662029e+08 1.902779873819902023e-28 2.507658785627064865e-28 2.315786747117794508e-29 1.861387570402116196e-28 2.000606398511945231e-28 2.311179086582898105e-29
1.555900421101123393e+08 7.741716873962359770e-29 9.596409290331065562e-29 9.432236860074823781e-30 7.593164247324369449e-29 7.983287372675780930e-29 9.422427558432107215e-30
2.074826557850289047e+08 3.139836128634208827e-29 3.700348560300757082e-29 3.822569379190051880e-30 3.071640956717309525e-29 3.171385123113997886e-29 3.808170650625537883e-30
2.766825682915017605e+08 1.254538879131248146e-29 1.422653392910865103e-29 1.541222756187840321e-30 1.219315843138654403e-29 1.243825928092523267e-29 1.513126489269512095e-30
3.689621347227101326e+08 4.945575657024749981e-30 5.445300285651770007e-30 6.079422821784415180e-31 4.779100866179469373e-30 4.831602245105597728e-30 5.920225500728461370e-31
4.920189143094656467e+08 1.920790900721421649e-30 2.067112518981967982e-30 2.310581966139550923e-31 1.838020412957667146e-30 1.846614614078949000e-30 2.298296488362977335e-31
6.561177672614024878e+08 7.298922882218731253e-31 7.729523434908719092e-31 8.553344679441411864e-32 6.955534717469947072e-31 6.950317876300305076e-31 8.602836698232696014e-32
8.749471046662279367e+08 2.709903158302744930e-31 2.834934518472153073e-31 3.097427547487722578e-32 2.562218639735354313e-31 2.551541576616599908e-31 3.060323411915069140e-32
1.166760716081662178e+09 9.757489405172332819e-32 1.011166800289114993e-31 1.066348506768256714e-32 9.135177053870397584e-32 9.087045652673986349e-32 1.039279508353683752e-32
1.555900421101123333e+09 3.405195967134162791e-32 3.508366269394815439e-32 3.493828504418247157e-33 3.166367095981027552e-32 3.145380553362329211e-32 3.404815569839511300e-33
2.074826557850289106e+09 1.159537023736699116e-32 1.190023279438596088e-32 1.089844680808218085e-33 1.059916255713646674e-32 1.052854460517496216e-32 1.059211010067655665e-33
2.766825682915017128e+09 3.799395981740620371e-33 3.892249166913863944e-33 3.159914685423981334e-34 3.408515736981275920e-33 3.388200078076541837e-33 3.093520405375916589e-34
3.689621347227100849e+09 1.200551402885231108e-33 1.228945988109315191e-33 8.450928297139866017e-35 1.041566364694505916e-33 1.035925961003448624e-33 8.396992057228232350e-35
4.920189143094656944e+09 3.598466315355242907e-34 3.686740548768064718e-34 2.132850738973281101e-35 3.022852770946861551e-34 3.009487025680151589e-34 2.167702796341630872e-35
6.561177672614025116e+09 1.027169937887405507e-34 1.057141709792831923e-34 5.201753324622745528e-36 8.345190711343849262e-35 8.333761450689895988e-35 5.316102409202237742e-36
8.749471046662279129e+09 2.719659204641568865e-35 2.823488444342966632e-35 1.135983990895076055e-36 2.136265506814869480e-35 2.145839918081559477e-35 1.182021835893065272e-36
1.166760716081661987e+10 6.713657232388775988e-36 7.050967856773273796e-36 2.177186692354777450e-37 4.847146224490765838e-36 4.888225601413043686e-36 2.327321931831889488e-37
1.555900421101123428e+10 1.520488569039339639e-36 1.622655774613990039e-36 3.659745932231131174e-38 9.540079238021637414e-37 9.715028817676246202e-37 4.096530470271259587e-38
2.074826557850289154e+10 3.089819465988137851e-37 3.386746634276307821e-37 5.132500965826946941e-39 1.516576242041705811e-37 1.572194059416866036e-37 5.939935722802527594e-39
2.766825682915017319e+10 5.694944252484020425e-38 6.423289776170035019e-38 5.235458835304860513e-40 1.859913011085872424e-38 1.993470499609301378e-38 6.057108911114155269e-40
3.689621347227101135e+10 8.461035330171208053e-39 1.001533510457517476e-38 3.108641674343070252e-41 1.662304272071636993e-39 1.777580696470825409e-39 3.477289349115976356e-41
4.920189143094656372e+10 8.557239747739353254e-40 1.154121630769655414e-39 1.198303652461107201e-42 3.939492152403781515e-41 5.512747140762918784e-41 6.563182177801194057e-43
6.561177672614024353e+10 3.205159336202316202e-41 7.471857783659275792e-41 4.820953598698101331e-45 3.427039037414172152e-43 1.001749267981244505e-42 2.961579752314289252e-44
8.749471046662280273e+10 7.771451651631799686e-45 2.008211512900936795e-42 5.130621309477680793e-47 4.041827682367850478e-45 1.592570253456585530e-44 3.831603255614178966e-46
