1.166760716081661986e+00 9.837654853521507741e-04 1.807107772439256509e-03 2.951105044300400426e-10 8.226712832569706927e-04 1.805809796862124046e-03 3.255497896582412547e-10
1.555900421101123365e+00 6.664620376153879535e-04 1.233271367677166250e-03 2.947876658274167339e-10 5.505809824316365347e-04 1.229767802793102927e-03 3.195236094811889096e-10
2.074826557850288911e+00 4.406477262029867537e-04 8.161833598145967934e-04 2.756293621458196788e-10 3.580364533943344993e-04 8.146185844465429456e-04 2.907140288165037229e-10
2.766825682915017293e+00 2.823507654295011457e-04 5.218626792980033714e-04 2.263949704232307273e-10 2.249436570066971387e-04 5.218933595244782753e-04 2.327151754518090607e-10
3.689621347227101111e+00 1.746240647040477978e-04 3.214334200088648022e-04 1.833588298301391952e-10 1.360245940974887850e-04 3.222312688154302818e-04 1.817126684181312183e-10
4.920189143094656714e+00 1.040668407823070200e-04 1.901792454742042330e-04 1.480144707914693093e-10 7.902574048656646954e-05 1.913798199127420962e-04 1.423215151827377246e-10
6.561177672614024736e+00 5.962120588214792934e-05 1.078537448194950328e-04 1.155077865477049621e-10 4.404248034012837968e-05 1.091411081369533483e-04 1.097678339139169320e-10
8.749471046662279150e+00 3.273387149804217531e-05 5.845520097321952707e-05 8.463774129289879938e-11 2.351342600232543951e-05 5.963217548621126352e-05 7.924474380017770895e-11
1.166760716081661897e+01 1.717463228115639231e-05 3.022409811366298736e-05 5.659464255122868140e-11 1.202570899374672712e-05 3.117066323198424012e-05 5.304153402518357066e-11
1.555900421101123499e+01 8.611840503676556911e-06 1.499377479914223724e-05 3.713595817031746402e-11 5.910289357569380857e-06 1.560950446853820719e-05 3.513941732883190106e-11
2.074826557850288822e+01 4.152724195241462685e-06 7.235353387142723998e-06 2.400318013149869681e-11 2.813659897290248923e-06 7.539196276359913831e-06 2.300313467847746631e-11
2.766825682915017381e+01 1.950750125974355814e-06 3.436812723515776950e-06 1.521278920833292317e-11 1.312952581109629151e-06 3.551223948394043148e-06 1.463478053131350598e-11
3.689621347227100756e+01 9.045488551181585143e-07 1.619310964263705353e-06 9.111179113235264862e-12 6.072618542738145190e-07 1.649776588342342611e-06 8.848819573186094708e-12
4.920189143094656714e+01 4.170989977313221162e-07 7.564978783156903537e-07 5.068331897176720245e-12 2.799694617233894190e-07 7.615336125593824547e-07 4.956089403974993205e-12
6.561177672614024914e+01 1.915794790033100078e-07 3.510652419487928135e-07 2.749627549009021942e-12 1.287401256168530443e-07 3.502269962995128507e-07 2.716987469874502838e-12
8.749471046662279150e+01 8.758584087378054328e-08 1.623504534739067780e-07 1.463654499621979976e-12 5.898960161607217179e-08 1.605113633637054593e-07 1.462287667630918830e-12
1.166760716081661968e+02 3.983845355349187738e-08 7.473592592125416384e-08 7.648562757550066856e-13 2.691373404025613408e-08 7.330781786257237046e-08 7.735203546021350745e-13
1.555900421101123356e+02 1.800610574443347718e-08 3.425027307539602058e-08 3.923299671125433068e-13 1.221027812504988185e-08 3.335180220308343777e-08 3.989550974534605647e-13
2.074826557850288964e+02 8.064182755224120173e-09 1.561189882825995588e-08 1.976715206280044510e-13 5.489930135441336597e-09 1.509542400128874740e-08 2.015369745428754650e-13
2.766825682915017524e+02 3.562032501730843506e-09 7.065048142692941601e-09 1.006988749797587222e-13 2.433641860768803476e-09 6.778143216843148114e-09 1.006505889216298816e-13
3.689621347227101182e+02 1.542774189951289909e-09 3.168983765158085869e-09 5.096151338102041391e-14 1.057519904495717999e-09 3.006956499194840431e-09 4.987840079797870678e-14
4.920189143094656856e+02 6.517611073541148628e-10 1.406421169573405825e-09 2.537310251091402315e-14 4.481503473015055996e-10 1.312612818540363738e-09 2.462027654690347405e-14
6.561177672614023777e+02 2.675615687855651351e-10 6.164705954281801237e-10 1.234299545437324728e-14 1.845110409484425993e-10 5.623382582384702344e-10 1.211530980530194211e-14
8.749471046662279150e+02 1.065394128520331097e-10 2.666404309934916585e-10 5.939186204287153800e-15 7.365981905800243415e-11 2.361127743062430309e-10 5.875087571086770503e-15
1.166760716081661940e+03 4.114429125858039628e-11 1.139220230350646165e-10 2.825888850122546449e-15 2.850638138024009178e-11 9.723595940207198935e-11 2.864709902828801938e-15
1.555900421101123356e+03 1.542904486651125995e-11 4.813709349861223046e-11 1.340550372572163805e-15 1.070648485421562523e-11 3.933816129496966106e-11 1.404867067000867810e-15
2.074826557850288737e+03 5.629470490159314707e-12 2.012698497131927687e-11 6.399293523320123123e-16 3.911972596019827246e-12 1.566902679001330599e-11 6.858056623605219838e-16
2.766825682915017296e+03 2.003820714170318223e-12 8.349359109604981120e-12 3.061258866369951011e-16 1.394791756683325068e-12 6.155217213082336874e-12 3.275122686585598358e-16
3.689621347227101069e+03 6.987442483917542345e-13 3.441744072351970458e-12 1.460982922142396822e-16 4.870654015078306364e-13 2.390091927729832809e-12 1.528869889748024122e-16
4.920189143094656174e+03 2.400163583873167024e-13 1.412533893554049340e-12 7.023731573407546318e-17 1.673919876444203054e-13 9.209555278789255707e-13 7.163479182669060679e-17
6.561177672614025141e+03 8.170473201782336072e-14 5.785541516970733767e-13 3.409980824994876909e-17 5.694838428084755874e-14 3.536597578099054086e-13 3.374267306554067564e-17
8.749471046662278241e+03 2.775132973997965892e-14 2.367860146835605376e-13 1.634403761423555901e-17 1.929894509315878154e-14 1.357486034452895470e-13 1.596421416875160823e-17
1.166760716081662031e+04 9.465207278678958861e-15 9.701542194133439949e-14 7.710617373347113197e-18 6.551696762834269292e-15 5.219210246858067333e-14 7.510877090360430894e-18
1.555900421101123356e+04 3.255810183182421789e-15 3.980459928718584453e-14 3.583980289977521990e-18 2.236950079451266163e-15 2.014763746935200974e-14 3.529666931042157414e-18
2.074826557850289100e+04 1.131547195084322258e-15 1.629031040884436784e-14 1.674355056534409277e-18 7.694955667847104221e-16 7.804999172608813272e-15 1.662800445899425957e-18
2.766825682915017387e+04 3.970582794976468686e-16 6.617017250441408787e-15 7.819384261142334951e-19 2.665513328223034891e-16 3.024464361270114027e-15 7.799052486662300781e-19
3.689621347227100341e+04 1.402282889176045436e-16 2.662443664042152921e-15 3.657402842356277198e-19 9.280881295167456596e-17 1.168477461131222269e-15 3.637001155535930992e-19
4.920189143094656174e+04 4.965958961525621297e-17 1.055034215061699117e-15 1.704717390619122328e-19 3.240690763366316342e-17 4.471594420315785897e-16 1.704543524532902492e-19
6.561177672614024777e+04 1.758023484068606863e-17 4.102089542612646031e-16 7.863206383802942171e-20 1.133896066551756054e-17 1.686310081245601181e-16 7.932693556376603182e-20
8.749471046662278241e+04 6.202769284907589468e-18 1.561165750743952888e-16 3.613344662750984883e-20 3.969223090567202278e-18 6.258559807044286161e-17 3.649082328199481955e-20
1.166760716081661958e+05 2.180920906588825327e-18 5.804632542049123445e-17 1.652530836444189032e-20 1.390933838536865327e-18 2.281592701420486692e-17 1.660334738448296757e-20
1.555900421101123211e+05 7.648210509694339150e-19 2.112368943136025665e-17 7.553855115960789870e-21 4.880920301111044250e-19 8.155646876206005770e-18 7.466585938850282927e-21
2.074826557850289100e+05 2.677245932945185895e-19 7.555558087622950542e-18 3.406377184755987236e-21 1.718112884465431505e-19 2.861074905864296808e-18 3.366285209736559759e-21
2.766825682915017242e+05 9.379595283102463081e-20 2.654358654904799292e-18 1.507776759549952594e-21 6.088945476339126040e-20 9.859127618293375351e-19 1.521697893239511307e-21
3.689621347227101214e+05 3.305160640091080651e-20 9.164228702992381430e-19 6.592876041447243930e-22 2.178687946499920692e-20 3.346018724869644528e-19 6.761923703332561096e-22
4.920189143094656756e+05 1.171498590528223686e-20 3.141606091584437441e-19 2.919373372622408450e-22 7.875579619503226419e-21 1.125304056779121045e-19 2.941833030207213763e-22
6.561177672614024486e+05 4.164144751532483099e-21 1.070663825132369778e-19 1.277851699453117178e-22 2.869900526168482498e-21 3.748410590422224917e-20 1.277689687454319694e-22
8.749471046662279405e+05 1.484542974263518581e-21 3.614121386465650204e-20 5.491391133942560770e-23 1.056632368818584228e-21 1.233752722965536777e-20 5.520232650409813552e-23
1.166760716081662104e+06 5.326260569562505555e-22 1.204154319054629271e-20 2.385256758575620124e-23 3.938111266836715779e-22 4.032384783787252523e-21 2.369746801733309982e-23
1.555900421101123560e+06 1.927083216639537012e-22 3.964442271756621657e-21 1.024220209617026155e-23 1.484060750072323916e-22 1.310070214606905036e-21 1.016220080298341821e-23
2.074826557850289159e+06 7.061884200594489857e-23 1.290712922035190953e-21 4.317335524562103391e-24 5.653526836762116794e-23 4.241252812076369635e-22 4.348541224432657279e-24
2.766825682915017474e+06 2.629179013957848814e-23 4.154568569235057704e-22 1.848753218212669010e-24 2.183817915179034240e-23 1.375118588936269003e-22 1.855675484229415141e-24
3.689621347227101214e+06 9.982523409151580103e-24 1.326784450435667791e-22 7.873773757215357420e-25 8.563471216587929143e-24 4.487002230160635655e-23 7.897839910000009958e-25
4.920189143094656989e+06 3.862770502884232086e-24 4.233875413192056748e-23 3.287254588872260365e-25 3.396421602647273847e-24 1.478032752938598022e-23 3.348380190287778217e-25
6.561177672614024952e+06 1.514153127366499783e-24 1.357583338211167212e-23 1.394992014406106287e-25 1.361612121253885259e-24 4.921207734585962237e-24 1.411153784590413185e-25
8.749471046662278473e+06 6.000419225241543632e-25 4.376079539575313411e-24 5.960476864554953490e-26 5.522443620949873714e-25 1.662936512259666443e-24 5.891963381858422679e-26
1.166760716081662104e+07 2.404869712679286548e-25 1.419860923844754565e-24 2.512938559203241808e-26 2.251385510114099771e-25 5.716193972001282882e-25 2.501247832097580187e-26
1.555900421101123467e+07 9.747907839177080334e-26 4.661578556115161194e-25 1.068086557783299944e-26 9.213644181470306111e-26 2.004080068206980466e-25 1.061957375568125050e-26
2.074826557850288972e+07 3.993122105965008973e-26 1.549782690681137315e-25 4.498239756947157506e-27 3.790196519075087475e-26 7.157943837215154955e-26 4.426285266154403178e-27
2.766825682915017009e+07 1.644094231161273392e-26 5.227597020703070877e-26 1.881052828237936349e-27 1.566307193113614210e-26 2.607255650489942171e-26 1.850746793090784630e-27
3.689621347227101028e+07 6.783111030650225373e-27 1.793397283868053793e-26 7.888573944784274204e-28 6.486899353054034616e-27 9.695690923855840291e-27 7.650729089189793724e-28
4.920189143094656616e+07 2.793696693497312245e-27 6.265599093589173796e-27 3.283712538708432991e-28 2.689791866960383634e-27 3.672256126912005441e-27 3.197262852807237314e-28
6.561177672614024580e+07 1.157059320669392707e-27 2.233479770832813941e-27 1.367138444510372756e-28 1.116907736090322147e-27 1.416343607163458669e-27 1.340820249662576758e-28
8.749471046662279963e+07 4.798802836432319304e-28 8.133687888024501206e-28 5.686636343054788898e-29 4.660182151894095620e-28 5.564440100682075840e-28 5.674171718197419099e-29
1.166760716081662029e+08 1.981224890756607587e-28 3.014437977471715851e-28 2.397339827442226658e-29 1.937510572813413796e-28 2.205384061747317319e-28 2.392619694916878440e-29
1.555900421101123393e+08 8.130804203751244624e-29 1.131924894200103647e-28 9.878934876937414105e-30 7.980253185345056288e-29 8.766287899818484791e-29 9.868487425263590331e-30
2.074826557850289047e+08 3.336040521559205597e-29 4.310350457968319001e-29 4.064440433594503311e-30 3.269137426542072791e-29 3.489427755853699427e-29 4.049438756881969228e-30
2.766825682915017605e+08 1.352877264155336345e-29 1.648642131170217087e-29 1.670097888571141857e-30 1.318798969733777952e-29 1.379474582500195129e-29 1.640464931367202430e-30
3.689621347227101326e+08 5.430860687844419534e-30 6.322967790883689452e-30 6.747282347698875702e-31 5.271269029337931165e-30 5.429712436386679303e-30 6.578541122759491309e-31
4.920189143094656467e+08 2.154503995586613718e-30 2.420206742909338778e-30 2.643306057136127143e-31 2.074752862134840444e-30 2.113405899586347149e-30 2.630854440712607008e-31
6.561177672614024878e+08 8.386394978802447136e-31 9.176882280327656173e-31 1.015667789494881068e-31 8.056923152451890943e-31 8.132296408450349062e-31 1.020591049026419122e-31
8.749471046662279367e+08 3.195889388796631827e-31 3.428266593123378527e-31 3.840930736334601321e-32 3.052598774460685190e-31 3.061789668411525853e-31 3.791623710739304940e-32
1.166760716081662178e+09 1.183158532444317604e-31 1.250059475057691387e-31 1.391278077015935100e-32 1.121289992209769895e-31 1.120851449905867430e-31 1.356109076542426034e-32
1.555900421101123333e+09 4.247955770360730591e-32 4.443161523340306793e-32 4.830218528197349938e-33 4.005191231509972872e-32 3.991666757104252646e-32 4.709200651073998600e-33
2.074826557850289106e+09 1.486609324564240523e-32 1.543956854019830681e-32 1.603273783646564623e-33 1.381229690315317426e-32 1.374819011461494502e-32 1.559661507989360846e-33
2.766825682915017128e+09 5.003613436120649869e-33 5.175670412464203457e-33 4.962430382031236346e-34 4.570171605190305291e-33 4.548040327590634908e-33 4.865518018327001292e-34
3.689621347227100849e+09 1.619553781659988950e-33 1.671457419048724174e-33 1.419836661845722863e-34 1.433684533537795725e-33 1.426807882646919237e-33 1.413205738720994012e-34
4.920189143094656944e+09 4.963861877295089283e-34 5.123253722755792844e-34 3.828608307885671283e-35 4.259505372707496319e-34 4.242248004729821425e-34 3.895867364776557462e-35
6.561177672614025116e+09 1.443820255280728460e-34 1.496200754578316838e-34 9.899750751100677795e-36 1.199111771602467920e-34 1.197708827474938002e-34 1.013148378601008493e-35
8.749471046662279129e+09 3.887201549835655804e-35 4.063110642509096656e-35 2.273288927309530868e-36 3.119055125661285605e-35 3.133002477944575696e-35 2.370175272529774096e-36
1.166760716081661987e+10 9.717837066470580192e-36 1.027875046105718264e-35 4.558721589567583555e-37 7.174658013957741577e-36 7.237019911571399942e-36 4.880513136606707444e-37
1.555900421101123428e+10 2.220101709936033923e-36 2.388694223487095803e-36 7.949677665924144798e-38 1.428828936918526883e-36 1.455424191999821379e-36 8.915167577217570581e-38
2.074826557850289154e+10 4.544809670755451088e-37 5.029877197594405016e-37 1.149160599281093530e-38 2.291484876605564996e-37 2.376740929768108682e-37 1.330692345669733384e-38
2.766825682915017319e+10 8.417970176257371564e-38 9.606008451331657584e-38 1.198900603723543022e-39 2.830246577379545667e-38 3.036152803173811204e-38 1.391147296692345386e-39
3.689621347227101135e+10 1.255829084949486501e-38 1.509196822926840287e-38 7.288797817752894727e-41 2.548255795708116187e-39 2.730965479548506822e-39 8.176506027707712468e-41
4.920189143094656372e+10 1.276771545016047482e-39 1.757974991184587096e-39 2.864925906921240024e-42 6.100440095380518214e-41 8.590818889758730155e-41 1.630351882580655400e-42
6.561177672614024353e+10 4.797510518755530950e-41 1.156675773559658180e-40 1.256663833871334175e-44 5.516692302199813909e-43 1.616020485515996813e-42 7.422602736842975678e-44
8.749471046662280273e+10 1.226767888495847352e-44 3.143355765648570740e-42 1.341856236798259167e-46 6.515807322720607184e-45 2.599949437904476160e-44 9.706253639941478475e-46
