1.166760716081661986e+00 9.839619889197004626e-04 1.807716822680033482e-03 2.957630650046734931e-10 8.228711280667833907e-04 1.806410426576398600e-03 3.262293501808517903e-10
1.555900421101123365e+00 6.665411742406451194e-04 1.233629276316273657e-03 2.954565373405531963e-10 5.506721631020234124e-04 1.230120866871693046e-03 3.202120328165546070e-10
2.074826557850288911e+00 4.406557612788969923e-04 8.163751029187042013e-04 2.762644784728323592e-10 3.580625431354711972e-04 8.148041893809530043e-04 2.913601891710535466e-10
2.766825682915017293e+00 2.823238941169368076e-04 5.219517997509364729e-04 2.269405892859357530e-10 2.249367037305401932e-04 5.219751400264050108e-04 2.332639360786322299e-10
3.689621347227101111e+00 1.745859924727837485e-04 3.214654913718713054e-04 1.838157133107138457e-10 1.360053655881445791e-04 3.222561533115981570e-04 1.821703086581699578e-10
4.920189143094656714e+00 1.040300779332682695e-04 1.901835757361336997e-04 1.483940599516274684e-10 7.900538877710512045e-05 1.913776677841133600e-04 1.426995587482697009e-10
6.561177672614024736e+00 5.959117785175910314e-05 1.078474620262674910e-04 1.158132580098297415e-10 4.402587389867458184e-05 1.091291301566381714e-04 1.100714288182073683e-10
8.749471046662279150e+00 3.271201745891124394e-05 5.844719713485016277e-05 8.487322901908840398e-11 2.350185404349559271e-05 5.961928957453314784e-05 7.947932003271822586e-11
1.166760716081661897e+01 1.716024519665027787e-05 3.021802729078552468e-05 5.676853579775412987e-11 1.201862656525463348e-05 3.116060955968784064e-05 5.321439257640307570e-11
1.555900421101123499e+01 8.603197500642886884e-06 1.499023488340761055e-05 3.726125456078905687e-11 5.906421274613392237e-06 1.560303662721300796e-05 3.526318277470296056e-11
2.074826557850288822e+01 4.147826749283430629e-06 7.233576384526870975e-06 2.409162190925305254e-11 2.811679939477589660e-06 7.535538369248476960e-06 2.309007584520550418e-11
2.766825682915017381e+01 1.947893725975094608e-06 3.435852704484567604e-06 1.527350832829273244e-11 1.311850869143686924e-06 3.549160995854634123e-06 1.469441258161423479e-11
3.689621347227100756e+01 9.026281648094065133e-07 1.618586955239033818e-06 9.151456260474130199e-12 6.064519316236077292e-07 1.648391173357586843e-06 8.888468647916386178e-12
4.920189143094656714e+01 4.155627020418358088e-07 7.557893541481454860e-07 5.094144315211131720e-12 2.792060799999766979e-07 7.603643008891584846e-07 4.981642418760265591e-12
6.561177672614024914e+01 1.902223748496561829e-07 3.503214700898303471e-07 2.765671713602415315e-12 1.279711215982618228e-07 3.491082028345380697e-07 2.732939131957480114e-12
8.749471046662279150e+01 8.637281660700013804e-08 1.616009722165451078e-07 1.473398601847532094e-12 5.824515285225459956e-08 1.594314178847843295e-07 1.471991274013489579e-12
1.166760716081661968e+02 3.880196965794754476e-08 7.403548064857784763e-08 7.706160734998935785e-13 2.624843340149800791e-08 7.231678000487147937e-08 7.792799890416234146e-13
1.555900421101123356e+02 1.718711809322847442e-08 3.365240091188812024e-08 3.956868429791661682e-13 1.167099091328442253e-08 3.251347840559967030e-08 4.023026038798703156e-13
2.074826557850288964e+02 7.475915536790099942e-09 1.515025592743884867e-08 1.995817650972895695e-13 5.096678154179178725e-09 1.445223522332250445e-08 2.034298500590656503e-13
2.766825682915017524e+02 3.180275228295801300e-09 6.743637898961677651e-09 1.017533456035871326e-13 2.175993406563693358e-09 6.333467174459365482e-09 1.016983933822999465e-13
3.689621347227101182e+02 1.318531613018119355e-09 2.966499543897505951e-09 5.152722198456944916e-14 9.051449483357972541e-10 2.729510227769840427e-09 5.044244117841237313e-14
4.920189143094656856e+02 5.316828096516134200e-10 1.289937393844276763e-09 2.566918320340463980e-14 3.661094676392897665e-10 1.155192785109739692e-09 2.491513705218024681e-14
6.561177672614023777e+02 2.083599852137069735e-10 5.544999641153504429e-10 1.249495260491091508e-14 1.438719625560769990e-10 4.801679664287779464e-10 1.226743906578460952e-14
8.749471046662279150e+02 7.937750561471416923e-11 2.357134003616888112e-10 6.014746570938458902e-15 5.493729881885289806e-11 1.961296700130310179e-10 5.951253051064634906e-15
1.166760716081661940e+03 2.943149649277197620e-11 9.924361401129845042e-11 2.862459788609845265e-15 2.040468719231594444e-11 7.886114295944049786e-11 2.902002720083130285e-15
1.555900421101123356e+03 1.064222467966004854e-11 4.144100664787238062e-11 1.357742227440896809e-15 7.386468009016100439e-12 3.127431666010122718e-11 1.422579893349681050e-15
2.074826557850288737e+03 3.763727264378128316e-12 1.716827290380351738e-11 6.478559382110882738e-16 2.614784959591773854e-12 1.226119981913205364e-11 6.939770841623611825e-16
2.766825682915017296e+03 1.306978462941649694e-12 7.076631800847419615e-12 3.097261933130707024e-16 9.089737991964224952e-13 4.761580848763660312e-12 3.311978797678646376e-16
3.689621347227101069e+03 4.481733714767041799e-13 2.907545716360895412e-12 1.476639796330090047e-16 3.118770054132682568e-13 1.836736907697653857e-12 1.545273625976557785e-16
4.920189143094656174e+03 1.528117343740797451e-13 1.193012749892484650e-12 7.090854285218966889e-17 1.062619428429628640e-13 7.067750653521689572e-13 7.235129124611543589e-17
6.561177672614025141e+03 5.214791858504273003e-14 4.896191248073538435e-13 3.438219001679249188e-17 3.616761203649449111e-14 2.724272255424504397e-13 3.404975036814570142e-17
8.749471046662278241e+03 1.791393349624255270e-14 2.009048989209092246e-13 1.645955451988174431e-17 1.235795169002290859e-14 1.053290998610402350e-13 1.609377769102959618e-17
1.166760716081662031e+04 6.217984417421138867e-15 8.240936169384324727e-14 7.756946013565459928e-18 4.252916147119503192e-15 4.082984443897060360e-14 7.564668763790671181e-18
1.555900421101123356e+04 2.181871161276565759e-15 3.373352231446435665e-14 3.602520334396346757e-18 1.475621737431100284e-15 1.586436245137410108e-14 3.551791425829982045e-18
2.074826557850289100e+04 7.725249350298676319e-16 1.370361893670867923e-14 1.681785781015186613e-18 5.157332291408031825e-16 6.160354998055787506e-15 1.671791630641758012e-18
2.766825682915017387e+04 2.751191690066533548e-16 5.492935648011363371e-15 7.849143243788961215e-19 1.811628677097605017e-16 2.379406407460367233e-15 7.835146101553207340e-19
3.689621347227100341e+04 9.815582369125497208e-17 2.169879309016862568e-15 3.669247639088257998e-19 6.381456545816314097e-17 9.109366362869989386e-16 3.651403922152799184e-19
4.920189143094656174e+04 3.497421255547604918e-17 8.409122261476940932e-16 1.709359770452891961e-19 2.249977461486909208e-17 3.437968595700617434e-16 1.710242548124460738e-19
6.561177672614024777e+04 1.242662713756295952e-17 3.191120592296521776e-16 7.881826431254652989e-20 7.944511642204256974e-18 1.274515913569942544e-16 7.955817577813985554e-20
8.749471046662278241e+04 4.396981680891061394e-18 1.185526164203600058e-16 3.620979528264487157e-20 2.808667085178293025e-18 4.645731065591772502e-17 3.658532587396309014e-20
1.166760716081661958e+05 1.551824108469935945e-18 4.310449304770214396e-17 1.655706247409025331e-20 9.961454499475310800e-19 1.664907354846160983e-17 1.664156127350523821e-20
1.555900421101123211e+05 5.475136712872886286e-19 1.538437989020778145e-17 7.567123140607589246e-21 3.547814226782820519e-19 5.862407872643631945e-18 7.482469279258605364e-21
2.074826557850289100e+05 1.934185459371843889e-19 5.416245151295473648e-18 3.412074156636379626e-21 1.271338865652169314e-19 2.031691490813515281e-18 3.372938057823727885e-21
2.766825682915017242e+05 6.862095040436809850e-20 1.879689813835013968e-18 1.510277080602198946e-21 4.600651764191651564e-20 6.937863347598270931e-19 1.524500333460189980e-21
3.689621347227101214e+05 2.456495681850296832e-20 6.431836589857126210e-19 6.603868901624814731e-22 1.684764332141715488e-20 2.340700934943892122e-19 6.773845204830896131e-22
4.920189143094656756e+05 8.867814682060846528e-21 2.191552038861990067e-19 2.924155219447678183e-22 6.241826222456172029e-21 7.847679320012269179e-20 2.946892146745029963e-22
6.561177672614024486e+05 3.216916346207441108e-21 7.440520376863199495e-20 1.279930863181719730e-22 2.332499148818580137e-21 2.612374721472853734e-20 1.279787949264469533e-22
8.749471046662279405e+05 1.172658603662981194e-21 2.506847960688387130e-20 5.500209439917209138e-23 8.807233377264898958e-22 8.612159838985564732e-21 5.528918362386059167e-23
1.166760716081662104e+06 4.308677400113105290e-22 8.350081808418386681e-21 2.388817399336454228e-23 3.364141194324070550e-22 2.825541034156011733e-21 2.373224912429751049e-23
1.555900421101123560e+06 1.597825966590600376e-22 2.752310945293126295e-21 1.025607662572136504e-23 1.297048976209310913e-22 9.234870607192557644e-22 1.017525866370885326e-23
2.074826557850289159e+06 6.003851981771174652e-23 8.983741918835467252e-22 4.322444201967323303e-24 5.043478009257753638e-23 3.014341872349795486e-22 4.353136370456513106e-24
2.766825682915017474e+06 2.290531612548724421e-23 2.903351503927543536e-22 1.850427574273265303e-24 1.984329071742404758e-23 9.879342604963313913e-23 1.857135824695113828e-24
3.689621347227101214e+06 8.896609691558974116e-24 9.324831397066755146e-23 7.878616067911396301e-25 7.907529019504327988e-24 3.268080722612823730e-23 7.901564878474395201e-25
4.920189143094656989e+06 3.513364227208075475e-24 2.998274128368174774e-23 3.288151460922710772e-25 3.179946599648796493e-24 1.094534451013258426e-23 3.348828865612493923e-25
6.561177672614024952e+06 1.401519458369203515e-24 9.706344493324098718e-24 1.394710282477448769e-25 1.290051129890300743e-24 3.717091358495990491e-24 1.410764692415544400e-25
8.749471046662278473e+06 5.636432058619463315e-25 3.165882756908304053e-24 5.955824075364549220e-26 5.285129426861085571e-25 1.285329127995563045e-24 5.887175874728261977e-26
1.166760716081662104e+07 2.286623127834022841e-25 1.042115628788043623e-24 2.509265058632727807e-26 2.172216146145797782e-25 4.530799900582700673e-25 2.497551942765726278e-26
1.555900421101123467e+07 9.360782382043714028e-26 3.481152115831627720e-25 1.065634631095516703e-26 8.947176282032366855e-26 1.630593000358466591e-25 1.059509873059863277e-26
2.074826557850288972e+07 3.864225019582089859e-26 1.181074593949027339e-25 4.483164828838518394e-27 3.698615718862897530e-26 5.982841760812275620e-26 4.411405370312203601e-27
2.766825682915017009e+07 1.599852968934661203e-26 4.075481418686816999e-26 1.872117533090835645e-27 1.533599307313630404e-26 2.236984106312447060e-26 1.841925091481364224e-27
3.689621347227101028e+07 6.624060341081994380e-27 1.432524792272307186e-26 7.836686881010537995e-28 6.363349966676994416e-27 8.519939304357950229e-27 7.599895303542397780e-28
4.920189143094656616e+07 2.732829747729277351e-27 5.128609063886031731e-27 3.254015407043203423e-28 2.639658313349898139e-27 3.294998810596084789e-27 3.168033744465869485e-28
6.561177672614024580e+07 1.131874774649756305e-27 1.873508862896478749e-27 1.350303888935947095e-28 1.094907755490180665e-27 1.292479598243181560e-27 1.324117935265480646e-28
8.749471046662279963e+07 4.686431027252443264e-28 6.977997797555434537e-28 5.591756010309176658e-29 4.556512780815684780e-28 5.143609502579786472e-28 5.578994500107910986e-29
1.166760716081662029e+08 1.928029260290514040e-28 2.635559863785435326e-28 2.343840130288939434e-29 1.886286609257710406e-28 2.055941522695885647e-28 2.339188446236220926e-29
1.555900421101123393e+08 7.868699723405112278e-29 1.004302864748409591e-28 9.584785463213220592e-30 7.720772765645640839e-29 8.204211963377286791e-29 9.574724266819478448e-30
2.074826557850289047e+08 3.204095156012859865e-29 3.863676823548872811e-29 3.904426456720613539e-30 3.136698692790321194e-29 3.264645361225091229e-29 3.889795073224525300e-30
2.766825682915017605e+08 1.286601566689875797e-29 1.485210246971493684e-29 1.584353086470058754e-30 1.251847238011843898e-29 1.284715774047230342e-29 1.555722811997346960e-30
3.689621347227101326e+08 5.102176293652997009e-30 5.695281923579424118e-30 6.299870258679946663e-31 4.938082499485763306e-30 5.014580053645815012e-30 6.137402869077891317e-31
4.920189143094656467e+08 1.995117143012410518e-30 2.169689497430197463e-30 2.418559962833498277e-31 1.913265686965073532e-30 1.928455504052891670e-30 2.406211940042793238e-31
6.561177672614024878e+08 7.638688416207697174e-31 8.153859458147589246e-31 9.063191361019799344e-32 7.299044812996261578e-31 7.310585865218635731e-31 9.112908584712726638e-32
8.749471046662279367e+08 2.858769264015508364e-31 3.008824661504480559e-31 3.328319146811155492e-32 2.711988680224779736e-31 2.705081330550021118e-31 3.287549994105093509e-32
1.166760716081662178e+09 1.037965472156584739e-31 1.080660022970715376e-31 1.164450850330698614e-32 9.755738324848886720e-32 9.714646555076298355e-32 1.134961351785567365e-32
1.555900421101123333e+09 3.652686531152892693e-32 3.777021059929514611e-32 3.884454120648210260e-33 3.411282919295589490e-32 3.390973112570913598e-32 3.786140054334357347e-33
2.074826557850289106e+09 1.253625336915874366e-32 1.290281130491102289e-32 1.234673970057068626e-33 1.151636797578600470e-32 1.144414751866695596e-32 1.200364872345080042e-33
2.766825682915017128e+09 4.138971078146076953e-33 4.250078849371900160e-33 3.649093535590771237e-34 3.732960732573106519e-33 3.711422455634228947e-33 3.574247318150852767e-34
3.689621347227100849e+09 1.316554759165291608e-33 1.350393486372628746e-33 9.947881357742306726e-35 1.148858618093804660e-33 1.142746704056047035e-33 9.890281110249803038e-35
4.920189143094656944e+09 3.970105365370101737e-34 4.074936536802504867e-34 2.556697120714635761e-35 3.354895245121407618e-34 3.340263250068223080e-34 2.599675033164918982e-35
6.561177672614025116e+09 1.138895646232514822e-34 1.174137847382028144e-34 6.332854799046063173e-36 9.308044976002211582e-35 9.295658440153834563e-35 6.475487926943615212e-36
8.749471046662279129e+09 3.028537881928245880e-35 3.149493450404120203e-35 1.400815548774813379e-36 2.392134199481680109e-35 2.402859037375858609e-35 1.458591623469492394e-36
1.166760716081661987e+10 7.499896547479338745e-36 7.890575181899374830e-36 2.714808555530778510e-37 5.445423536084013274e-36 5.491987905610438962e-36 2.903735248989574847e-37
1.555900421101123428e+10 1.702110079902899078e-36 1.820134316383886548e-36 4.603344227712090778e-38 1.074697245641119731e-36 1.094519320156846966e-36 5.156566762723199503e-38
2.074826557850289154e+10 3.464843933587623858e-37 3.806764524857170032e-37 6.500810907157352161e-39 1.711842705794087097e-37 1.774936125785699542e-37 7.528043832646943116e-39
2.766825682915017319e+10 6.392776620092653027e-38 7.230768525656763801e-38 6.664910723502672029e-40 2.102706174679423179e-38 2.254352173886479285e-38 7.723366627120970537e-40
3.689621347227101135e+10 9.504576541571688404e-39 1.129191374411663456e-38 3.979158020960093829e-41 1.882524133225376191e-39 2.014441289231121503e-39 4.464951075671454432e-41
4.920189143094656372e+10 9.621545042309530211e-40 1.304237588912403427e-39 1.541543184448179555e-42 4.477339288602064982e-41 6.276469296323382476e-41 8.634763452711136133e-43
6.561177672614024353e+10 3.605877986070391632e-41 8.475664062743602696e-41 6.421462579362174611e-45 3.952762312767097099e-43 1.154544590413014680e-42 3.909355061058281756e-44
8.749471046662280273e+10 8.923791126808727715e-45 2.283812899167312521e-42 6.840152035554151210e-47 4.665607742233058965e-45 1.845187892995863554e-44 5.070905617386116541e-46
