1.166760716081661986e+00 9.839199178279332131e-04 1.807580906480150311e-03 2.956166031985826387e-10 8.228281889202344402e-04 1.806276591300557234e-03 3.260767378758113331e-10
1.555900421101123365e+00 6.665248024529616538e-04 1.233549689481850536e-03 2.953064553100191395e-10 5.506530570185951554e-04 1.230042358060918139e-03 3.200574971755801748e-10
2.074826557850288911e+00 4.406549653893512635e-04 8.163327473768332895e-04 2.761220439676521612e-10 3.580576694861187822e-04 8.147631568237169138e-04 2.912152475019016657e-10
2.766825682915017293e+00 2.823306862366048832e-04 5.219324186263237268e-04 2.268183540751728475e-10 2.249389921446874987e-04 5.219573507148182745e-04 2.331410088294319357e-10
3.689621347227101111e+00 1.745951331128303198e-04 3.214588484446568683e-04 1.837134939049216039e-10 1.360102339874826223e-04 3.222510782115984543e-04 1.820679294186638811e-10
4.920189143094656714e+00 1.040388135736475473e-04 1.901830880099976916e-04 1.483092280979711391e-10 7.901038605179215482e-05 1.913786091403546627e-04 1.426150907503413662e-10
6.561177672614024736e+00 5.959831987377389284e-05 1.078492809657217614e-04 1.157450895927100670e-10 4.402993813872311976e-05 1.091322249164685179e-04 1.100036973951476971e-10
8.749471046662279150e+00 3.271725646924320739e-05 5.844932515464716026e-05 8.482078332156795321e-11 2.350471490118101960e-05 5.962253221295327969e-05 7.942708809757026024e-11
1.166760716081661897e+01 1.716374886568419362e-05 3.021964928032472230e-05 5.672991147245341684e-11 1.202042184189327508e-05 3.116315911268744174e-05 5.317599946685551113e-11
1.555900421101123499e+01 8.605362702839165949e-06 1.499122905449204597e-05 3.723350536193980232e-11 5.907452202369341751e-06 1.560472778789805394e-05 3.523577802016436111e-11
2.074826557850288822e+01 4.149114972588886426e-06 7.234131312967036328e-06 2.407209312995746109e-11 2.812258165513758859e-06 7.536555206960142666e-06 2.307088733611204236e-11
2.766825682915017381e+01 1.948700113258191695e-06 3.436195682044921577e-06 1.526014654721887962e-11 1.312213945611161574e-06 3.549789324998302557e-06 1.468129935843111926e-11
3.689621347227100756e+01 9.032085142298209584e-07 1.618858738636406671e-06 9.142631824233512183e-12 6.067376204301649819e-07 1.648847664693284497e-06 8.879787321906766320e-12
4.920189143094656714e+01 4.160419231246378271e-07 7.560444762851904046e-07 5.088518879819652625e-12 2.794706011294809074e-07 7.607576067158992656e-07 4.976074796056982859e-12
6.561177672614024914e+01 1.906424776487729784e-07 3.505720414416069143e-07 2.762196216533736077e-12 1.282236326564428173e-07 3.494750567800791640e-07 2.729483769849004110e-12
8.749471046662279150e+01 8.673547043817992391e-08 1.618379884468281496e-07 1.471302225340277459e-12 5.847473957317669222e-08 1.597699719605329349e-07 1.469903432501407933e-12
1.166760716081661968e+02 3.909575058810637833e-08 7.424342819286719444e-08 7.693861424748663624e-13 2.644005904337700007e-08 7.261045159428830270e-08 7.780500609164766539e-13
1.555900421101123356e+02 1.740430993935150900e-08 3.381819967161880910e-08 3.949757188773660755e-13 1.181518547530764607e-08 3.274594414831725202e-08 4.015935405073123861e-13
2.074826557850288964e+02 7.620699615110127518e-09 1.526921063689404889e-08 1.991805251588217226e-13 5.193870626281391864e-09 1.461783152764651995e-08 2.030326204364002025e-13
2.766825682915017524e+02 3.267267326669843983e-09 6.820473218974791516e-09 1.015340537699227466e-13 2.234834143219865945e-09 6.439431164943475938e-09 1.014806499890315486e-13
3.689621347227101182e+02 1.365987467035899248e-09 3.011581799918215630e-09 5.141090204177006550e-14 9.374346852375133557e-10 2.790864160617402170e-09 5.032646322685122653e-14
4.920189143094656856e+02 5.554504105188857933e-10 1.314305651602199880e-09 2.560903722038342802e-14 3.823652571239365640e-10 1.187745661429575163e-09 2.485522278487137653e-14
6.561177672614023777e+02 2.194203446861782372e-10 5.668275358822899451e-10 1.246445139173249452e-14 1.514723776898646924e-10 4.962306193848316957e-10 1.223690415259045410e-14
8.749471046662279150e+02 8.421270514649147967e-11 2.416388726534576139e-10 5.999779749890984833e-15 5.827398850037815858e-11 2.036069373650848401e-10 5.936149843943682174e-15
1.166760716081661940e+03 3.143524241337062197e-11 1.019838046130494837e-10 2.855315504670443142e-15 2.179236683568416706e-11 8.218569152540726632e-11 2.894701802214055230e-15
1.555900421101123356e+03 1.143474291569763818e-11 4.266969794272971720e-11 1.354429538999840024e-15 7.936827679337464207e-12 3.269891461045506644e-11 1.419154711503818694e-15
2.074826557850288737e+03 4.064321260769154168e-12 1.770484151061607554e-11 6.463475619062985359e-16 2.824050243265511881e-12 1.285296239985981910e-11 6.924146701476534538e-16
2.766825682915017296e+03 1.416713072316200271e-12 7.305463023786013075e-12 3.090485721924193104e-16 9.855941017111515240e-13 5.000475747497720975e-12 3.305007563338413284e-16
3.689621347227101069e+03 4.869000978422364980e-13 3.002993909000873889e-12 1.473721136890460299e-16 3.390087685683900151e-13 1.930662048404057746e-12 1.542196862582354383e-16
4.920189143094656174e+03 1.661024278360902904e-13 1.232121858693535217e-12 7.078447825806840595e-17 1.156061516155688304e-13 7.428914834094961761e-13 7.221778710408914840e-17
6.561177672614025141e+03 5.661662161944756570e-14 5.055015593101406473e-13 3.433037871198808506e-17 3.932208526802570362e-14 2.860978778723021285e-13 3.399282052892123072e-17
8.749471046662278241e+03 1.940010862587708381e-14 2.073721981056359973e-13 1.643846810037718939e-17 1.341152493852176119e-14 1.104694156713343435e-13 1.606983351540703165e-17
1.166760716081662031e+04 6.712075177389214425e-15 8.508389125354218144e-14 7.748526560008458190e-18 4.604218385434495115e-15 4.277083757325710203e-14 7.554756568301624533e-18
1.555900421101123356e+04 2.347646221688952467e-15 3.486682934642004698e-14 3.599159530864742026e-18 1.593409049548529742e-15 1.660838128112205925e-14 3.547721810617892132e-18
2.074826557850289100e+04 8.290213708081920000e-16 1.419491456064784977e-14 1.680440057376048284e-18 5.556069702145273932e-16 6.451570014360768683e-15 1.670140003750954638e-18
2.766825682915017387e+04 2.947072273744456543e-16 5.708637415497058179e-15 7.843745946336137424e-19 1.947960923930539728e-16 2.495575978784746513e-15 7.828529990383629732e-19
3.689621347227100341e+04 1.050405909458023854e-16 2.264490305583737927e-15 3.667088831431373945e-19 6.851039951098408201e-17 9.578120459183424676e-16 3.648762695531754283e-19
4.920189143094656174e+04 3.741171996224027808e-17 8.817241649140336829e-16 1.708505919865024709e-19 2.412261084006924653e-17 3.626601521427282313e-16 1.709194749591706930e-19
6.561177672614024777e+04 1.329009520815909442e-17 3.362367119757430273e-16 7.878353970381059659e-20 8.505169096331830837e-18 1.349330226778372562e-16 7.951535557400765643e-20
8.749471046662278241e+04 4.701126504243324922e-18 1.254969277553252144e-16 3.619530411682035878e-20 3.001449766000067506e-18 4.936111661893642042e-17 3.656764910679157926e-20
1.166760716081661958e+05 1.658046204202856092e-18 4.581998758847566891e-17 1.655093006710027972e-20 1.061981024606740659e-18 1.774721026108785971e-17 1.663431583666638428e-20
1.555900421101123211e+05 5.842445774947371775e-19 1.641125455198452516e-17 7.564517920363878443e-21 3.770776995249163830e-19 6.266248033852484600e-18 7.479411251475429081e-21
2.074826557850289100e+05 2.059844094395961435e-19 5.793995366703059026e-18 3.410941241632997715e-21 1.346256736003453041e-19 2.176303111453829932e-18 3.371640767108282010e-21
2.766825682915017242e+05 7.288020334737187925e-20 2.015048626116831381e-18 1.509775195456360167e-21 4.850895571778055327e-20 7.443067220698480335e-19 1.523948962397160105e-21
3.689621347227101214e+05 2.600187360634064338e-20 6.905461643246987155e-19 6.601655800689520216e-22 1.768064684166709839e-20 2.513484946463069949e-19 6.771487840666769293e-22
4.920189143094656756e+05 9.350453282549738053e-21 2.355281174297187219e-19 2.923196348853530324e-22 6.518318371298754091e-21 8.430364245713654029e-20 2.945892980849174667e-22
6.561177672614024486e+05 3.377761877200432863e-21 8.001116330862264747e-20 1.279517178969540770e-22 2.423821741508009950e-21 2.806175392688658797e-20 1.279376035985436516e-22
8.749471046662279405e+05 1.225740558591962081e-21 2.696392211318432662e-20 5.498476177269224106e-23 9.107593890177085453e-22 9.246482998291699932e-21 5.527231357439010068e-23
1.166760716081662104e+06 4.482368005480285912e-22 8.980968268005450376e-21 2.388129867084439367e-23 3.462669641063627321e-22 3.030831472655639313e-21 2.372559323519260067e-23
1.555900421101123560e+06 1.654215809041015527e-22 2.959298976918045395e-21 1.025346323684089266e-23 1.329333081066798374e-22 9.892261451102677060e-22 1.017282211712028983e-23
2.074826557850289159e+06 6.185711717481303029e-23 9.653555532491612571e-22 4.321518312358745077e-24 5.149373820740404120e-23 3.223011439385096544e-22 4.352316122195891802e-24
2.766825682915017474e+06 2.348950471999621225e-23 3.117000307464265739e-22 1.850145758877965506e-24 2.019127967669140669e-23 1.053817432484587206e-22 1.856895919821752164e-24
3.689621347227101214e+06 9.084562807112112260e-24 9.998419729411767101e-23 7.877928760234428420e-25 8.022398607886049119e-24 3.475632900156786783e-23 7.901088748364969178e-25
4.920189143094656989e+06 3.574017169637533082e-24 3.209499127987815286e-23 3.288116867458602154e-25 3.217964673064046415e-24 1.159887582136967281e-23 3.348878718969842874e-25
6.561177672614024952e+06 1.421124661049056575e-24 1.036841294025483741e-23 1.394840867724572361e-25 1.302649375587504248e-24 3.922478427224553106e-24 1.410914987957140865e-25
8.749471046662278473e+06 5.699989762854587647e-25 3.373157760990065599e-24 5.957138092259274818e-26 5.327039126938631781e-25 1.349805811531599385e-24 5.888510751881773844e-26
1.166760716081662104e+07 2.307370834459773179e-25 1.106888672206998700e-24 2.510200808972759699e-26 2.186276031090559799e-25 4.733478171496206436e-25 2.498491574572752273e-26
1.555900421101123467e+07 9.429277780152273699e-26 3.683837118989989270e-25 1.066233160176133914e-26 8.994996708502135471e-26 1.694568767614013191e-25 1.060107092234948885e-26
2.074826557850288972e+07 3.887356380552202368e-26 1.244486543830985847e-25 4.486769879095924912e-27 3.715347203243735640e-26 6.184668552589007440e-26 4.414966252233688462e-27
2.766825682915017009e+07 1.607970663497263422e-26 4.274036550007191867e-26 1.874230113497360544e-27 1.539738917999659130e-26 2.300840788750606693e-26 1.844011932752004559e-27
3.689621347227101028e+07 6.654169690937829062e-27 1.494893824438471123e-26 7.848870545218186195e-28 6.387384883599689016e-27 8.724029870677629176e-27 7.611832637923651571e-28
4.920189143094656616e+07 2.744802517729630546e-27 5.325926395120857620e-27 3.260954433316719882e-28 2.649808854447955210e-27 3.361166672703232380e-27 3.174861332477302049e-28
6.561177672614024580e+07 1.137030892203081845e-27 1.936374971310584571e-27 1.354221182579445653e-28 1.099531579680931481e-27 1.314554641496672325e-27 1.328003781177919697e-28
8.749471046662279963e+07 4.710243032294824933e-28 7.181775491141478748e-28 5.613743176672517845e-29 4.578942880910281541e-28 5.220371548160192115e-28 5.601046787166319605e-29
1.166760716081662029e+08 1.939579627423154156e-28 2.703310345121898064e-28 2.356178233550309006e-29 1.897572803061310461e-28 2.084036773151175478e-28 2.351510274353422101e-29
1.555900421101123393e+08 7.926398423472105157e-29 1.027571829627915989e-28 9.652230488281067413e-30 7.778429183797269198e-29 8.313532628379896581e-29 9.642078565798993327e-30
2.074826557850289047e+08 3.233279670358750784e-29 3.947128966485105729e-29 3.940852880185563453e-30 3.166152281320189735e-29 3.309788621207561230e-29 3.926134254467990920e-30
2.766825682915017605e+08 1.301226986002897353e-29 1.516560621528236771e-29 1.603700440352354991e-30 1.266664061477975884e-29 1.304218688112690905e-29 1.574841342175702179e-30
3.689621347227101326e+08 5.174169421176468065e-30 5.818601252782222717e-30 6.399730900212520179e-31 5.011142830850172573e-30 5.101263436834017084e-30 6.235843756303310760e-31
4.920189143094656467e+08 2.029637539562437298e-30 2.219786547119856722e-30 2.468057572656938561e-31 1.948232917654291587e-30 1.967240670972566905e-30 2.455692607014327573e-31
6.561177672614024878e+08 7.798368122642853934e-31 8.360342526466689206e-31 9.300198836597054503e-32 7.460694884667514478e-31 7.482259517148228614e-31 9.349960013738931547e-32
8.749471046662279367e+08 2.929624854214753662e-31 3.093585346470190058e-31 3.437371037027526978e-32 2.783419563821895783e-31 2.778897261209105458e-31 3.394853800909843914e-32
1.166760716081662178e+09 1.067964790528076716e-31 1.114719444236038774e-31 1.211647530492170975e-32 1.005581703629315825e-31 1.001966425960035832e-31 1.180998597629766540e-32
1.555900421101123333e+09 3.773544356556374874e-32 3.909710231151555169e-32 4.076282026042041568e-33 3.531327151236116707e-32 3.511729736820065418e-32 3.973441442869758230e-33
2.074826557850289106e+09 1.300121997567174971e-32 1.340225781104233808e-32 1.307359809114334111e-33 1.197182785274735291e-32 1.189968105084266479e-32 1.271232740920626404e-33
2.766825682915017128e+09 4.308665991655444755e-33 4.429949144164561001e-33 3.900219981156638162e-34 3.896044144976936227e-33 3.874069273650901954e-33 3.821162312507402097e-34
3.689621347227100849e+09 1.375104462237366738e-33 1.411969072269331001e-33 1.073421834795055310e-34 1.203388375229796971e-33 1.197070450784820020e-33 1.067508021112975825e-34
4.920189143094656944e+09 4.159371549393673766e-34 4.273378015051148550e-34 2.784263906531251531e-35 3.525309842988004081e-34 3.510088399210393088e-34 2.831680381583739511e-35
6.561177672614025116e+09 1.196227959221805589e-34 1.234373624702315320e-34 6.951703657509664860e-36 9.806273583249123966e-35 9.793485823048196806e-35 7.110070641192435304e-36
8.749471046662279129e+09 3.188103623704775412e-35 3.318434878489802794e-35 1.548051529797624267e-36 2.525429260672327933e-35 2.536760034021002530e-35 1.612448244630964644e-36
1.166760716081661987e+10 7.908135624344515467e-36 8.327926355255058898e-36 3.018011464285691023e-37 5.758913933237997843e-36 5.808385311176608852e-36 3.228953089264173686e-37
1.555900421101123428e+10 1.796749229436427508e-36 1.923412420141655470e-36 5.141637641305035089e-38 1.138252457967383583e-36 1.159306608849372163e-36 5.761583782422455857e-38
2.074826557850289154e+10 3.660856266127267781e-37 4.027234830596979245e-37 7.288715900460653941e-39 1.815055899119395988e-37 1.882121100029171706e-37 8.442548919835999623e-39
2.766825682915017319e+10 6.758292472299446070e-38 7.655899079755800063e-38 7.493706567193859811e-40 2.231427925007031747e-38 2.392708323946844844e-38 8.690054441976229947e-40
3.689621347227101135e+10 1.005226892032704535e-38 1.196633971902973614e-38 4.487475814628259458e-41 1.999634296275272646e-39 2.140500920317359359e-39 5.041727162773988765e-41
4.920189143094656372e+10 1.018159338487161713e-39 1.383923720178075115e-39 1.743109392339316790e-42 4.764187001178552243e-41 6.684761160122650816e-41 9.859170009765696208e-43
6.561177672614024353e+10 3.817073826203745952e-41 9.012039005732811478e-41 7.380497805450519808e-45 4.235675333553410351e-43 1.236979851006983669e-42 4.470683770263685150e-44
8.749471046662280273e+10 9.539021066295968724e-45 2.431722317037351276e-42 7.865303764093049368e-47 5.001265045194342905e-45 1.981713938725146619e-44 5.807092462810438959e-46
