1.166760716081661986e+00 9.838842917085745873e-04 1.807676299190028686e-03 5.758012235115831313e-13 8.227935221517087465e-04 1.806367145590938089e-03 5.790242684826269240e-13
1.555900421101123365e+00 6.664572481084328525e-04 1.233562651479896402e-03 6.199461355483754786e-13 5.505922247346358789e-04 1.230053667949612553e-03 6.215570172414447309e-13
2.074826557850288911e+00 4.405766322123521629e-04 8.163024393574489466e-04 6.458579474169099933e-13 3.579903077669502505e-04 8.147307446344519187e-04 6.469935135431162133e-13
2.766825682915017293e+00 2.822564440417819030e-04 5.218847870344579159e-04 6.465320899673994585e-13 2.248772912714237912e-04 5.219066437424290869e-04 6.465838878442462570e-13
3.689621347227101111e+00 1.745329080145616000e-04 3.214102393306428156e-04 6.461647618558680027e-13 1.359601464854954655e-04 3.221989593398979883e-04 6.465546086008888416e-13
4.920189143094656714e+00 1.039907771403607973e-04 1.901416561222378477e-04 6.462294900223102409e-13 7.897315457510114991e-05 1.913336045439239738e-04 6.462754088087136110e-13
6.561177672614024736e+00 5.956356932734892197e-05 1.078178598917947737e-04 6.459499519206018670e-13 4.400423510509926230e-05 1.090973424332618974e-04 6.460374871193474818e-13
8.749471046662279150e+00 3.269360055210917507e-05 5.842773245500422941e-05 6.452740590210530881e-13 2.348816825068534927e-05 5.959773069434109853e-05 6.459051538912746441e-13
1.166760716081661897e+01 1.714860068321617600e-05 3.020614662844698235e-05 6.408906996462556947e-13 1.201046302965335301e-05 3.114688042897693270e-05 6.417548428118328286e-13
1.555900421101123499e+01 8.596192819381874068e-06 1.498348305306148615e-05 6.331172447463973670e-13 5.901785833664167574e-06 1.559483590031536599e-05 6.339435572024235080e-13
2.074826557850288822e+01 4.143707296514779215e-06 7.229906028690935221e-06 6.024091933056193231e-13 2.809088234415259824e-06 7.530865464399470319e-06 6.031267302007085764e-13
2.766825682915017381e+01 1.945367671909424313e-06 3.433811748996056009e-06 5.257843540019878471e-13 1.310314524589716552e-06 3.546465012724152161e-06 5.263573011926244504e-13
3.689621347227100756e+01 9.008951643632185877e-07 1.617320681024420927e-06 4.400626909342041754e-13 6.054033173273905392e-07 1.646673222543454329e-06 4.404545223411965915e-13
4.920189143094656714e+01 4.142224666160476032e-07 7.548778674343945328e-07 3.595708411015906640e-13 2.783786955765208122e-07 7.590996335341704293e-07 3.597952406455093948e-13
6.561177672614024914e+01 1.891232008945208996e-07 3.495848753096898434e-07 2.877481431085418817e-13 1.272740849544793337e-07 3.480718224797402023e-07 2.878472018468786063e-13
8.749471046662279150e+01 8.548345257075894753e-08 1.609867025805923695e-07 2.235964950617780907e-13 5.766860755583230647e-08 1.585618872407662840e-07 2.236069069086896921e-13
1.166760716081661968e+02 3.812700343789078041e-08 7.354311688362575931e-08 1.659681029342944682e-13 2.580411887721152865e-08 7.161912299883273279e-08 1.659367183290614449e-13
1.555900421101123356e+02 1.671965067309502049e-08 3.328832022782108123e-08 1.181863411481927292e-13 1.135995833527451214e-08 3.199918726897419166e-08 1.181402327823089402e-13
2.074826557850288964e+02 7.183153615149433103e-09 1.490593417402915603e-08 8.118045268417259604e-14 4.900363103542975014e-09 1.410943939837158768e-08 8.113084595416614924e-14
2.766825682915017524e+02 3.014044225118117843e-09 6.594806818360785070e-09 5.390107408627991824e-14 2.063852612383665595e-09 6.126888558533256491e-09 5.385744656290379321e-14
3.689621347227101182e+02 1.232179158316057307e-09 2.883357337880784775e-09 3.463077972738003190e-14 8.465848737448579446e-10 2.615905061619613263e-09 3.459569030371647701e-14
4.920189143094656856e+02 4.901700112998718538e-10 1.246708435761644423e-09 2.155063407556859255e-14 3.378183365168425046e-10 1.097400618142042356e-09 2.152458577018343436e-14
6.561177672614023777e+02 1.896841993271939652e-10 5.332565694313710243e-10 1.299772274253728552e-14 1.310844748609700219e-10 4.525753702995860048e-10 1.297983847757640570e-14
8.749471046662279150e+02 7.144028610760231458e-11 2.257119439240610452e-10 7.588730922072248050e-15 4.947878966932212248e-11 1.836028983029210597e-10 7.577367307152100109e-15
1.166760716081661940e+03 2.622149680166479051e-11 9.468575815452181550e-11 4.270786001455883874e-15 1.818870575258685058e-11 7.339652180686053441e-11 4.263946871517149093e-15
1.555900421101123356e+03 9.400684864761843258e-12 3.941988187821285525e-11 2.305363006693720952e-15 6.526575517972051863e-12 2.896789708818940104e-11 2.301534447745456966e-15
2.074826557850288737e+03 3.303054198341877433e-12 1.629421806523465679e-11 1.193127017195427971e-15 2.294623409431625340e-12 1.131578393530902386e-11 1.191107035826634803e-15
2.766825682915017296e+03 1.142655769040709235e-12 6.707390600847272560e-12 5.962503876631288471e-16 7.942506007338180700e-13 4.384849148590771564e-12 5.952339157724262661e-16
3.689621347227101069e+03 3.916781710520593020e-13 2.754948276921523502e-12 2.914842775985179534e-16 2.722049258504649662e-13 1.690615904097924422e-12 2.909836534412046189e-16
4.920189143094656174e+03 1.340275119323919487e-13 1.130985871283182716e-12 1.410900965415314346e-16 9.297590683732146731e-14 6.513741781880074629e-13 1.408466118923636959e-16
6.561177672614025141e+03 4.608658762177296306e-14 4.645574604271702446e-13 6.799505517686236689e-17 3.183963829820741015e-14 2.517478911996759623e-13 6.787752394318378490e-17
8.749471046662278241e+03 1.600945282548045350e-14 1.907072343928691471e-13 3.265811080133575291e-17 1.098131690505079918e-14 9.765318847494807105e-14 3.260163262499279584e-17
1.166760716081662031e+04 5.634631144542020101e-15 7.817497012928329412e-14 1.563356262682942979e-17 3.825095197346160537e-15 3.796298958449679557e-14 1.560649857743283856e-17
1.555900421101123356e+04 2.008861696570610780e-15 3.192631019582303620e-14 7.459058110173139419e-18 1.346562642365549556e-15 1.477466132266424194e-14 7.446147756822355871e-18
2.074826557850289100e+04 7.239986327636483392e-16 1.291499128623016253e-14 3.546905819332437863e-18 4.786974013135827243e-16 5.736570979511371539e-15 3.540743825916908770e-18
2.766825682915017387e+04 2.631150057620681675e-16 5.145868903781538399e-15 1.680744351108538734e-18 1.715600728076393673e-16 2.211403559918794808e-15 1.677806551289963572e-18
3.689621347227100341e+04 9.616381861287473347e-17 2.018187517670114518e-15 7.934792579905886556e-19 6.193267729338923192e-17 8.437214753642208883e-16 7.920845369047505461e-19
4.920189143094656174e+04 3.530431154615381176e-17 7.761156786730947062e-16 3.730692716252603264e-19 2.252155036343982254e-17 3.171121916338903238e-16 3.724103219355599527e-19
6.561177672614024777e+04 1.302987680462234887e-17 2.923389736789196593e-16 1.746045588273879097e-19 8.267227726791481189e-18 1.170802223543298876e-16 1.742941219767713131e-19
8.749471046662278241e+04 4.840190041870630779e-18 1.079151747661610112e-16 8.129389824886741187e-20 3.066827068028715579e-18 4.254201704768563714e-17 8.114840062082135450e-20
1.166760716081661958e+05 1.815654251297409918e-18 3.905016010853808072e-17 3.762277897835048501e-20 1.152257569229609679e-18 1.522209276166966728e-17 3.755491099183130450e-20
1.555900421101123211e+05 6.896187954531099183e-19 1.389907669193431424e-17 1.729164516929188904e-20 4.391125891291684801e-19 5.363431389238792384e-18 1.726017533530521708e-20
2.074826557850289100e+05 2.655043078126151913e-19 4.891013152183677984e-18 7.884905085807366585e-21 1.698966962067463185e-19 1.865147710833313736e-18 7.870431952743748098e-21
2.766825682915017242e+05 1.036893592111993399e-19 1.700916007188894462e-18 3.563914290387908286e-21 6.672342528993178209e-20 6.411860894057200811e-19 3.557320944050192327e-21
3.689621347227101214e+05 4.108726410416852094e-20 5.848577209018457149e-19 1.595378550622899010e-21 2.654896552436405731e-20 2.186047158568472797e-19 1.592410193706282843e-21
4.920189143094656756e+05 1.646778931388877555e-20 2.008298186148974448e-19 7.069240800758816162e-22 1.066878891973089104e-20 7.437365348723913000e-20 7.056042524459428966e-22
6.561177672614024486e+05 6.650444002576530854e-21 6.892993391266904272e-20 3.101053156624315910e-22 4.316411952005471225e-21 2.525098096898982949e-20 3.095249777309082852e-22
8.749471046662279405e+05 2.700973022506563219e-21 2.356833487039691175e-20 1.348348026971009717e-22 1.756509915265295768e-21 8.544904557289481990e-21 1.345823030020661037e-22
1.166760716081662104e+06 1.103259023227915637e-21 8.007262268734460973e-21 5.824313603615785307e-23 7.191372098206251774e-22 2.899596051109799290e-21 5.813403218025275435e-23
1.555900421101123560e+06 4.534150248508283374e-22 2.709714690221492009e-21 2.505950685135581567e-23 2.963442723756359245e-22 9.897102116992756726e-22 2.501254637800535915e-23
2.074826557850289159e+06 1.875452590186900174e-22 9.157212205120594296e-22 1.075969101877089830e-23 1.229041899098450614e-22 3.413450305749121071e-22 1.073951112338997792e-23
2.766825682915017474e+06 7.805261427861834409e-23 3.097574055865785148e-22 4.613467932082856393e-24 5.125157615162480153e-23 1.196209038857741003e-22 4.604805564940843683e-24
3.689621347227101214e+06 3.265923418874608110e-23 1.054928167657449385e-22 1.975346094678924834e-24 2.146640307782762311e-23 4.277026485729338088e-23 1.971633672737618704e-24
4.920189143094656989e+06 1.371906118740369541e-23 3.646738570972982431e-23 8.443969834436348724e-25 9.018065195764285932e-24 1.563278332515754444e-23 8.428081016846184129e-25
6.561177672614024952e+06 5.777089130773845074e-24 1.286830868348711779e-23 3.602707127394000954e-25 3.795399892806251836e-24 5.836039011271195876e-24 3.595919663179584001e-25
8.749471046662278473e+06 2.435980694641367141e-24 4.638134940139320604e-24 1.533928160580527061e-25 1.598803934559161335e-24 2.223413863664134238e-24 1.531033986854752057e-25
1.166760716081662104e+07 1.027570176668796402e-24 1.707456368808271218e-24 6.516435116536516159e-26 6.735133202440803683e-25 8.631764860947694853e-25 6.504121358522484845e-26
1.555900421101123467e+07 4.332199589854138273e-25 6.422530112372139457e-25 2.761364557257522048e-26 2.834555036657798839e-25 3.405457311634520612e-25 2.756139209045872242e-26
2.074826557850288972e+07 1.823903631102099581e-25 2.461083908180986995e-25 1.166608690527982778e-26 1.190779646490732770e-25 1.358879293305522803e-25 1.164397818920943539e-26
2.766825682915017009e+07 7.663015333307068492e-26 9.582845059345905390e-26 4.910949936479862036e-27 4.990059884782844589e-26 5.469997396385199594e-26 4.901630013415663873e-27
3.689621347227101028e+07 3.211868889982883021e-26 3.781690223298864618e-26 2.059309361786405484e-27 2.085533487297016758e-26 2.216801076712297605e-26 2.055395631705101889e-27
4.920189143094656616e+07 1.342869958984779883e-26 1.508685509407281564e-26 8.602396187398247207e-28 8.692147190419817537e-27 9.023208440251282620e-27 8.586016896862733293e-28
6.561177672614024580e+07 5.598877573744307573e-27 6.063631831746653573e-27 3.578800764718595907e-28 3.610352092783038650e-27 3.681715839947201946e-27 3.571969363657374513e-28
8.749471046662279963e+07 2.326133013772013951e-27 2.449672433852829455e-27 1.481224858434368710e-28 1.492637793423232307e-27 1.501884520372619582e-27 1.478388746837606584e-28
1.166760716081662029e+08 9.619659534300553558e-28 9.917558248533346347e-28 6.089619278770381433e-29 6.133440275799983366e-28 6.108842627904690467e-28 6.077916727668211517e-29
1.555900421101123393e+08 3.954536803850310117e-28 4.011128805283175463e-28 2.481877052527024700e-29 2.500602774607610774e-28 2.471555191337331902e-28 2.477087346451947257e-29
2.074826557850289047e+08 1.613478184598170177e-28 1.616340030825594009e-28 1.000245533688062452e-29 1.009479647822976944e-28 9.920231071896508103e-29 9.983059118762783588e-30
2.766825682915017605e+08 6.521929296931088517e-29 6.471553101362357181e-29 3.974393060210455010e-30 4.025780910398360895e-29 3.939142323057868469e-29 3.966646559727523922e-30
3.689621347227101326e+08 2.606315046165134832e-29 2.567592439292405839e-29 1.551127281153374862e-30 1.581783666242695729e-29 1.542793327440086557e-29 1.548088208848175060e-30
4.920189143094656467e+08 1.027241363308222193e-29 1.006318538978925239e-29 5.919034046318800723e-31 6.104972312388821486e-30 5.940687292628766154e-30 5.907378460643604813e-31
6.561177672614024878e+08 3.982262409624327144e-30 3.884097158052149250e-30 2.196294951160693576e-31 2.306910371932818532e-30 2.241144389203993523e-30 2.191950547670374321e-31
8.749471046662279367e+08 1.514126189253027642e-30 1.471646614775781351e-30 7.874456818986969126e-32 8.507648332933220532e-31 8.255870087036503987e-31 7.858829003929167511e-32
1.166760716081662178e+09 5.630358001904879335e-31 5.456204820886786583e-31 2.711143380549845490e-32 3.053094661555311544e-31 2.960575594783476644e-31 2.705749839565164635e-32
1.555900421101123333e+09 2.040574035448919102e-31 1.972323680772955041e-31 8.905112655771544808e-33 1.061983869232807187e-31 1.029385241131475065e-31 8.887377201293801184e-33
2.074826557850289106e+09 7.176044001518154508e-32 6.919002466546123405e-32 2.771318530908935691e-33 3.562788476824638203e-32 3.452982273312996699e-32 2.765801126359429686e-33
2.766825682915017128e+09 2.434794898458248161e-32 2.341801145212307393e-32 8.115785064074295689e-34 1.145189320286533016e-32 1.110053316063394952e-32 8.099660856207690369e-34
3.689621347227100849e+09 7.910973831900233221e-33 7.588575989767728231e-33 2.220690366253552443e-34 3.493780853849495702e-33 3.388036399779638337e-33 2.216299218721315651e-34
4.920189143094656944e+09 2.436712304612985724e-33 2.330334501018539751e-33 5.629184956836003929e-35 9.978796833918527118e-34 9.685246723106555163e-34 5.618162406530262649e-35
6.561177672614025116e+09 7.017401089704760626e-34 6.686813582837138226e-34 1.305632056216140706e-35 2.614486450950053352e-34 2.541900505702815939e-34 1.303122773154483524e-35
8.749471046662279129e+09 1.853680080617610250e-34 1.758360932969307238e-34 2.714529669295899792e-36 6.095054403289656535e-35 5.945713490357242022e-35 2.709477359756370093e-36
1.166760716081661987e+10 4.373803676988380278e-35 4.124469407576895777e-35 4.890086540479958166e-37 1.206992720320179856e-35 1.185505600267032601e-35 4.881448271008041596e-37
1.555900421101123428e+10 8.884199596501968376e-36 8.313039246418156739e-36 7.236747058028953058e-38 1.887098923284870482e-36 1.881421979722950454e-36 7.225056917668238639e-38
2.074826557850289154e+10 1.474603590164842683e-36 1.366933347851792511e-36 8.072897160550456345e-39 2.058500268160278569e-37 2.128697653746131397e-37 8.061877411523536422e-39
2.766825682915017319e+10 1.851469496816333385e-37 1.708130937130638026e-37 5.838190187496232396e-40 1.234422511421756243e-38 1.426561445325985835e-38 5.832581809244293067e-40
3.689621347227101135e+10 1.549255423133555214e-38 1.491654778401162555e-38 1.972631185956844567e-41 2.241566374710796157e-40 4.420217877121330864e-40 1.971813844355846738e-41
4.920189143094656372e+10 6.828997554113581371e-40 9.335933213339618886e-40 0.000000000000000000e+00 1.238047550598691838e-42 1.362419358897854958e-41 0.000000000000000000e+00
6.561177672614024353e+10 1.074398174761680789e-41 6.143675633127781832e-41 0.000000000000000000e+00 4.632003692028042425e-44 6.829248606867941090e-43 0.000000000000000000e+00
8.749471046662280273e+10 8.811456790390280833e-46 2.017795111965722417e-42 0.000000000000000000e+00 3.186857705755501405e-46 1.213692434141284082e-44 0.000000000000000000e+00
