1.166760716081661986e+00 9.837874440642340249e-04 1.807390537474773537e-03 5.735104651418407074e-13 8.226968785863642908e-04 1.806083369677417361e-03 5.767202186201797133e-13
1.555900421101123365e+00 6.664170980912551565e-04 1.233395208137758959e-03 6.174796811042246925e-13 5.505478246542826583e-04 1.229886947875056787e-03 6.190844034344963519e-13
2.074826557850288911e+00 4.405710624275400327e-04 8.162132715984620228e-04 6.432883114524015164e-13 3.579773401557088215e-04 8.146432481763219271e-04 6.444194840476295399e-13
2.766825682915017293e+00 2.822681592384896515e-04 5.218439470996688980e-04 6.439594593175746677e-13 2.248804409101351183e-04 5.218683366377624639e-04 6.440115904648405958e-13
3.689621347227101111e+00 1.745505384192015989e-04 3.213962489915242818e-04 6.435937951717217831e-13 1.359694572972252051e-04 3.221876899425120139e-04 6.439823417580507244e-13
4.920189143094656714e+00 1.040082534324457625e-04 1.901406922686325472e-04 6.436582935664145032e-13 7.898323068275992127e-05 1.913352567602114777e-04 6.437043056643279904e-13
6.561177672614024736e+00 5.957818127877676390e-05 1.078218303358650031e-04 6.433801140462025085e-13 4.401266794186961155e-05 1.091037505622050816e-04 6.434671400549871832e-13
8.749471046662279150e+00 3.270453819821344372e-05 5.843242276004622786e-05 6.427069120110374342e-13 2.349426315826720339e-05 5.960463055963982219e-05 6.433352840049341839e-13
1.166760716081661897e+01 1.715609278343821983e-05 3.020981726345642164e-05 6.383424806587300489e-13 1.201441997325117496e-05 3.115245010490440053e-05 6.392029920028262770e-13
1.555900421101123499e+01 8.600979507531544295e-06 1.498584685393995773e-05 6.306020204350763770e-13 5.904177451148598157e-06 1.559867170586662016e-05 6.314249780319926636e-13
2.074826557850288822e+01 4.146693821198436917e-06 7.231333269414384606e-06 6.000257358689748022e-13 2.810533519195659279e-06 7.533305827055673364e-06 6.007404211519726187e-13
2.766825682915017381e+01 1.947346331021167362e-06 3.434766553232620904e-06 5.237279791939064508e-13 1.311294987233314983e-06 3.548079382976065632e-06 5.242987126799386034e-13
3.689621347227100756e+01 9.023820372300564665e-07 1.618096539924897783e-06 4.383627672548026278e-13 6.062000941442473142e-07 1.647902987776557121e-06 4.387531588695598591e-13
4.920189143094656714e+01 4.154634106445216874e-07 7.555898449278521937e-07 3.581970246247313980e-13 2.791025534287174157e-07 7.601659352884928918e-07 3.584206444747885063e-13
6.561177672614024914e+01 1.901898402648185376e-07 3.502547683949132174e-07 2.866594289593848037e-13 1.279351851220547973e-07 3.490419375683541771e-07 2.867581980310176227e-13
8.749471046662279150e+01 8.636747006323448300e-08 1.615889635499527409e-07 2.227594478150343577e-13 5.823722514561990869e-08 1.594195736459669863e-07 2.227699016798262224e-13
1.166760716081661968e+02 3.880565746329638012e-08 7.404217153834949174e-08 1.653558616430292217e-13 2.625032144940007323e-08 7.232353944183967721e-08 1.653246588223867397e-13
1.555900421101123356e+02 1.719235622852816603e-08 3.366274308316593245e-08 1.177581757969628240e-13 1.167503188985756849e-08 3.252381979089392538e-08 1.177122856021781171e-13
2.074826557850288964e+02 7.480165664508351402e-09 1.515897063400673585e-08 8.089236583677915015e-14 5.100165562592284622e-09 1.446091073778488667e-08 8.084297365777577552e-14
2.766825682915017524e+02 3.183093352891414638e-09 6.749628166289200256e-09 5.371419910290916479e-14 2.178352681798170686e-09 6.339411041324491742e-09 5.367075131069457511e-14
3.689621347227101182e+02 1.320194484528837500e-09 2.970168591591474836e-09 3.451384821207596248e-14 9.065422612000241995e-10 2.733134123582271287e-09 3.447889779873297405e-14
4.920189143094656856e+02 5.325865493468949510e-10 1.292009496111421473e-09 2.148003768998389923e-14 3.668645407692399426e-10 1.157226371844531397e-09 2.145408899793831684e-14
6.561177672614023777e+02 2.088222787998792247e-10 5.556002798813886392e-10 1.295661061268551801e-14 1.442534773599537990e-10 4.812386523411970692e-10 1.293879223577791167e-14
8.749471046662279150e+02 7.960396718905586182e-11 2.362704444897547446e-10 7.565710428656503959e-15 5.512065454251496946e-11 1.966655689637708583e-10 7.554386973031619898e-15
1.166760716081661940e+03 2.953885957049393419e-11 9.951493084093768913e-11 4.258497658797369423e-15 2.048965063366745331e-11 7.911872465562801351e-11 4.251681430868372793e-15
1.555900421101123356e+03 1.069190687675286725e-11 4.156909134279186303e-11 2.299183041136027018e-15 7.424686548460479120e-12 3.139412816647670855e-11 2.295366432270747865e-15
2.074826557850288737e+03 3.786300544420599768e-12 1.722726040714248171e-11 1.190223193471143841e-15 2.631622255267397016e-12 1.231556604137458582e-11 1.188208956213397667e-15
2.766825682915017296e+03 1.317120577906155572e-12 7.103325878607671327e-12 5.949746718766672865e-16 9.163092129860056775e-13 4.785845226065801539e-12 5.939607544155591395e-16
3.689621347227101069e+03 4.527170564020307687e-13 2.919508986920990301e-12 2.909541322182466624e-16 3.150737562695700481e-13 1.847479822898708021e-12 2.904545842484237467e-16
4.920189143094656174e+03 1.548586609158152795e-13 1.198356582027309862e-12 1.408784469543226186e-16 1.076669195372768327e-13 7.115222619981476189e-13 1.406353990728350084e-16
6.561177672614025141e+03 5.307864453969108264e-14 4.920061786706924797e-13 6.791336783346850284e-17 3.679336551446247429e-14 2.745273676810813446e-13 6.779600833678885577e-17
8.749471046662278241e+03 1.834118014755817055e-14 2.019716599293085720e-13 3.262781612221529852e-17 1.264041269112561472e-14 1.062593181403382189e-13 3.257140315971073503e-17
1.166760716081662031e+04 6.415317413233672549e-15 8.288533224764779367e-14 1.562294004534283044e-17 4.381722741573849325e-15 4.124154146708507508e-14 1.559589970018849988e-17
1.555900421101123356e+04 2.273508423829111534e-15 3.394527102087229013e-14 7.455653093694690046e-18 1.534767013333996799e-15 1.604593975743252973e-14 7.442750810223520397e-18
2.074826557850289100e+04 8.152478354337720106e-16 1.379736048246165361e-14 3.545991474708811764e-18 5.429928075378533537e-16 6.239889168304409614e-15 3.539831953253829939e-18
2.766825682915017387e+04 2.950974839456791784e-16 5.534175659693749525e-15 1.680606337259924690e-18 1.937293473417721666e-16 2.413884184067998830e-15 1.677669129977955740e-18
3.689621347227100341e+04 1.075007659601029669e-16 2.187887057806219116e-15 7.935363434298308834e-19 6.962133481856730823e-17 9.257202836715826220e-16 7.921416585250192287e-19
4.920189143094656174e+04 3.934046189567168582e-17 8.487147092339888254e-16 3.731460207285840722e-19 2.519214711146555937e-17 3.500705772318132076e-16 3.724869859148046459e-19
6.561177672614024777e+04 1.446394765099912575e-17 3.224719566667249286e-16 1.746604367669963638e-19 9.193137489022137894e-18 1.300891058362651822e-16 1.743499177627174051e-19
8.749471046662278241e+04 5.345944936339158932e-18 1.199949093111184205e-16 8.132770995758080580e-20 3.386002942650064496e-18 4.755768223228849709e-17 8.118215703620545273e-20
1.166760716081661958e+05 1.992355338648130761e-18 4.372293841184407961e-17 3.764136619654097956e-20 1.261478755714191546e-18 1.710548918591291372e-17 3.757346593303619835e-20
1.555900421101123211e+05 7.507367583420949195e-19 1.564957907850288878e-17 1.730123958408503609e-20 4.761785067801337330e-19 6.051481944636126246e-18 1.726975240025249485e-20
2.074826557850289100e+05 2.864253659460639030e-19 5.530051522697865681e-18 7.889625729627832232e-21 1.823820630034492644e-19 2.110149916380473546e-18 7.875143813203430627e-21
2.766825682915017242e+05 1.107889502906517481e-19 1.928547106658541850e-18 3.566143193840413813e-21 7.090696523804678782e-20 7.263953387792489163e-19 3.559545621593954724e-21
3.689621347227101214e+05 4.348695050722702412e-20 6.641544175278021763e-19 1.596394749406934077e-21 2.794704542277516540e-20 2.476507716754624886e-19 1.593424439202410393e-21
4.920189143094656756e+05 1.727595933359395526e-20 2.281555533648404423e-19 7.073725221416652674e-22 1.113506792093863509e-20 8.414646807767341189e-20 7.060518285785188700e-22
6.561177672614024486e+05 6.920738010247788141e-21 7.826559783187233426e-20 3.102981187333282834e-22 4.471310754039935953e-21 2.849674883260381641e-20 3.097174085166086499e-22
8.749471046662279405e+05 2.790583943872916902e-21 2.672038788903852978e-20 1.349162532108582584e-22 1.807802170244058380e-21 9.606474786412959545e-21 1.346635972780588743e-22
1.166760716081662104e+06 1.132746388871192206e-21 9.055584941752768035e-21 5.827727989110273026e-23 7.360944614562386630e-22 3.243095743373110851e-21 5.816811138914011452e-23
1.555900421101123560e+06 4.630543271640139573e-22 3.053563141310793579e-21 2.507388642195232522e-23 3.019504312699943370e-22 1.099738497328248641e-21 2.502689927257046237e-23
2.074826557850289159e+06 1.906807164549964190e-22 1.027004667086041914e-21 1.076586322215612097e-23 1.247620711274252804e-22 3.762941022914065421e-22 1.074567218819983656e-23
2.766825682915017474e+06 7.907097305754339197e-23 3.452699883401020535e-22 4.616207169909476772e-24 5.186977179121424725e-23 1.306670745306718866e-22 4.607540020776849256e-24
3.689621347227101214e+06 3.299177543470108299e-23 1.166981481803831196e-22 1.976616773554678442e-24 2.167386845123545394e-23 4.625535380317820390e-23 1.972902210233567745e-24
4.920189143094656989e+06 1.382872893361045228e-23 3.998538995270476759e-23 8.450155783373284297e-25 9.088425776943221412e-24 1.673253949568333137e-23 8.434256868215442405e-25
6.561177672614024952e+06 5.813764698937145985e-24 1.397293967265121933e-23 3.605855835891592523e-25 3.819625504224658991e-24 6.182835044929351096e-24 3.599063357132974742e-25
8.749471046662278473e+06 2.448536846686639615e-24 4.984886470433520241e-24 1.535589043758225764e-25 1.607365986676838150e-24 2.332885375182434893e-24 1.532692265715869541e-25
1.166760716081662104e+07 1.032035359408992830e-24 1.816276166102434892e-24 6.525418693433536599e-26 6.766654634117000250e-25 8.979090148854500926e-25 6.513090951774536374e-26
1.555900421101123467e+07 4.348946915954367503e-25 6.765414648192236706e-25 2.766299434669143468e-26 2.846816394283150468e-25 3.516824710845784151e-25 2.761066411749416620e-26
2.074826557850288972e+07 1.830635480544707249e-25 2.569611768898774087e-25 1.169340889905569938e-26 1.195889654639751218e-25 1.394964787548803541e-25 1.167125751135225901e-26
2.766825682915017009e+07 7.692225261250114072e-26 9.929383495457086050e-26 4.926112510410465554e-27 5.012954362462622887e-26 5.589355562280912304e-26 4.916768714372073726e-27
3.689621347227101028e+07 3.225463928664685288e-26 3.894155460748149901e-26 2.067713336645713621e-27 2.096454015481136667e-26 2.257730254178516285e-26 2.063786222397138895e-27
4.920189143094656616e+07 1.349549668121336656e-26 1.546196171148572491e-26 8.648804287237156222e-28 8.746693561916887204e-27 9.170608228116020782e-27 8.632349980701689525e-28
6.561177672614024580e+07 5.632890443774246202e-27 6.193358293811142121e-27 3.604276903333358612e-28 3.638373382986898826e-27 3.738374003158782705e-27 3.597403567183957223e-28
8.749471046662279963e+07 2.343775282617015021e-27 2.496992045199540611e-27 1.495094058013813216e-28 1.507213422618645072e-27 1.525217597071673616e-27 1.492234633452607899e-28
1.166760716081662029e+08 9.711639689514309980e-28 1.010125326943087031e-27 6.164297662758363848e-29 6.209297850480747099e-28 6.210944073376969371e-28 6.152466651964502160e-29
1.555900421101123393e+08 4.002269579862642541e-28 4.086895747195375787e-28 2.521529742911743985e-29 2.539747026097468506e-28 2.518317906067979202e-28 2.516670136526739221e-29
2.074826557850289047e+08 1.637953960260678717e-28 1.649238804315533964e-28 1.020938467078129002e-29 1.029365642561912283e-28 1.013995165121927900e-28 1.018961439608428600e-29
2.766825682915017605e+08 6.645217221135897441e-29 6.619420342425024571e-29 4.080117895517648142e-30 4.124640229829513765e-29 4.043081892775162665e-29 4.072175479428535298e-30
3.689621347227101326e+08 2.667020732488880957e-29 2.635166879961075392e-29 1.603772977561909499e-30 1.629616394458008207e-29 1.591541064554242109e-29 1.600634009049234185e-30
4.920189143094656467e+08 1.056334756857636762e-29 1.037175120590834751e-29 6.173164932894489115e-31 6.329087988066907868e-30 6.164692120667050050e-30 6.161016467030704470e-31
6.561177672614024878e+08 4.117461122074987833e-30 4.023114511197372150e-30 2.314463211275142109e-31 2.408120970805957489e-30 2.341074058411985953e-30 2.309885180015076516e-31
8.749471046662279367e+08 1.574853729018893519e-30 1.532855922886972316e-30 8.399853358158713586e-32 8.946411399939750242e-31 8.685722109020438796e-31 8.383170349239332441e-32
1.166760716081662178e+09 5.893274015661364949e-31 5.717726178405782601e-31 2.932721180197446746e-32 3.235036576757317389e-31 3.137947885050218693e-31 2.926877241599178434e-32
1.555900421101123333e+09 2.149935175728738904e-31 2.080137026779012186e-31 9.783625843804018714e-33 1.133864128439177336e-31 1.099249234275333665e-31 9.764090530911628359e-33
2.074826557850289106e+09 7.611287824083949519e-32 7.345345509816831040e-32 3.095763581672854327e-33 3.832077603364008506e-32 3.714268679450793154e-32 3.089579216398014354e-33
2.766825682915017128e+09 2.599624630057976339e-32 2.502461919293753380e-32 9.222067636157711609e-34 1.240270527350467322e-32 1.202237167539796340e-32 9.203672490581150074e-34
3.689621347227100849e+09 8.500573464199157400e-33 8.160786761939158776e-33 2.566061571349594039e-34 3.807480739992125997e-33 3.692151861991452682e-33 2.560966254815037828e-34
4.920189143094656944e+09 2.633946862660711681e-33 2.520954677623892214e-33 6.607609474218352940e-35 1.093389683291124951e-33 1.061174555301346538e-33 6.594618672322406454e-35
6.561177672614025116e+09 7.626226990295529333e-34 7.272636934449924920e-34 1.554196046202756949e-35 2.877854013312902782e-34 2.797797140649940313e-34 1.551197781316369218e-35
8.749471046662279129e+09 2.023950186307481777e-34 1.921380556502237306e-34 3.270205795173493016e-36 6.734241469496655768e-35 6.568881631374386009e-35 3.264097678415805819e-36
1.166760716081661987e+10 4.794473194922657943e-35 4.524824727639910958e-35 5.949738397344862362e-37 1.337592373419215067e-35 1.313729834614460174e-35 5.939192987064743252e-37
1.555900421101123428e+10 9.770476849377267781e-36 9.150450547144764168e-36 8.875885137836941405e-38 2.096281633361446187e-36 2.089984109961833529e-36 8.861502064955628186e-38
2.074826557850289154e+10 1.626037355258308546e-36 1.508923291454203544e-36 9.964857354695014017e-39 2.290968418838971088e-37 2.369395538951936083e-37 9.951215776817024297e-39
2.766825682915017319e+10 2.046162825641298876e-37 1.890658222161311993e-37 7.242727574492739887e-40 1.375812565776132718e-38 1.590944016713209946e-38 7.235753344282616508e-40
3.689621347227101135e+10 1.715560392305219871e-38 1.656598568742628874e-38 2.457053924078398852e-41 2.500855340033351157e-40 4.949668454470085102e-40 2.456035553878710793e-41
4.920189143094656372e+10 7.575667720325720313e-40 1.042716129586427358e-39 0.000000000000000000e+00 1.393386549714552973e-42 1.541959668534624357e-41 0.000000000000000000e+00
6.561177672614024353e+10 1.194161797191486909e-41 6.896937405516818213e-41 0.000000000000000000e+00 5.210667849154136336e-44 7.756412726802662599e-43 0.000000000000000000e+00
8.749471046662280273e+10 9.901046938950352976e-46 2.267057468543424282e-42 0.000000000000000000e+00 3.583023027826642910e-46 1.387757572183445228e-44 0.000000000000000000e+00
