1.166760716081661986e+00 9.838487260303760678e-04 1.807575744749862759e-03 5.750509148921685470e-13 8.227583282098424817e-04 1.806267008590242522e-03 5.782696029819482329e-13
1.555900421101123365e+00 6.664417092600492766e-04 1.233503247198297148e-03 6.191382788012784542e-13 5.505754751789576846e-04 1.229994252356579739e-03 6.207471465831487527e-13
2.074826557850288911e+00 4.405735893372334042e-04 8.162705638799517540e-04 6.450162952417263219e-13 3.579849060864024614e-04 8.146992283799628365e-04 6.461504232668868501e-13
2.766825682915017293e+00 2.822598349703995526e-04 5.218700497129663985e-04 6.456894531080551522e-13 2.248778589874100462e-04 5.218926165306073117e-04 6.457413666802815369e-13
3.689621347227101111e+00 1.745386671999119249e-04 3.214050962815459718e-04 6.453226727574136474e-13 1.359631151964459008e-04 3.221946429568555478e-04 6.457120957807329266e-13
4.920189143094656714e+00 1.039966843188503499e-04 1.901412093760700920e-04 6.453873264275488567e-13 7.897654907714121415e-05 1.913339908830835850e-04 6.454332777631442081e-13
6.561177672614024736e+00 5.956859988639050404e-05 1.078192229063417465e-04 6.451082363730622975e-13 4.400714658346028884e-05 1.090995094635536128e-04 6.451956013686681693e-13
8.749471046662279150e+00 3.269741839702044171e-05 5.842939190076205843e-05 6.444332244648577194e-13 2.349031018874939155e-05 5.960013892729041957e-05 6.450634244271038539e-13
1.166760716081661897e+01 1.715125141272065811e-05 3.020746951982226328e-05 6.400560861582961476e-13 1.201187907006333670e-05 3.114886051437327276e-05 6.409190383543023917e-13
1.555900421101123499e+01 8.597913856869173282e-06 1.498435460046392218e-05 6.322934634517680323e-13 5.902661595177024763e-06 1.559622589126912086e-05 6.331186769000111224e-13
2.074826557850288822e+01 4.144803170992825067e-06 7.230448337426689200e-06 6.016287047774000949e-13 2.809633074440895975e-06 7.531771250866137073e-06 6.023453081801937181e-13
2.766825682915017381e+01 1.946109701196037545e-06 3.434184393550285236e-06 5.251112887580497314e-13 1.310694059472347022e-06 3.547079660139513745e-06 5.256835119897033194e-13
3.689621347227100756e+01 9.014610374294079880e-07 1.617625980801451764e-06 4.395065035764916908e-13 6.057147567862007710e-07 1.647148965369617789e-06 4.398978648120511990e-13
4.920189143094656714e+01 4.146957626182104972e-07 7.551560288446814099e-07 3.591214660332274925e-13 2.786595766339006963e-07 7.595127049681734996e-07 3.593456113675762313e-13
6.561177672614024914e+01 1.895263712567439929e-07 3.498426906359674561e-07 2.873920976869839951e-13 1.275264122079557857e-07 3.484439662568300798e-07 2.874910625182744889e-13
8.749471046662279150e+01 8.581200447005034848e-08 1.612140649870296238e-07 2.233228218363751132e-13 5.788102812027529992e-08 1.588853767451202695e-07 2.233332481378588473e-13
1.166760716081661968e+02 3.837378131903189211e-08 7.372732708852582608e-08 1.657680099035452847e-13 2.596679484959918315e-08 7.187907615128294546e-08 1.657366852332543995e-13
1.555900421101123356e+02 1.688745111972779850e-08 3.342322097356084119e-08 1.180464718452444896e-13 1.147194837727336506e-08 3.218813176677513506e-08 1.180004351253040351e-13
2.074826557850288964e+02 7.286098900319634125e-09 1.499495235499039731e-08 8.108638732924980302e-14 4.969662672409198776e-09 1.423295062170194688e-08 8.103685092428766098e-14
2.766825682915017524e+02 3.071368563262521631e-09 6.648111422416728750e-09 5.384008624395822425e-14 2.102696266570135623e-09 6.199899354272882790e-09 5.379651756982916033e-14
3.689621347227101182e+02 1.261465884837943902e-09 2.912714321080279038e-09 3.459263868230978377e-14 8.665427390015639384e-10 2.655406097337127798e-09 3.455759473514163985e-14
4.920189143094656856e+02 5.040646610454117354e-10 1.261817846077286020e-09 2.152762020936552400e-14 3.473368207436174432e-10 1.117249524594409458e-09 2.150160446555739072e-14
6.561177672614023777e+02 1.958747337391711059e-10 5.406362035052320621e-10 1.298432927214787127e-14 1.353460132132727743e-10 4.619750589412169927e-10 1.296646652637898574e-14
8.749471046662279150e+02 7.405446093421634421e-11 2.291765573188599024e-10 7.581237096425441517e-15 5.128625073739047846e-11 1.878509818680673169e-10 7.569886584985882794e-15
1.166760716081661940e+03 2.727516751176096761e-11 9.626369674712811495e-11 4.266789757451703275e-15 1.891988356203583010e-11 7.524655413070735787e-11 4.259958091196945211e-15
1.555900421101123356e+03 9.808054036730910553e-12 4.012004059082789533e-11 2.303355989004605008e-15 6.810059751899249521e-12 2.974898868525229551e-11 2.299531318687141665e-15
2.074826557850288737e+03 3.454649960079596428e-12 1.659742121850941390e-11 1.192185755946940078e-15 2.400397602305636285e-12 1.163657322649996421e-11 1.190167640140269134e-15
2.766825682915017296e+03 1.197126515174304380e-12 6.835775060681076036e-12 5.958379239357813914e-16 8.323842657805763680e-13 4.513150962789265383e-12 5.948222796164626847e-16
3.689621347227101069e+03 4.106655952469409260e-13 2.808227967699580667e-12 2.913134260109694944e-16 2.855516358264462724e-13 1.740695409591829484e-12 2.908131494731171499e-16
4.920189143094656174e+03 1.404928080451168252e-13 1.152793968043143518e-12 1.410221580246474539e-16 9.754055474382096894e-14 6.705540445871918175e-13 1.407788139848995145e-16
6.561177672614025141e+03 4.825561724467833751e-14 4.734573942849734006e-13 6.796896599769596592e-17 3.337829065762344032e-14 2.590142531591123706e-13 6.785148983320681096e-17
8.749471046662278241e+03 1.673385423953892221e-14 1.943726735393232749e-13 3.264850340686682640e-17 1.149732826791587812e-14 1.004043990073071271e-13 3.259204603271066543e-17
1.166760716081662031e+04 5.877970755545702619e-15 7.971507384437011619e-14 1.563023100847850187e-17 3.998684112799912467e-15 3.901507684719286873e-14 1.560317446232966197e-17
1.555900421101123356e+04 2.091728289329006435e-15 3.258947757408461530e-14 7.458011635476244437e-18 1.405460339590907091e-15 1.518452504871617852e-14 7.445103804076701500e-18
2.074826557850289100e+04 7.527108061554807675e-16 1.320566239450774652e-14 3.546638283451332639e-18 4.988908451504245854e-16 5.899539509520380954e-15 3.540477043109418275e-18
2.766825682915017387e+04 2.732220255250016354e-16 5.273825487715682038e-15 1.680713948817964280e-18 1.785447085203184423e-16 2.277143034923984975e-15 1.677776316533366026e-18
3.689621347227100341e+04 9.975780632452162484e-17 2.073986766233829134e-15 7.935047960847286385e-19 6.436081640004728582e-17 8.703594843624126402e-16 7.921100743870451190e-19
4.920189143094656174e+04 3.658621079446975403e-17 7.998921829655861685e-16 3.730975541757534407e-19 2.336626592734889647e-17 3.278041611135017330e-16 3.724385707674033499e-19
6.561177672614024777e+04 1.348570321760999770e-17 3.021591125369232019e-16 1.746242908207504119e-19 8.560366937545054989e-18 1.212887239986591166e-16 1.743138243459090616e-19
8.749471046662278241e+04 5.000959317912120961e-18 1.118319671425824826e-16 8.130561266118213382e-20 3.167928499481359645e-18 4.415915996634881102e-17 8.116009567991892366e-20
1.166760716081661958e+05 1.871809609082023812e-18 4.055817523031252835e-17 3.762914692706958620e-20 1.186865220330558898e-18 1.582727230865300296e-17 3.756126781409174630e-20
1.555900421101123211e+05 7.090359617001838569e-19 1.446172736879528483e-17 1.729490676824306665e-20 4.508608688099969092e-19 5.583836903495530022e-18 1.726343101185721188e-20
2.074826557850289100e+05 2.721494638559730049e-19 5.095746571432841205e-18 7.886500267784757842e-21 1.738556958093054192e-19 1.943428356399807528e-18 7.872024158223790108e-21
2.766825682915017242e+05 1.059442734288254365e-19 1.773661505467001329e-18 3.564663739959515259e-21 6.805080005626705964e-20 6.683563174026834649e-19 3.558068970082863165e-21
3.689621347227101214e+05 4.184954104332818160e-20 6.101520589341630862e-19 1.595718813999487706e-21 2.699291507285681905e-20 2.278527885183099124e-19 1.592749802357002832e-21
4.920189143094656756e+05 1.672459683853428807e-20 2.095348798933947301e-19 7.070737112460460523e-22 1.081700232714355461e-20 7.748206288360581435e-20 7.057535946265463106e-22
6.561177672614024486e+05 6.736380859269752844e-21 7.190131033333153372e-20 3.101694793287929246e-22 4.365709524322230588e-21 2.628265952745764383e-20 3.095890175891614843e-22
8.749471046662279405e+05 2.729485377543766374e-21 2.457101012076887844e-20 1.348618715174218674e-22 1.772857480722057034e-21 8.882193053939162398e-21 1.346093199869338033e-22
1.166760716081662104e+06 1.112650241188007716e-21 8.340630936418371468e-21 5.825448647078019535e-23 7.245503170437572904e-22 3.008714655303701386e-21 5.814536118534116579e-23
1.555900421101123560e+06 4.564884080028380517e-22 2.819045294288800773e-21 2.506429838505765696e-23 2.981368635958166311e-22 1.024661473773548115e-21 2.501732905876168857e-23
2.074826557850289159e+06 1.885462211410261465e-22 9.511055704857520631e-22 1.076175730837658294e-23 1.234992499723518864e-22 3.524477022548191246e-22 1.074157370335262574e-23
2.766825682915017474e+06 7.837817480888553632e-23 3.210505124897030789e-22 4.614391097001921202e-24 5.144991137533237227e-23 1.231306463218666928e-22 4.605727127670693009e-24
3.689621347227101214e+06 3.276572451260345948e-23 1.090568464169422503e-22 1.975777695046689770e-24 2.153308665183343431e-23 4.387786189690387684e-23 1.972064549967117319e-24
4.920189143094656989e+06 1.375425968957719136e-23 3.758665538295993083e-23 8.446087295240701568e-25 9.040734829836161881e-24 1.598241554307710964e-23 8.430195038387256995e-25
6.561177672614024952e+06 5.788900114697643407e-24 1.321988488691437371e-23 3.603792091307910843e-25 3.803233527126403339e-24 5.946346434091846539e-24 3.597002905568177502e-25
8.749471046662278473e+06 2.440045393551011161e-24 4.748552618510762024e-24 1.534503320068147082e-25 1.601588184293804145e-24 2.258260545147433906e-24 1.531608246571458003e-25
1.166760716081662104e+07 1.029026874965185739e-24 1.742132559164082551e-24 6.519556636579030159e-26 6.745468089116667179e-25 8.742460213742598474e-25 6.507238025262992385e-26
1.555900421101123467e+07 4.337720514685973205e-25 6.531903988837339398e-25 2.763082821309954950e-26 2.838618521272937640e-25 3.441021772275847256e-25 2.757854801435641712e-26
2.074826557850288972e+07 1.826150152663232555e-25 2.495755663953625450e-25 1.167561049959999220e-26 1.192493502846986274e-25 1.370440116841533415e-25 1.165348690176787258e-26
2.766825682915017009e+07 7.672881679882995532e-26 9.693818557009722915e-26 4.916237253032494952e-27 4.997824873415407635e-26 5.508429005035520898e-26 4.906908995862493175e-27
3.689621347227101028e+07 3.216507400990333576e-26 3.817837781339506560e-26 2.062239578477037041e-27 2.089270204811263459e-26 2.230076583626132266e-26 2.058321174023598167e-27
4.920189143094656616e+07 1.345165309787494257e-26 1.520807683907595896e-26 8.618568967629745655e-28 8.710922044966114732e-27 9.071485892294099995e-27 8.602163479639020312e-28
6.561177672614024580e+07 5.610614852242775619e-27 6.105874784559518985e-27 3.587671163535177335e-28 3.620028254608010576e-27 3.700482325125114254e-27 3.580825124997629298e-28
8.749471046662279963e+07 2.332232673496785243e-27 2.465227670560861997e-27 1.486047943485817212e-28 1.497676791252214819e-27 1.509698292300334598e-27 1.483203702210169425e-28
1.166760716081662029e+08 9.651467770737196862e-28 9.978564283981282896e-28 6.115547299917561440e-29 6.159655504783313486e-28 6.143344076557293145e-28 6.103800016965368381e-29
1.555900421101123393e+08 3.971027190468491405e-28 4.036529525622159616e-28 2.495616497738803752e-29 2.514110116084392338e-28 2.487452297735386208e-28 2.490802499275593548e-29
2.074826557850289047e+08 1.621917981823456229e-28 1.627449065644716482e-28 1.007397740997012879e-29 1.016325309454633601e-28 9.995148032949319972e-29 1.005445152873198032e-29
2.766825682915017605e+08 6.564332648622180504e-29 6.521704716069561747e-29 4.010825640522702634e-30 4.059707460386080067e-29 3.974597591569151094e-29 4.003011444413236800e-30
3.689621347227101326e+08 2.627129263343024651e-29 2.590551643073427279e-29 1.569203762661094111e-30 1.598138171801893911e-29 1.559397526091117132e-29 1.566130306958009139e-30
4.920189143094656467e+08 1.037181606397420607e-29 1.016799319400942127e-29 6.005920890596183253e-31 6.181277797281015229e-30 6.016771690102154723e-30 5.994096451179671715e-31
6.561177672614024878e+08 4.028279635789210432e-30 3.931233405395145619e-30 2.236493217644954870e-31 2.341211812517361133e-30 2.274959633961942513e-30 2.232069218801233612e-31
8.749471046662279367e+08 1.534713626601951794e-30 1.492344967641822310e-30 8.052129943281845742e-32 8.655630355248214844e-31 8.400704134278468610e-31 8.036144956416295128e-32
1.166760716081662178e+09 5.719128176798226136e-31 5.544353208269612019e-31 2.785561366050784940e-32 3.114154364349769574e-31 3.020064778354772812e-31 2.780016505469889409e-32
1.555900421101123333e+09 2.077347667801966228e-31 2.008533170585847871e-31 9.197876627358071021e-33 1.085987571387738557e-31 1.052706767649807140e-31 9.179541538631785273e-33
2.074826557850289106e+09 7.321802059821081358e-32 7.061651056356320358e-32 2.878520348532811610e-33 3.652280776612843734e-32 3.539796021740935461e-32 2.872782761391588370e-33
2.766825682915017128e+09 2.489771394072668959e-32 2.395348063052836892e-32 8.478055663403654224e-34 1.176642138456088970e-32 1.140544230094748766e-32 8.461188819293741529e-34
3.689621347227100849e+09 8.106847608840769618e-33 7.778551612790872688e-33 2.332777785875305111e-34 3.597110600735051113e-33 3.488204626994818693e-33 2.328158499636882332e-34
4.920189143094656944e+09 2.501987552973825042e-33 2.393383103940511047e-33 5.944022359513656778e-35 1.029219441105285285e-33 9.989258622320990716e-34 5.932367672309448660e-35
6.561177672614025116e+09 7.218177786626470885e-34 6.879891870772632568e-34 1.384996156252287071e-35 2.700617666932242621e-34 2.625590240286370974e-34 1.382331052298891608e-35
8.749471046662279129e+09 1.909650393421348071e-34 1.811916238754498187e-34 2.890754884076674177e-36 6.303503232939940173e-35 6.148944808385530417e-35 2.885368393907419168e-36
1.166760716081661987e+10 4.511692047002545197e-35 4.255617682140610713e-35 5.224227897170969170e-37 1.249483717643291569e-35 1.227225020102236670e-35 5.214989396735219722e-37
1.555900421101123428e+10 9.173998226955288927e-36 8.586671187101660091e-36 7.751196279268986259e-38 1.955027371888072098e-36 1.949149605072235902e-36 7.738662508538453009e-38
2.074826557850289154e+10 1.524017120075436108e-36 1.413226739803917780e-36 8.664449821002428129e-39 2.133874334681855027e-37 2.206735280354586942e-37 8.652611729965178174e-39
2.766825682915017319e+10 1.914884191232591564e-37 1.767512619102781517e-37 6.276017924877147443e-40 1.280210887563096501e-38 1.479776491287926374e-38 6.269984397878636154e-40
3.689621347227101135e+10 1.603335147871009373e-38 1.545176079139755310e-38 2.123269018145519528e-41 2.325470552070699066e-40 4.591166084675407401e-40 2.122389175328647072e-41
4.920189143094656372e+10 7.071446196750141782e-40 9.688600789481975278e-40 0.000000000000000000e+00 1.288026138702654796e-42 1.420068274939070255e-41 0.000000000000000000e+00
6.561177672614024353e+10 1.113226185896971200e-41 6.386311336533474784e-41 0.000000000000000000e+00 4.818216420294166364e-44 7.126692733336440820e-43 0.000000000000000000e+00
8.749471046662280273e+10 9.162209912777251249e-46 2.098038831069987866e-42 0.000000000000000000e+00 3.314365331471564724e-46 1.269453496490435128e-44 0.000000000000000000e+00
