1.166760716081661986e+00 9.838300663355585649e-04 1.807503635968720412e-03 5.744106071109927506e-13 8.227386043652459412e-04 1.806196738276710095e-03 5.776255796708730400e-13
1.555900421101123365e+00 6.664356619384300112e-04 1.233461398465230795e-03 6.184488607324947700e-13 5.505675436708959165e-04 1.229953363399217611e-03 6.200560071935660982e-13
2.074826557850288911e+00 4.405750863051301051e-04 8.162485940684447144e-04 6.442980361345046126e-13 3.579838791828419031e-04 8.146782155582432336e-04 6.454309361799953802e-13
2.766825682915017293e+00 2.822648239296956900e-04 5.218603000709137220e-04 6.449703565779746198e-13 2.248801621921842184e-04 5.218838929453170844e-04 6.450223639184973808e-13
3.689621347227101111e+00 1.745445062912724438e-04 3.214020701525645133e-04 6.446040415899468871e-13 1.359664518988808158e-04 3.221925730030901340e-04 6.449931013992961992e-13
4.920189143094656714e+00 1.040020304883253633e-04 1.901413833842577523e-04 6.446686311078943048e-13 7.897972374728663366e-05 1.913350105309317821e-04 6.447146087119308512e-13
6.561177672614024736e+00 5.957290777663503539e-05 1.078205438342231322e-04 6.443899210910631005e-13 4.400966958787957988e-05 1.091015758902683048e-04 6.444771434346601747e-13
8.749471046662279150e+00 3.270057952324485127e-05 5.843079854599097074e-05 6.437156612945392807e-13 2.349208675884936691e-05 5.960219750685835785e-05 6.443450998718486746e-13
1.166760716081661897e+01 1.715339179313474276e-05 3.020853664769260547e-05 6.393438157142015754e-13 1.201301559698798372e-05 3.115047588199093646e-05 6.402057526156306479e-13
1.555900421101123499e+01 8.599271678277783555e-06 1.498503217821950196e-05 6.315904179898309904e-13 5.903342394950237270e-06 1.559732319022559218e-05 6.324146936807435274e-13
2.074826557850288822e+01 4.145646609362559479e-06 7.230854117723089990e-06 6.009625030965446911e-13 2.810042144644870935e-06 7.532463894536765609e-06 6.016783094729890457e-13
2.766825682915017381e+01 1.946667097662356370e-06 3.434454380894493056e-06 5.245365399349976054e-13 1.310970615172866137e-06 3.547535659661632037e-06 5.251081445025381745e-13
3.689621347227100756e+01 9.018794854939499213e-07 1.617844705071306470e-06 4.390314013233951233e-13 6.059391676332817287e-07 1.647495449835370373e-06 4.394223602451867934e-13
4.920189143094656714e+01 4.150450208207961430e-07 7.553565392701562888e-07 3.587375165382384699e-13 2.788634155994321377e-07 7.598128999206285761e-07 3.589614440446544596e-13
6.561177672614024914e+01 1.898267227378019280e-07 3.500313552069423881e-07 2.870878343383424324e-13 1.277126462978068711e-07 3.487171323163511762e-07 2.871867182938137143e-13
8.749471046662279150e+01 8.606103708024354123e-08 1.613837417739234933e-07 2.230888982807285306e-13 5.804125901885954251e-08 1.591269963704741106e-07 2.230993363917445107e-13
1.166760716081661968e+02 3.856495376102428523e-08 7.386794445049164614e-08 1.655969186562302975e-13 2.609251265710490420e-08 7.207755688275822546e-08 1.655656448346268001e-13
1.555900421101123356e+02 1.702051759820680388e-08 3.352867558942712083e-08 1.179268267042053882e-13 1.156065249957834981e-08 3.233589690261297858e-08 1.178808509840678148e-13
2.074826557850288964e+02 7.369600904965666283e-09 1.506614587411288897e-08 8.100588938502691700e-14 5.025839165852639153e-09 1.433184159262353055e-08 8.095641295532380162e-14
2.766825682915017524e+02 3.118816655025726019e-09 6.691608911626560221e-09 5.378787193791146723e-14 2.134835078048301720e-09 6.259605939417437132e-09 5.374435349970800343e-14
3.689621347227101182e+02 1.286125973468333589e-09 2.937065916141263751e-09 3.455996897060891618e-14 8.833420780224264634e-10 2.688285491502443714e-09 3.452496387397041753e-14
4.920189143094656856e+02 5.159287661515343385e-10 1.274506854456163413e-09 2.150789737390040557e-14 3.554614232112141914e-10 1.134001918749779251e-09 2.148190946751549099e-14
6.561177672614023777e+02 2.012196743379763921e-10 5.468873633563165477e-10 1.297284437595506640e-14 1.390240197715670387e-10 4.699902750270795483e-10 1.295500004122049253e-14
8.749471046662279150e+02 7.633150928872317450e-11 2.321279984919024660e-10 7.574806712202454208e-15 5.285996689601200961e-11 1.914997978176200496e-10 7.563467421262644736e-15
1.166760716081661940e+03 2.819946390477026427e-11 9.761283382736437580e-11 4.263357569649272010e-15 1.956100993085014323e-11 7.684367874132762083e-11 4.256532301385282491e-15
1.555900421101123356e+03 1.016749251713718922e-11 4.072024457992527165e-11 2.301630140593286770e-15 7.060079129442010622e-12 3.042578889177724383e-11 2.297808808158709483e-15
2.074826557850288737e+03 3.589066862810583277e-12 1.685791739299666589e-11 1.191374976595864588e-15 2.494139836701234354e-12 1.191534513401468997e-11 1.189358464900555941e-15
2.766825682915017296e+03 1.245622101086345526e-12 6.946290508794936638e-12 5.954818211471578133e-16 8.663146855522931365e-13 4.624923337506181999e-12 5.944668899999535972e-16
3.689621347227101069e+03 4.276230913999728299e-13 2.854152406262355492e-12 2.911654881017255267e-16 2.974622293447950953e-13 1.784406896306282827e-12 2.906655119350967228e-16
4.920189143094656174e+03 1.462777403129914180e-13 1.171593662828761231e-12 1.409631188033504485e-16 1.016208225906909968e-13 6.873116794371028127e-13 1.407198966293351218e-16
6.561177672614025141e+03 5.019700598250052133e-14 4.811175421053306513e-13 6.794618980641042316e-17 3.475393640024391098e-14 2.653605146868809438e-13 6.782876154218862968e-17
8.749471046662278241e+03 1.738132247870534923e-14 1.975171570055142272e-13 3.264006179227111540e-17 1.195809762113904457e-14 1.028024129436631788e-13 3.258362259893383669e-17
1.166760716081662031e+04 6.094822059874495708e-15 8.103058621388028989e-14 1.562727382530609659e-17 4.153317715658107040e-15 3.992894644174605246e-14 1.560022388323248086e-17
1.555900421101123356e+04 2.165278573852529054e-15 3.315362741873990156e-14 7.457065334560513957e-18 1.457766976962804826e-15 1.553906484779326774e-14 7.444159749035045965e-18
2.074826557850289100e+04 7.780866467456606342e-16 1.345232314234625877e-14 3.546385183365723351e-18 5.167687796179990730e-16 6.039982297017568923e-15 3.540224629537551386e-18
2.766825682915017387e+04 2.821215186518530912e-16 5.382396113212916048e-15 1.680676492744933263e-18 1.847118675091805974e-16 2.333665634459450332e-15 1.677739024059740272e-18
3.689621347227100341e+04 1.029139692777361178e-16 2.121432169035688782e-15 7.935212604815217416e-19 6.650047116811971129e-17 8.932542468736889075e-16 7.921265479701202856e-19
4.920189143094656174e+04 3.771022635021238708e-17 8.201840438621843129e-16 3.731192368882292676e-19 2.410965505167653000e-17 3.370062210553060397e-16 3.724602292604468280e-19
6.561177672614024777e+04 1.388514570490561741e-17 3.105777943573197661e-16 1.746400132928907637e-19 8.818148642879249350e-18 1.249200726873373845e-16 1.743295236589081603e-19
8.749471046662278241e+04 5.141841365818286420e-18 1.152051600528154566e-16 8.131510982672711433e-20 3.256799514350361059e-18 4.555880545194842173e-17 8.116957730076649972e-20
1.166760716081661958e+05 1.921031719297758064e-18 4.186236504016450490e-17 3.763436263105233155e-20 1.217278754705232166e-18 1.635265588900357358e-17 3.756647445611666485e-20
1.555900421101123211e+05 7.260608935828886450e-19 1.495007694361331561e-17 1.729759723680924232e-20 4.611827461786657587e-19 5.775706118920940324e-18 1.726611661341101607e-20
2.074826557850289100e+05 2.779771394310925771e-19 5.273955575908452584e-18 7.887823359754795295e-21 1.773327452804713652e-19 2.011728940465865748e-18 7.873344787765068628e-21
2.766825682915017242e+05 1.079219043829411975e-19 1.837122017508002889e-18 3.565288187222973520e-21 6.921595969466132601e-20 6.921047725689630140e-19 3.558692233199334610e-21
3.689621347227101214e+05 4.251799972036852800e-20 6.322538852363115703e-19 1.596003405913056769e-21 2.738233057328482620e-20 2.359466638279500323e-19 1.593033847173146129e-21
4.920189143094656756e+05 1.694972991914037738e-20 2.171499548551379176e-19 7.071992586158520169e-22 1.094689224198019582e-20 8.020497079954753536e-20 7.058788995520833861e-22
6.561177672614024486e+05 6.811681537701541593e-21 7.450266019915414694e-20 3.102234422683054806e-22 4.408865014362574322e-21 2.718691963569330876e-20 3.096428763319107674e-22
8.749471046662279405e+05 2.754451952098713089e-21 2.544925534290764582e-20 1.348846639537366236e-22 1.787149973749960870e-21 9.177927413005170037e-21 1.346320687066435335e-22
1.166760716081662104e+06 1.120866589632753727e-21 8.632709403872821203e-21 5.826404024273243799e-23 7.292762523662612852e-22 3.104405056934802742e-21 5.815489687181953658e-23
1.555900421101123560e+06 4.591746267697677192e-22 2.914845001705960452e-21 2.506832221901907151e-23 2.996995743656693820e-22 1.055312419179867282e-21 2.502134542997373418e-23
2.074826557850289159e+06 1.894201095873301625e-22 9.821102957376625896e-22 1.076348490936003203e-23 1.240172294730728987e-22 3.621836625118122470e-22 1.074329818776961388e-23
2.766825682915017474e+06 7.866204561225432581e-23 3.309448174706513834e-22 4.615158132480878721e-24 5.162229657400509997e-23 1.262078997564073206e-22 4.606492824674805000e-24
3.689621347227101214e+06 3.285843686853743000e-23 1.121788800198321255e-22 1.976133697561831544e-24 2.159094937303054740e-23 4.484876814558686352e-23 1.972419952798674335e-24
4.920189143094656989e+06 1.378484116655781851e-23 3.856687420053953114e-23 8.447821359632973539e-25 9.060362694886666567e-24 1.628880628082255009e-23 8.431926273293887491e-25
6.561177672614024952e+06 5.799130140658106418e-24 1.352768010507707905e-23 3.604675184032728351e-25 3.809993462834473546e-24 6.042968148453862868e-24 3.597884592327076770e-25
8.749471046662278473e+06 2.443549160915032078e-24 4.845176779596949027e-24 1.534969314600306178e-25 1.603978373713322236e-24 2.288762807141233987e-24 1.532073510559487539e-25
1.166760716081662104e+07 1.030273631088764706e-24 1.772457852990702766e-24 6.522077847615781586e-26 6.754273200221071196e-25 8.839246508772198695e-25 6.509755312315081444e-26
1.555900421101123467e+07 4.342400528093503837e-25 6.627466152543798192e-25 2.764468021791405129e-26 2.842046460446681763e-25 3.472060843433331730e-25 2.759237847781844000e-26
2.074826557850288972e+07 1.828033211676070991e-25 2.526006562093521742e-25 1.168328047487493386e-26 1.193923495333827250e-25 1.380500148116655665e-25 1.166114489815147345e-26
2.766825682915017009e+07 7.681060538936345634e-26 9.790431721933175372e-26 4.920494002706558345e-27 5.004237632684322987e-26 5.541717827985313779e-26 4.911159043238487988e-27
3.689621347227101028e+07 3.220317301166694309e-26 3.849202113289625448e-26 2.064598961124411302e-27 2.092331372271973230e-26 2.241498588075270873e-26 2.060676798897697051e-27
4.920189143094656616e+07 1.347038424462625396e-26 1.531273390670663763e-26 8.631597775966316589e-28 8.726220300176059505e-27 9.112653919181682717e-27 8.615171225844161173e-28
6.561177672614024580e+07 5.620156544239060135e-27 6.142092185698497291e-27 3.594823247461938182e-28 3.627889779714416417e-27 3.716321846625615601e-27 3.587965434903018549e-28
8.749471046662279963e+07 2.337182991242012245e-27 2.478449071013494191e-27 1.489941351462835885e-28 1.501766747709457768e-27 1.516227672033708804e-27 1.487090564825679299e-28
1.166760716081662029e+08 9.677279223575442230e-28 1.002993538445449594e-27 6.136509846963996098e-29 6.180942398845406912e-28 6.171939321315022460e-28 6.124726499417593740e-29
1.555900421101123393e+08 3.984421938263940049e-28 4.057736071577077320e-28 2.506746175099594253e-29 2.525094269344874856e-28 2.500556911768667733e-28 2.501912553926693273e-29
2.074826557850289047e+08 1.628785890323525839e-28 1.636663518128140422e-28 1.013205135919537800e-29 1.021904906613387898e-28 1.005674406269248559e-28 1.011242048291944468e-29
2.766825682915017605e+08 6.598923059424995351e-29 6.563139661784926610e-29 4.040492536867588341e-30 4.087441056096223134e-29 4.003740325989115529e-29 4.032623356818789443e-30
3.689621347227101326e+08 2.644158384809817483e-29 2.609491967719778356e-29 1.583973654783227806e-30 1.611554226656730141e-29 1.573065404956550551e-29 1.580872168504998130e-30
4.920189143094656467e+08 1.045341185984178604e-29 1.025448724158849886e-29 6.077201462113507890e-31 6.244121541664240925e-30 6.079570031567539199e-30 6.065238756072920852e-31
6.561177672614024878e+08 4.066188571385628837e-30 3.970199140244499122e-30 2.269628364533185337e-31 2.369583570120698478e-30 2.302968126045577375e-30 2.265138847040097613e-31
8.749471046662279367e+08 1.551736711910751778e-30 1.509498990489320597e-30 8.199401206132528344e-32 8.778584576047665437e-31 8.521149310323433997e-31 8.183120416746810920e-32
1.166760716081662178e+09 5.792807260574057019e-31 5.617629446511870929e-31 2.847642569671896689e-32 3.165120964400933556e-31 3.069748073327410583e-31 2.841971511317202400e-32
1.555900421101123333e+09 2.107985518851983222e-31 2.038733900272692670e-31 9.443878189839625303e-33 1.106115193136088191e-31 1.072268980633225815e-31 9.425039102779665964e-33
2.074826557850289106e+09 7.443698446815543636e-32 7.181044351961694770e-32 2.969309775584887511e-33 3.727655542949165717e-32 3.612928910520341538e-32 2.963385562539770231e-33
2.766825682915017128e+09 2.535919335000598218e-32 2.440325701528172769e-32 8.787382595713009082e-34 1.203244791647178830e-32 1.166335857013929750e-32 8.769880845179445622e-34
3.689621347227100849e+09 8.271864850588549688e-33 7.938692441159610897e-33 2.429263222376792887e-34 3.684845344254830912e-33 3.573258238900085762e-33 2.424447245762873430e-34
4.920189143094656944e+09 2.557171102637403765e-33 2.446713027053772311e-33 6.217117333890094486e-35 1.055921358501578121e-33 1.024828128744501626e-33 6.204913383166881627e-35
6.561177672614025116e+09 7.388463038858684679e-34 7.043734191797110557e-34 1.454313910871670115e-35 2.774222517438209888e-34 2.697107268340956935e-34 1.451512473615810945e-35
8.749471046662279129e+09 1.957259125900742829e-34 1.857495007311873725e-34 3.045592336842953767e-36 6.482086185096491413e-35 6.323052841938710133e-35 3.039911719318361522e-36
1.166760716081661987e+10 4.629280388752073194e-35 4.367520564523658557e-35 5.519284513037147811e-37 1.285962504967481396e-35 1.263040460042550523e-35 5.509515105972058160e-37
1.555900421101123428e+10 9.421672392606271676e-36 8.820672698357457695e-36 8.207327929863761815e-38 2.013442927838796118e-36 2.007392029069276435e-36 8.194044967419469918e-38
2.074826557850289154e+10 1.566326291070402377e-36 1.452893881787976492e-36 9.190665375894210596e-39 2.198780690514137051e-37 2.273939198753997146e-37 9.178098243669443234e-39
2.766825682915017319e+10 1.969268536977177287e-37 1.818492120760928762e-37 6.666501288321560668e-40 1.319682045489569007e-38 1.525664903096281611e-38 6.660088111679245186e-40
3.689621347227101135e+10 1.649780905872587593e-38 1.591231057760621709e-38 2.257899397438779561e-41 2.397848535367608831e-40 4.738925932548517782e-40 2.256963686345076763e-41
4.920189143094656372e+10 7.279941206141024084e-40 9.993155843796059397e-40 0.000000000000000000e+00 1.331360578057663976e-42 1.470148777884598193e-41 0.000000000000000000e+00
6.561177672614024353e+10 1.146662153504061218e-41 6.596465740146742163e-41 0.000000000000000000e+00 4.979646103795818579e-44 7.385310473503078010e-43 0.000000000000000000e+00
8.749471046662280273e+10 9.466175500261430800e-46 2.167576237882487970e-42 0.000000000000000000e+00 3.424884025639898655e-46 1.318006009166475158e-44 0.000000000000000000e+00
