1.166760716081661986e+00 9.838783113313657319e-04 1.807643672830632408e-03 5.755012749176225755e-13 8.227866051955699204e-04 1.806335986315242646e-03 5.787225777632723184e-13
1.555900421101123365e+00 6.664559080813246958e-04 1.233543528489940101e-03 6.196231809866123017e-13 5.505897763724092696e-04 1.230035242767613069e-03 6.212332579816803284e-13
2.074826557850288911e+00 4.405782224021211426e-04 8.162923779468209042e-04 6.455214825998923255e-13 3.579905683430211708e-04 8.147212464499547580e-04 6.466564739272524432e-13
2.766825682915017293e+00 2.822593639938715928e-04 5.218803944670638963e-04 6.461952310731963912e-13 2.248788439296046634e-04 5.219027911172229245e-04 6.462470759420141486e-13
3.689621347227101111e+00 1.745360515154110884e-04 3.214089891794840608e-04 6.458281222511342433e-13 1.359620311379369794e-04 3.221981897473338331e-04 6.462177998463005013e-13
4.920189143094656714e+00 1.039935801623471917e-04 1.901418971671577118e-04 6.458928207222517215e-13 7.897486740826714104e-05 1.913342642691874605e-04 6.459387527460307762e-13
6.561177672614024736e+00 5.956580993993700773e-05 1.078186189685354060e-04 6.456134620810272562e-13 4.400557671951019087e-05 1.090984718294742590e-04 6.457009288512627560e-13
8.749471046662279150e+00 3.269524664948601658e-05 5.842850410889393464e-05 6.449379213306784915e-13 2.348911254868838824e-05 5.959883018630410197e-05 6.455686581006234333e-13
1.166760716081661897e+01 1.714972410445879505e-05 3.020673018714169962e-05 6.405570513637584612e-13 1.201107317749367926e-05 3.114774387445856381e-05 6.414207182598647083e-13
1.555900421101123499e+01 8.596916115476136621e-06 1.498385967120028321e-05 6.327879296680550347e-13 5.902159001948702988e-06 1.559543033046116827e-05 6.336138027578054560e-13
2.074826557850288822e+01 4.144166560734180941e-06 7.230138414475691413e-06 6.020972004522656734e-13 2.809319437170831334e-06 7.531249749361758388e-06 6.028143642260076952e-13
2.766825682915017381e+01 1.945678760813626277e-06 3.433970663582225520e-06 5.255153384390403324e-13 1.310475376324089233e-06 3.546725043654163718e-06 5.260879963402919412e-13
3.689621347227100756e+01 9.011325533868200084e-07 1.617450221481001134e-06 4.398404136003876633e-13 6.055350075903836595e-07 1.646874140728070835e-06 4.402320572082654235e-13
4.920189143094656714e+01 4.144207583299713970e-07 7.549952805616277386e-07 3.593912638115617750e-13 2.784969455394518265e-07 7.592736144355558585e-07 3.596155618631691253e-13
6.561177672614024914e+01 1.892914816939708596e-07 3.496930844073922687e-07 2.876058700931925409e-13 1.273796876338271271e-07 3.482278933589953490e-07 2.877048914004383265e-13
8.749471046662279150e+01 8.561980358936696246e-08 1.610815181723522636e-07 2.234871451934655927e-13 5.775688660334342355e-08 1.586967622646390779e-07 2.234975628973590712e-13
1.166760716081661968e+02 3.822870333526329594e-08 7.361938490631125996e-08 1.658881621121262437e-13 2.587120625397839886e-08 7.172674408058477117e-08 1.658568015116605865e-13
1.555900421101123356e+02 1.678829043572887983e-08 3.334375384602808958e-08 1.181304680826394165e-13 1.140578427032275686e-08 3.207681694453404711e-08 1.180843883797724126e-13
2.074826557850288964e+02 7.224963358059269585e-09 1.494225124489211066e-08 8.114288180542778006e-14 4.928513264735874550e-09 1.415980914900062879e-08 8.109330319504921936e-14
2.766825682915017524e+02 3.037177035935172946e-09 6.616416575263575656e-09 5.387671822014793418e-14 2.079529582420772129e-09 6.156465531768917139e-09 5.383311422066704860e-14
3.689621347227101182e+02 1.243933717011319820e-09 2.895197821327755473e-09 3.461555019691927862e-14 8.545960587481730380e-10 2.631818353663252482e-09 3.458047894714566773e-14
4.920189143094656856e+02 4.957222296723638178e-10 1.252779113389077934e-09 2.154144629997232092e-14 3.416223103097245013e-10 1.105362221531524450e-09 2.151541100425114509e-14
6.561177672614023777e+02 1.921492217577259913e-10 5.362136858020726083e-10 1.299237670625782344e-14 1.327816066633547674e-10 4.563336235216863658e-10 1.297450103700000883e-14
8.749471046662279150e+02 7.247833301473003686e-11 2.270978561698356372e-10 7.585740409802138702e-15 5.019660337057707165e-11 1.852975674026489754e-10 7.574382027542481598e-15
1.166760716081661940e+03 2.663895463973147071e-11 9.531625473993596956e-11 4.269191704891827395e-15 1.847843554973500214e-11 7.413338581846235121e-11 4.262355554428577672e-15
1.555900421101123356e+03 9.561782389485053172e-12 3.969941435165247629e-11 2.304562627909153398e-15 6.638698448416766502e-12 2.927864532005838463e-11 2.300735620616120867e-15
2.074826557850288737e+03 3.362909956019921036e-12 1.641518294700847185e-11 1.192751859952156933e-15 2.336394000434135516e-12 1.144328751459113721e-11 1.190732622570839754e-15
2.766825682915017296e+03 1.164134836714038846e-12 6.758578337076630459e-12 5.960861159643473505e-16 8.092906421197333848e-13 4.435804650041797258e-12 5.950699738717100248e-16
3.689621347227101069e+03 3.991579399544221967e-13 2.776182443706774954e-12 2.914162981978384227e-16 2.774640209976001846e-13 1.710492976277858151e-12 2.909158124498403450e-16
4.920189143094656174e+03 1.365729408145587053e-13 1.139677211696137816e-12 1.410630971231282628e-16 9.477363533478704458e-14 6.589845677041459299e-13 1.408196684035778215e-16
6.561177672614025141e+03 4.694049881665706785e-14 4.681063562095916702e-13 6.798470307331584362e-17 3.244560170449101964e-14 2.546315646768016032e-13 6.786719371799744770e-17
8.749471046662278241e+03 1.629478124013561768e-14 1.921704503260594719e-13 3.265430694185930123e-17 1.118462589524387834e-14 9.874576458830284090e-14 3.259783701669548882e-17
1.166760716081662031e+04 5.730574643039769302e-15 7.879063284989042645e-14 1.563224812224582129e-17 3.893544413191443043e-15 3.838127785014035250e-14 1.560518704188483416e-17
1.555900421101123356e+04 2.041577549500929103e-15 3.219175626761669401e-14 7.458647900375607729e-18 1.369810224592591036e-15 1.493783459526043134e-14 7.445738540937621659e-18
2.074826557850289100e+04 7.353498843517142350e-16 1.303142428328444907e-14 3.546802665869321900e-18 4.866759589575985979e-16 5.801528231204619541e-15 3.540640966798427878e-18
2.766825682915017387e+04 2.671154871877982030e-16 5.197122347847066752e-15 1.680733965963424320e-18 1.743220895876471788e-16 2.237624653468170381e-15 1.677796229952186263e-18
3.689621347227100341e+04 9.758753952775453111e-17 2.040521571914097215e-15 7.934902879856614260e-19 6.289346326917679447e-17 8.543470820018299023e-16 7.920955651603178054e-19
4.920189143094656174e+04 3.581235449802438460e-17 7.856206330537771197e-16 3.730809564629173398e-19 2.285592614925029990e-17 3.213750138614162672e-16 3.724219925906008702e-19
6.561177672614024777e+04 1.321055975413853883e-17 2.962589050141959523e-16 1.746126194150157779e-19 8.383290937299258784e-18 1.187566807731516151e-16 1.743021703938059985e-19
8.749471046662278241e+04 4.903915204419295292e-18 1.094763273727620871e-16 8.129865846341158992e-20 3.106860934537920238e-18 4.318555700259668377e-17 8.115315294852299143e-20
1.166760716081661958e+05 1.837910621544022401e-18 3.965040627880395725e-17 3.762535842455388772e-20 1.165962365502505926e-18 1.546268388038033889e-17 3.755748592313132944e-20
1.555900421101123211e+05 6.973136838138563679e-19 1.412277343567953575e-17 1.729296338564940212e-20 4.437653187175608993e-19 5.450976391006951788e-18 1.726149115522155821e-20
2.074826557850289100e+05 2.681375439163191877e-19 4.972334938538708238e-18 7.885548676744986609e-21 1.714647809336819120e-19 1.896217909931761123e-18 7.871074341809300226e-21
2.766825682915017242e+05 1.045828814596565793e-19 1.729790629495758345e-18 3.564216224639693291e-21 6.724926529577258281e-20 6.519639821160655121e-19 3.557622304498431650e-21
3.689621347227101214e+05 4.138933245855026096e-20 5.948924565186748570e-19 1.595515467551890964e-21 2.672487781088244625e-20 2.222717121663837941e-19 1.592546847108753304e-21
4.920189143094656756e+05 1.656956473391727025e-20 2.042820069876561531e-19 7.069842286729849961e-22 1.072753500585128400e-20 7.560582816838796522e-20 7.056642848725365974e-22
6.561177672614024486e+05 6.684507126034819372e-21 7.010800487643621300e-20 3.101310890768400010e-22 4.335958677659379428e-21 2.565986197904558505e-20 3.095507014259046402e-22
8.749471046662279405e+05 2.712277089993717865e-21 2.396580563476702787e-20 1.348456719371888524e-22 1.762994526594292134e-21 8.678565863466703393e-21 1.345931514394698135e-22
1.166760716081662104e+06 1.106983324829316221e-21 8.139401379038307617e-21 5.824769443612030659e-23 7.212854277310767096e-22 2.942835579896976321e-21 5.813858198165670343e-23
1.555900421101123560e+06 4.546342430371121105e-22 2.753049117634762913e-21 2.506143268925531006e-23 2.970560148643225377e-22 1.003559949380461902e-21 2.501446866215743800e-23
2.074826557850289159e+06 1.879424888224344047e-22 9.297462712481856011e-22 1.076052274095857415e-23 1.231405708766171206e-22 3.457446579815386317e-22 1.074034135473724206e-23
2.766825682915017474e+06 7.818186610742232924e-23 3.142337258873804213e-22 4.613840290706942663e-24 5.133040122268269161e-23 1.210117663873178600e-22 4.605177278463400784e-24
3.689621347227101214e+06 3.270153363566438779e-23 1.069055934715114065e-22 1.975520593003186876e-24 2.149291989700346792e-23 4.320922080722995379e-23 1.971807879196638731e-24
4.920189143094656989e+06 1.373305217515817740e-23 3.691109865614194512e-23 8.444827907546243632e-25 9.027086433297089778e-24 1.577136120237968443e-23 8.428937698265975359e-25
6.561177672614024952e+06 5.781788761623206158e-24 1.300769964940302129e-23 3.603147647133452872e-25 3.798520751646103917e-24 5.879766240579750209e-24 3.596359484681249258e-25
8.749471046662278473e+06 2.437600671163162502e-24 4.681919224378138958e-24 1.534162025045452466e-25 1.599915099336877507e-24 2.237230726354600968e-24 1.531267485704579668e-25
1.166760716081662104e+07 1.028152127894842108e-24 1.721209516401080060e-24 6.517705576385728426e-26 6.739268207569717092e-25 8.675672685801743330e-25 6.505389843680998090e-26
1.555900421101123467e+07 4.334412235937314536e-25 6.465923036639410809e-25 2.762064297532097096e-26 2.836186150809457617e-25 3.419572845036496086e-25 2.756837861355623657e-26
2.074826557850288972e+07 1.824807288759332975e-25 2.474846073115832658e-25 1.166996642204473179e-26 1.191470060841564221e-25 1.363472374680103086e-25 1.164785164263433976e-26
2.766825682915017009e+07 7.666998207602023745e-26 9.626925872582865603e-26 4.913103979631516228e-27 4.993198216707574575e-26 5.485289919128583437e-26 4.903780660024131473e-27
3.689621347227101028e+07 3.213746839013384308e-26 3.796065028984858018e-26 2.060503065076311419e-27 2.087047575488907636e-26 2.222095509712414154e-26 2.056587429767842107e-27
4.920189143094656616e+07 1.343801136891680619e-26 1.513514232352212499e-26 8.608983472871163117e-28 8.699767270372308307e-27 9.042519085181443546e-27 8.592593504907904066e-28
6.561177672614024580e+07 5.603644721391425874e-27 6.080497919727007460e-27 3.582412723545013391e-28 3.614282779779660075e-27 3.689247507970305446e-27 3.575575357621369876e-28
8.749471046662279963e+07 2.328611648073909569e-27 2.455900835469269065e-27 1.483188017132097099e-28 1.494685322363673301e-27 1.505030576444344519e-27 1.480348593657571809e-28
1.166760716081662029e+08 9.632585117262392544e-28 9.942059623203556101e-28 6.100167539295197858e-29 6.144090714674377998e-28 6.122769901925065554e-28 6.088446773614871076e-29
1.555900421101123393e+08 3.961235536995339413e-28 4.021358305810443986e-28 2.487463127504861172e-29 2.506087673714729373e-28 2.477983171587535161e-28 2.482663535843970904e-29
2.074826557850289047e+08 1.616904538685646124e-28 1.620823092966727181e-28 1.003151175599083831e-29 1.012257359945850937e-28 9.950547229520677804e-29 1.001206281475596131e-29
2.766825682915017605e+08 6.539130223216997996e-29 6.491816348441869544e-29 3.989180287950594744e-30 4.039533752801011103e-29 3.953490351678282358e-29 3.981406288704400224e-30
3.689621347227101326e+08 2.614750242336201886e-29 2.576872870673754318e-29 1.558455979639058230e-30 1.588405733856535448e-29 1.549509292417991736e-29 1.555402957272403432e-30
4.920189143094656467e+08 1.031265419447394690e-29 1.010554338029115257e-29 5.954213865459977488e-31 6.135829183275571035e-30 5.971433867049948088e-30 5.942489871393655620e-31
6.561177672614024878e+08 4.000869734826120481e-30 3.903136295707741362e-30 2.212545620178761906e-31 2.320762001930597365e-30 2.254793763694349392e-30 2.208169025001111200e-31
8.749471046662279367e+08 1.522440800087248362e-30 1.480000026189259802e-30 7.946152773261216716e-32 8.567318922842130301e-31 8.314255189797090521e-31 7.930380790973998652e-32
1.166760716081662178e+09 5.666165540031117247e-31 5.491744271182477146e-31 2.741110008159953022e-32 3.077678956591226707e-31 2.984523402747826068e-31 2.735655528691217472e-32
1.555900421101123333e+09 2.055389332479432968e-31 1.986906683034589622e-31 9.022724135403785561e-33 1.071634099765095911e-31 1.038760230268358713e-31 9.004747815609351021e-33
2.074826557850289106e+09 7.234694971344529751e-32 6.976387387315230120e-32 2.814273917123958752e-33 3.598715442719078500e-32 3.487831844332900371e-32 2.808668310578855315e-33
2.766825682915017128e+09 2.456889931402425074e-32 2.363317097555308914e-32 8.260558389506521383e-34 1.157798978976181700e-32 1.122276971790973830e-32 8.244137528296422862e-34
3.689621347227100849e+09 7.989602665312985320e-33 7.664823015548159592e-33 2.265365381511443774e-34 3.535154683382740542e-33 3.428143889355439828e-33 2.260883350900739687e-34
4.920189143094656944e+09 2.462886008891900976e-33 2.355610991453239097e-33 5.754358666032390698e-35 1.010414326230179721e-33 9.806839300418755369e-34 5.743084930041244242e-35
6.561177672614025116e+09 7.097823320359711168e-34 6.764139054856461750e-34 1.337115263633177255e-35 2.648902336454840120e-34 2.575341059344169847e-34 1.334544202515423455e-35
8.749471046662279129e+09 1.876078230778144598e-34 1.779788977620557445e-34 2.784302171239928847e-36 6.178278013463567301e-35 6.026854746649003147e-35 2.779117623999472686e-36
1.166760716081661987e+10 4.428938431990942455e-35 4.176899737329543999e-35 5.022169084191826297e-37 1.223946050373357595e-35 1.202151219677839437e-35 5.013293677854447355e-37
1.555900421101123428e+10 8.999994630574683296e-36 8.422352921505592237e-36 7.439835536760306983e-38 1.914186841655606680e-36 1.908429868390649818e-36 7.427812528987771598e-38
2.074826557850289154e+10 1.494336090296196065e-36 1.385415453884329703e-36 8.306177172193883012e-39 2.088544311024772647e-37 2.159802779426607217e-37 8.294834863077463123e-39
2.766825682915017319e+10 1.876780199411007001e-37 1.731823896209128715e-37 6.010704015376346291e-40 1.252667578845756054e-38 1.447763470521797761e-38 6.004928186381739544e-40
3.689621347227101135e+10 1.570830320199368885e-38 1.512993628253607886e-38 2.031945863857297260e-41 2.274991900155702401e-40 4.488275230494807825e-40 2.031103913212413402e-41
4.920189143094656372e+10 6.925681421462103975e-40 9.476379537237443472e-40 0.000000000000000000e+00 1.257924891845125980e-42 1.385332362993715701e-41 0.000000000000000000e+00
6.561177672614024353e+10 1.089875294230667458e-41 6.240210559954361647e-41 0.000000000000000000e+00 4.706068067096807458e-44 6.947433753379473626e-43 0.000000000000000000e+00
8.749471046662280273e+10 8.950982535446444422e-46 2.049715577505175868e-42 0.000000000000000000e+00 3.237575701598587115e-46 1.235836794931785863e-44 0.000000000000000000e+00
