1.166760716081661986e+00 9.837453603947635735e-04 1.807254602141716588e-03 5.722177976385435439e-13 8.226539310113197001e-04 1.805949515055539937e-03 5.754200651492748419e-13
1.555900421101123365e+00 6.664007162488820796e-04 1.233315606793558127e-03 6.160878735719725746e-13 5.505287110430520181e-04 1.229808424455130968e-03 6.176891054547376897e-13
2.074826557850288911e+00 4.405702579296962018e-04 8.161709038291192547e-04 6.418382774091408485e-13 3.579724594471571527e-04 8.146022033185564264e-04 6.429669667515578962e-13
2.766825682915017293e+00 2.822749438305035543e-04 5.218245551326273091e-04 6.425077513246252118e-13 2.248827227739214486e-04 5.218505364160532043e-04 6.425600431234866847e-13
3.689621347227101111e+00 1.745596725320024665e-04 3.213895963737818965e-04 6.421430146804856071e-13 1.359743198113583815e-04 3.221826050798726128e-04 6.425308185867693131e-13
4.920189143094656714e+00 1.040169835232030804e-04 1.901401960194215796e-04 6.422073801964298380e-13 7.898822284260267077e-05 1.913361895178057311e-04 6.422534366067180235e-13
6.561177672614024736e+00 5.958531868920244145e-05 1.078236419869444817e-04 6.419299544348217645e-13 4.401672787115514668e-05 1.091068379598443848e-04 6.420167075060352301e-13
8.749471046662279150e+00 3.270977347018386492e-05 5.843454474896078721e-05 6.412582723514295251e-13 2.349712048798151571e-05 5.960786709492527346e-05 6.418851207685658738e-13
1.166760716081661897e+01 1.715959350370038512e-05 3.021143443074336869e-05 6.369044322484667515e-13 1.201621244670660746e-05 3.115499476765647938e-05 6.377629001612816994e-13
1.555900421101123499e+01 8.603142449536791022e-06 1.498683729816054557e-05 6.291824848078767525e-13 5.905206217787276273e-06 1.560035908066482638e-05 6.300035499553478686e-13
2.074826557850288822e+01 4.147980364413218519e-06 7.231885411962356348e-06 5.986799932770953569e-13 2.811110131138311245e-06 7.534319830791149263e-06 5.993930672157763464e-13
2.766825682915017381e+01 1.948151515063626390e-06 3.435107519718165149e-06 5.225655845356020227e-13 1.311656902513858062e-06 3.548705663932460358e-06 5.231350641504757458e-13
3.689621347227100756e+01 9.029615687395796220e-07 1.618366931058085963e-06 4.374009801356298874e-13 6.064849890139952150e-07 1.648358060147131822e-06 4.377905533293934938e-13
4.920189143094656714e+01 4.159421197098393530e-07 7.558440558757120694e-07 3.574192580148730199e-13 2.793665724516143022e-07 7.605583131653278584e-07 3.576424329680315834e-13
6.561177672614024914e+01 1.906096667031377629e-07 3.505047910817617979e-07 2.860427648791297089e-13 1.281874189202228301e-07 3.494082351528376257e-07 2.861413664195795397e-13
8.749471046662279150e+01 8.673001899893778015e-08 1.618256934971409024e-07 2.222850444726722910e-13 5.846669835681713523e-08 1.597578415031383375e-07 2.222955191446831759e-13
1.166760716081661968e+02 3.909944546499861304e-08 7.425001085759730400e-08 1.650085354882266838e-13 2.644194109754551910e-08 7.261710858430942857e-08 1.649774335989781183e-13
1.555900421101123356e+02 1.740961414133756310e-08 3.382854126921620788e-08 1.175150086565286964e-13 1.181927821674946855e-08 3.275629388760251312e-08 1.174692407968460343e-13
2.074826557850288964e+02 7.625032963477412738e-09 1.527797646465224343e-08 8.072856777578311823e-14 5.197428281578239620e-09 1.462656772309224273e-08 8.067929645653580920e-14
2.766825682915017524e+02 3.270159300165582524e-09 6.826527080445331522e-09 5.360782177839017070e-14 2.237257119332824426e-09 6.445446923155439099e-09 5.356447549397952071e-14
3.689621347227101182e+02 1.367703831653232995e-09 3.015305292521071052e-09 3.444720130531223656e-14 9.388785288528812657e-10 2.794548603752001096e-09 3.441232956722385066e-14
4.920189143094656856e+02 5.563874470033255346e-10 1.316415884616604124e-09 2.143974436957846269e-14 3.831493839682428007e-10 1.189821260683181455e-09 2.141385216595086165e-14
6.561177672614023777e+02 2.199009683289466730e-10 5.679510650363628354e-10 1.293310936032537530e-14 1.518698996486300984e-10 4.973266787361524735e-10 1.291532842346761980e-14
8.749471046662279150e+02 8.444828586988983637e-11 2.422086433103818519e-10 7.552527224941020208e-15 5.846530752529175968e-11 2.041566199694756231e-10 7.541226642202834406e-15
1.166760716081661940e+03 3.154678324863759441e-11 1.022615740759515509e-10 4.251444135662981936e-15 2.188097848171418611e-11 8.245018134221894457e-11 4.244640989075981290e-15
1.555900421101123356e+03 1.148621745691099996e-11 4.280087196118543137e-11 2.295624437442082628e-15 7.976612245753881949e-12 3.282198736197353111e-11 2.291814678719993118e-15
2.074826557850288737e+03 4.087624909522303188e-12 1.776524718908259245e-11 1.188543740578927761e-15 2.841526935879540012e-12 1.290880253412371646e-11 1.186532810987095400e-15
2.766825682915017296e+03 1.427141165281301490e-12 7.332787761105591814e-12 5.942325487818735589e-16 9.931808497920187038e-13 5.025384982445782459e-12 5.932201107201356227e-16
3.689621347227101069e+03 4.915524442237170651e-13 3.015230876032124270e-12 2.906434860630049488e-16 3.423015896323584504e-13 1.941680494888141094e-12 2.901445656119081468e-16
4.920189143094656174e+03 1.681898119327495162e-13 1.237582580495083125e-12 1.407533469871144978e-16 1.170471905171971817e-13 7.477547849026655555e-13 1.405105556798999247e-16
6.561177672614025141e+03 5.756225809126391790e-14 5.079383063479529330e-13 6.786456331325249596e-17 3.996126653324449502e-14 2.882468760341118002e-13 6.774730556834070238e-17
8.749471046662278241e+03 1.983284456772736411e-14 2.084602753270170851e-13 3.260944979849647212e-17 1.369898931531321633e-14 1.114204573233917167e-13 3.255307590332254066e-17
1.166760716081662031e+04 6.911440990359632977e-15 8.556919376317740718e-14 1.561635518835676667e-17 4.734901771122096422e-15 4.319163434581607830e-14 1.558932927002160014e-17
1.555900421101123356e+04 2.440043569672626524e-15 3.508276851579595887e-14 7.453458791951844197e-18 1.653264821125433625e-15 1.679405626760281941e-14 7.440561546145352176e-18
2.074826557850289100e+04 8.720311822952585241e-16 1.429057737958139418e-14 3.545349816285502713e-18 5.831376815786482970e-16 6.532994341261395381e-15 3.539191913428134425e-18
2.766825682915017387e+04 3.147945455049134334e-16 5.750765124982412596e-15 1.680470647444678108e-18 2.074664962042605989e-16 2.530933516890553721e-15 1.677533878476969688e-18
3.689621347227100341e+04 1.144270623529972287e-16 2.282904606700586146e-15 7.935420154179754153e-19 7.435699256671203255e-17 9.730014634691627238e-16 7.921473993320133440e-19
4.920189143094656174e+04 4.179377443306345539e-17 8.897083705796059980e-16 3.731771924137164823e-19 2.683017877611631409e-17 3.691163945645419063e-16 3.725181320889039124e-19
6.561177672614024777e+04 1.533341245108600133e-17 3.396750239948153774e-16 1.746864677836240928e-19 9.759553899594407384e-18 1.376497616027714694e-16 1.743759128559006389e-19
8.749471046662278241e+04 5.652357138892578941e-18 1.269717045759316576e-16 8.134433251565901773e-20 3.580951311744276294e-18 5.049448331748198270e-17 8.119875315859711019e-20
1.166760716081661958e+05 2.099433303216813700e-18 4.645133302954629789e-17 3.765077986875893421e-20 1.328123432076113568e-18 1.821679004779332464e-17 3.758286351928128167e-20
1.555900421101123211e+05 7.877911802158815457e-19 1.668137356237532529e-17 1.730619595666083763e-20 4.987758442990724122e-19 6.460360624448936823e-18 1.727469990377469130e-20
2.074826557850289100e+05 2.991140699553505828e-19 5.909610227613439196e-18 7.892100945211734498e-21 1.899858355140006136e-19 2.256617862786768734e-18 7.877614456377554230e-21
2.766825682915017242e+05 1.150951761878354250e-19 2.064549640569908611e-18 3.567326176210091077e-21 7.345121444166230030e-20 7.775770936316122870e-19 3.560726371613908381e-21
3.689621347227101214e+05 4.494197147391881498e-20 7.117402092030906319e-19 1.596939604082970925e-21 2.879575178269395188e-20 2.651584765002518796e-19 1.593968249521174898e-21
4.920189143094656756e+05 1.776561212414610411e-20 2.446046318000990025e-19 7.076150300630065018e-22 1.141748616693756881e-20 9.005143335236091878e-20 7.062938685952328717e-22
6.561177672614024486e+05 7.084304706841205814e-21 8.389726068447972193e-20 3.104030713805227521e-22 4.564873724415931487e-21 3.046106318010070199e-20 3.098221582619779293e-22
8.749471046662279405e+05 2.844720650104509052e-21 2.862441277455777634e-20 1.349607611183523158e-22 1.838684868539745931e-21 1.024955150660845533e-20 1.347080195139825597e-22
1.166760716081662104e+06 1.150522990563991990e-21 9.689316989857956834e-21 5.829594009835338485e-23 7.462678925258720275e-22 3.451276117289934594e-21 5.818673605202785238e-23
1.555900421101123560e+06 4.688509646471453799e-22 3.261492802315174704e-21 2.508170946317051300e-23 3.053011091156629423e-22 1.166428305735411409e-21 2.503470767158376283e-23
2.074826557850289159e+06 1.925609453226227153e-22 1.094298419704424786e-21 1.076918815179630675e-23 1.258682468101755769e-22 3.974738025865974582e-22 1.074899104751181465e-23
2.766825682915017474e+06 7.967973015158961174e-23 3.667392387773694537e-22 4.617660994979592561e-24 5.223643733707570278e-23 1.373587542233803557e-22 4.608991273317013902e-24
3.689621347227101214e+06 3.318983071404946179e-23 1.234694062791326034e-22 1.977279041977468507e-24 2.179641995517613010e-23 4.836545581080351205e-23 1.973563347051894701e-24
4.920189143094656989e+06 1.389373183361752267e-23 4.210995323682134727e-23 8.453320257961948667e-25 9.129775868520260729e-24 1.739790858812819527e-23 8.437416113499737506e-25
6.561177672614024952e+06 5.835350457166613994e-24 1.463948275303333893e-23 3.607440256021514041e-25 3.833755042862193957e-24 6.392428661280653376e-24 3.600645230079077277e-25
8.749471046662278473e+06 2.455846743469350902e-24 5.193890405668148259e-24 1.536414185663186764e-25 1.612301166029443813e-24 2.398941601299293181e-24 1.533516105753786794e-25
1.166760716081662104e+07 1.034592471338284281e-24 1.881769085416993721e-24 6.529842444837670060e-26 6.784506168443550977e-25 9.188138371319899196e-25 6.517507794822126748e-26
1.555900421101123467e+07 4.358320917616858137e-25 6.971335841416207105e-25 2.768716074312743922e-26 2.853597136297154281e-25 3.583580106473748405e-25 2.763479289721306305e-26
2.074826557850288972e+07 1.834300144748598486e-25 2.634579586262086856e-25 1.170674806714129969e-26 1.198638623863558856e-25 1.416451828044554856e-25 1.168457586695015471e-26
2.766825682915017009e+07 7.707676325385936163e-26 1.013580830898004627e-25 4.933506022537679664e-27 5.024942825123793204e-26 5.659687883074027069e-26 4.924150615068111041e-27
3.689621347227101028e+07 3.232477958982970538e-26 3.960638320251190884e-26 2.071811546864982070e-27 2.102046815184358509e-26 2.281476019443451534e-26 2.067877930839550778e-27
4.920189143094656616e+07 1.352933188135507683e-26 1.568117237893364244e-26 8.671460260795279749e-28 8.774200798609962128e-27 9.254327135490760467e-27 8.654969514136581046e-28
6.561177672614024580e+07 5.649925172233880566e-27 6.267941490807696963e-27 3.616739033468645372e-28 3.652379574618347105e-27 3.769747382858413699e-27 3.609845305335175219e-28
8.749471046662279963e+07 2.352562781371757627e-27 2.523633464935974992e-27 1.501897936588613822e-28 1.514472831726382818e-27 1.537807229321192475e-27 1.499027151114752246e-28
1.166760716081662029e+08 9.757401701436123321e-28 1.020227665969583605e-27 6.201071414545645355e-29 6.247091329084888671e-28 6.264821153805862202e-28 6.189177593511798177e-29
1.555900421101123393e+08 4.026064128175411172e-28 4.127635931431261441e-28 2.541148770237502207e-29 2.559311985118270120e-28 2.542611964879768017e-28 2.536254827940648331e-29
2.074826557850289047e+08 1.650206626336453789e-28 1.666613014106053846e-28 1.031236601253972342e-29 1.039358844717952736e-28 1.025315459189118030e-28 1.029241089041069462e-29
2.766825682915017605e+08 6.707302862312432080e-29 6.696608900644605686e-29 4.133105084382625596e-30 4.174676753857754422e-29 4.096524022287588179e-29 4.125065124809751323e-30
3.689621347227101326e+08 2.697813660496878484e-29 2.670259291140648955e-29 1.630380476842467574e-30 1.654036258515142976e-29 1.616674828294322462e-29 1.627191316272793603e-30
4.920189143094656467e+08 1.071214853657007623e-29 1.053198372280230251e-29 6.302886072035230902e-31 6.444635993328815655e-30 6.280904292495004121e-30 6.290487250485310029e-31
6.561177672614024878e+08 4.187233591521473675e-30 4.095566323443389730e-30 2.375489963811274909e-31 2.460867076650265181e-30 2.393359301758842748e-30 2.370791728741894265e-31
8.749471046662279367e+08 1.606489974506243958e-30 1.564949774731455122e-30 8.674911033991947437e-32 9.177688431422562543e-31 8.912874457828729639e-31 8.657676933031976780e-32
1.166760716081662178e+09 6.031563053687098528e-31 5.855879284804745830e-31 3.050561664956951289e-32 3.332063434203994071e-31 3.232688511749802397e-31 3.044478430535561557e-32
1.555900421101123333e+09 2.208014620079500109e-31 2.137567898852944647e-31 1.025922704951077371e-32 1.172645026477095036e-31 1.136979170635767269e-31 1.023871691003298322e-32
2.074826557850289106e+09 7.844668023545540551e-32 7.574463776864601782e-32 3.274866620764201770e-33 3.979023630577562103e-32 3.856928900327031910e-32 3.268313403913856552e-33
2.766825682915017128e+09 2.688851507718152210e-32 2.589586757650548006e-32 9.845415083083193576e-34 1.292719767854540184e-32 1.253103432783091174e-32 9.825736519675732058e-34
3.689621347227100849e+09 8.822724849754445127e-33 8.473916797444224965e-33 2.764707312445353958e-34 3.982276955869208468e-33 3.861628784738712384e-33 2.759205426277559395e-34
4.920189143094656944e+09 2.742682859289883736e-33 2.626193270844592960e-33 7.181531426852159921e-35 1.147094441864394300e-33 1.113271878927079393e-33 7.167381112958490728e-35
6.561177672614025116e+09 7.964704548916893223e-34 7.598776424625857403e-34 1.702634145987237217e-35 3.027127534700027616e-34 2.942829133745035365e-34 1.699342557822802853e-35
8.749471046662279129e+09 2.119339243749055298e-34 2.012835490930489281e-34 3.607289328823261297e-36 7.098992435061293143e-35 6.924462822377636718e-35 3.600537846842887382e-36
1.166760716081661987e+10 5.031744627635959813e-35 4.750970272877388554e-35 6.601134671879473134e-37 1.412542190647957502e-35 1.387310271817501348e-35 6.589411670200820873e-37
1.555900421101123428e+10 1.027331107700691811e-35 9.626334787739801976e-36 9.894621030006195184e-38 2.216888977262658729e-36 2.210228216672993393e-36 9.878557057348103674e-38
2.074826557850289154e+10 1.712388860773556541e-36 1.590049280147906746e-36 1.115121625260296033e-38 2.425506800120191649e-37 2.508711564793251070e-37 1.113592395225967282e-38
2.766825682915017319e+10 2.157672704650377544e-37 1.995491674727575646e-37 8.129727093467040294e-40 1.457882398722050359e-38 1.686432311891201361e-38 8.121887319612335225e-40
3.689621347227101135e+10 1.811192364760813536e-38 1.751927148629126713e-38 2.764747221781686390e-41 2.651638351805815627e-40 5.259037161584612714e-40 2.763601108992637446e-41
4.920189143094656372e+10 8.006571449669562489e-40 1.106377189161386283e-39 0.000000000000000000e+00 1.484919348590123855e-42 1.648113979878509589e-41 0.000000000000000000e+00
6.561177672614024353e+10 1.263536553664630819e-41 7.339770200468374861e-41 0.000000000000000000e+00 5.551537849001965929e-44 8.305234491124846423e-43 0.000000000000000000e+00
8.749471046662280273e+10 1.054254740444518827e-45 2.413803448226465082e-42 0.000000000000000000e+00 3.816327514886446385e-46 1.490973955882288791e-44 0.000000000000000000e+00
