1.166760716081661986e+00 9.835908853586393819e-04 1.806781402596976515e-03 5.667640956176887430e-13 8.224969972062340720e-04 1.805482654339070521e-03 5.699349154684176849e-13
1.555900421101123365e+00 6.663379177635779440e-04 1.233037236161226187e-03 6.102159470813474151e-13 5.504566116092105997e-04 1.229533819983993134e-03 6.118023175402685529e-13
2.074826557850288911e+00 4.405629899609167640e-04 8.160214753944204430e-04 6.357206835160249685e-13 3.579512199887857214e-04 8.144575897774836712e-04 6.368388577464501911e-13
2.766825682915017293e+00 2.822949977588736143e-04 5.217547795151835548e-04 6.363832397614833315e-13 2.248873657995309689e-04 5.217865086643369912e-04 6.364359578642517001e-13
3.689621347227101111e+00 1.745885821088625665e-04 3.213641353394810856e-04 6.360223132205579930e-13 1.359886601624396064e-04 3.221627628049082920e-04 6.364068978565770620e-13
4.920189143094656714e+00 1.040449919224051165e-04 1.901363246290688896e-04 6.360860884514202042e-13 7.900355999539111166e-05 1.913373711510437379e-04 6.361322534186272310e-13
6.561177672614024736e+00 5.960818899328937761e-05 1.078280809989128839e-04 6.358117231539114760e-13 4.402925542383839255e-05 1.091156960671628537e-04 6.358974564031393762e-13
8.749471046662279150e+00 3.272637571052892968e-05 5.844039987092257063e-05 6.351464659955143651e-13 2.350581953761876725e-05 5.961748941205008656e-05 6.357670072447797180e-13
1.166760716081661897e+01 1.717046678691615060e-05 3.021586660251918759e-05 6.308364937129988757e-13 1.202148997652183674e-05 3.116248198506674406e-05 6.316863987437234324e-13
1.555900421101123499e+01 8.609612447988245683e-06 1.498937007884623514e-05 6.231916702202186707e-13 5.908035919592789631e-06 1.560512259007403819e-05 6.240047579459328932e-13
2.074826557850288822e+01 4.151583753539481237e-06 7.233097727646276984e-06 5.929953737458997335e-13 2.812506265092127890e-06 7.536950972249442342e-06 5.937016292386804696e-13
2.766825682915017381e+01 1.950197311618036815e-06 3.435717459734457931e-06 5.176432682393292369e-13 1.312391476828135346e-06 3.550133052887139263e-06 5.182074143998594754e-13
3.689621347227100756e+01 9.042989954616618861e-07 1.618814184896553099e-06 4.333198930892562195e-13 6.070064036804001876e-07 1.649281912624638368e-06 4.337059580869772639e-13
4.920189143094656714e+01 4.169973103056006179e-07 7.562941438975038273e-07 3.541144424713331455e-13 2.798635976704871847e-07 7.613309373780356876e-07 3.543356946070994898e-13
6.561177672614024914e+01 1.915455806231185951e-07 3.509959292735483993e-07 2.834196761738843313e-13 1.287028367944905391e-07 3.501580740219515023e-07 2.835175330007352145e-13
8.749471046662279150e+01 8.757989325811964852e-08 1.623370092959700267e-07 2.202644654089697121e-13 5.898104900811260656e-08 1.604980714478287595e-07 2.202750008955204158e-13
1.166760716081661968e+02 3.984205841154306633e-08 7.474199313347977594e-08 1.635261559310945992e-13 2.691549235253801222e-08 7.331396815439039627e-08 1.634954645257703597e-13
1.555900421101123356e+02 1.801156033890355148e-08 3.426050361408000249e-08 1.164747121130478747e-13 1.221447859475177865e-08 3.336206371136528958e-08 1.164294531899159339e-13
2.074826557850288964e+02 8.068768344715317534e-09 1.562077383299104862e-08 8.002611400010589030e-14 5.493697175239617774e-09 1.510429859310065527e-08 7.997735069692550386e-14
2.766825682915017524e+02 3.565178871253003699e-09 7.071294071802922062e-09 5.315047146598419762e-14 2.436282652536938748e-09 6.784379694030108482e-09 5.310755430441514931e-14
3.689621347227101182e+02 1.544692975378991497e-09 3.172895205279559042e-09 3.415989918033493666e-14 1.059139018269890644e-09 3.010852256929221364e-09 3.412536157435946242e-14
4.920189143094656856e+02 6.528343640421944521e-10 1.408675220075410071e-09 2.126554515884852289e-14 4.490529386169562199e-10 1.314848559270603158e-09 2.123989388184790646e-14
6.561177672614023777e+02 2.681222987799855859e-10 6.176876807003537333e-10 1.283118319224971987e-14 1.849783275284841563e-10 5.635377857936471831e-10 1.281356264388616253e-14
8.749471046662279150e+02 1.068171108010843937e-10 2.672641068768182170e-10 7.495139922419684652e-15 7.388782740300068403e-11 2.367216409928757987e-10 7.483937810679314436e-15
1.166760716081661940e+03 4.127602669122572919e-11 1.142281206714498032e-10 4.220595991323894694e-15 2.861258536861816174e-11 9.753126150222981340e-11 4.213849504145225545e-15
1.555900421101123356e+03 1.548950938833757162e-11 4.828216944047572341e-11 2.279962296614967933e-15 1.075410363274812129e-11 3.947617456671198148e-11 2.276182429722471828e-15
2.074826557850288737e+03 5.656546353903993283e-12 2.019387929441400447e-11 1.181088481560904979e-15 3.932741068221637246e-12 1.573174147878406516e-11 1.179092120060891590e-15
2.766825682915017296e+03 2.015758790569652705e-12 8.379600857134772102e-12 5.909015794385951154e-16 1.403699921152989689e-12 6.183167912064182651e-12 5.898957319052557346e-16
3.689621347227101069e+03 7.039787870208099919e-13 3.455254272846599952e-12 2.892306365834873012e-16 4.908699637341219560e-13 2.402416287681608204e-12 2.887345479993576104e-16
4.920189143094656174e+03 2.423218974019209729e-13 1.418538073919291187e-12 1.401758459990301650e-16 1.690259611551031823e-13 9.263677058301156777e-13 1.399342280422454006e-16
6.561177672614025141e+03 8.273056573478812261e-14 5.812198643256726753e-13 6.763535682712665550e-17 5.765906614572403614e-14 3.560369424960836225e-13 6.751857107282708811e-17
8.749471046662278241e+03 2.821326783853162596e-14 2.379704986804094121e-13 3.252128040010729308e-17 1.961270959627544611e-14 1.367947333983607375e-13 3.246509086159307043e-17
1.166760716081662031e+04 9.675200655365360727e-15 9.754183896841655616e-14 1.558373740471967034e-17 6.692063347805052423e-15 5.265319978249921526e-14 1.555678116280629262e-17
1.555900421101123356e+04 3.352099434058572096e-15 4.003848818639368277e-14 7.442026012162138761e-18 2.300395467058003301e-15 2.035088405052568106e-14 7.429153960686273844e-18
2.074826557850289100e+04 1.175995544366511554e-15 1.639401866803179909e-14 3.541667639411510376e-18 7.983688488283931554e-16 7.894323199736232792e-15 3.535518331391529832e-18
2.766825682915017387e+04 4.176819257611548908e-16 6.662820013408531954e-15 1.679461514000958645e-18 2.797276293397713894e-16 3.063450668300773878e-15 1.676527389282610203e-18
3.689621347227100341e+04 1.498159208121616690e-16 2.682543473071278638e-15 7.933703492288240076e-19 9.884670259787640910e-17 1.185341939137401007e-15 7.919763826986458002e-19
4.920189143094656174e+04 5.411723018465946157e-17 1.063781078529611496e-15 3.732211278175463440e-19 3.518673929364330187e-17 4.543784885256571050e-16 3.725621227337593384e-19
6.561177672614024777e+04 1.965191316486481172e-17 4.139827042160414512e-16 1.747572362677807484e-19 1.262051268091051837e-17 1.716853594541509827e-16 1.744466037849687237e-19
8.749471046662278241e+04 7.164605744274692027e-18 1.577333818619684455e-16 8.139719840732196959e-20 4.558862781768659466e-18 6.386276019698388043e-17 8.125154092538410600e-20
1.166760716081661958e+05 2.626262813197659063e-18 5.873530134591326058e-17 3.768298244408999898e-20 1.660831534270543321e-18 2.334415962651095140e-17 3.761501307820002932e-20
1.555900421101123211e+05 9.698420282002373309e-19 2.141621238084837443e-17 1.732391136794069025e-20 6.111734557248115358e-19 8.372656403461780658e-18 1.729238433614278870e-20
2.074826557850289100e+05 3.614058276773500646e-19 7.679539083185879416e-18 7.901225745312464997e-21 2.276801118425560532e-19 2.949964762175337345e-18 7.886722662181981954e-21
2.766825682915017242e+05 1.362188180048223011e-19 2.706873747962340626e-18 3.571794370481661353e-21 8.601939341969205872e-20 1.022277427709824481e-18 3.565186223916914828e-21
3.689621347227101214e+05 5.207085492105148106e-20 9.386714270639210796e-19 1.599039528172721974e-21 3.297172324729661676e-20 3.494947044666864415e-19 1.596064177011641929e-21
4.920189143094656756e+05 2.016053194117374158e-20 3.235988665809817774e-19 7.085660351025109669e-22 1.280083979680958018e-20 1.186494570255748352e-19 7.072430453090705163e-22
6.561177672614024486e+05 7.882402767217222920e-21 1.110749599524718021e-19 3.108205865251559895e-22 5.020751403547800338e-21 4.000895518953600132e-20 3.102388664017502896e-22
8.749471046662279405e+05 3.108045451004764831e-21 3.784265441178769326e-20 1.351396533492760283e-22 1.988242431108247879e-21 1.338245635349390274e-20 1.348865662125333787e-22
1.166760716081662104e+06 1.236654117598669974e-21 1.276346341822580179e-20 5.837130658406478402e-23 7.952003725368353609e-22 4.466654975474313277e-21 5.826195788548852992e-23
1.555900421101123560e+06 4.968084778066438971e-22 4.271116927022249128e-21 2.511323173043539658e-23 3.212996237518477410e-22 1.491814475872142904e-21 2.506617021269725661e-23
2.074826557850289159e+06 2.015826082939557980e-22 1.421135457946530062e-21 1.078243764650622078e-23 1.311104538168803614e-22 5.007868845315609685e-22 1.076221593589081808e-23
2.766825682915017474e+06 8.258404530224901579e-23 4.709864234906714820e-22 4.623337787118407870e-24 5.396123457875712414e-23 1.699777779920242776e-22 4.614657805599252331e-24
3.689621347227101214e+06 3.412876111383650477e-23 1.563276356775287127e-22 1.979793982490908585e-24 2.236866556592208926e-23 5.864089155271953010e-23 1.976073889908386549e-24
4.920189143094656989e+06 1.419957667368209047e-23 5.240958548897202880e-23 8.464966014396290243e-25 9.321286439652756760e-24 2.063371515887057476e-23 8.449042198647898595e-25
6.561177672614024952e+06 5.935882361249396535e-24 1.786656622786004712e-23 3.613099199770419046e-25 3.898488951466051947e-24 7.409931130596908187e-24 3.606294911936059574e-25
8.749471046662278473e+06 2.489377168600716781e-24 6.204088137343139913e-24 1.539289366623616176e-25 1.634546103720641552e-24 2.718845811411300302e-24 1.536386693677034133e-25
1.166760716081662104e+07 1.046052672618032965e-24 2.197620530758560819e-24 6.544982161927077295e-26 6.862992073411749134e-25 1.019685198676300728e-24 6.532623702740774478e-26
1.555900421101123467e+07 4.398937123917118010e-25 7.961379716866384935e-25 2.776890649194541663e-26 2.882366987259353661e-25 3.903858325942018435e-25 2.771641109276799437e-26
2.074826557850288972e+07 1.849495632916461242e-25 2.945542217873725348e-25 1.175156906637483574e-26 1.209793649223286142e-25 1.518603407397552418e-25 1.172932701626702527e-26
2.766825682915017009e+07 7.768664719648989172e-26 1.111716010299808988e-25 4.958274089838637554e-27 5.071336235011428053e-26 5.989236492570259504e-26 4.948879941510416327e-27
3.689621347227101028e+07 3.258902714733445492e-26 4.273394169401028738e-26 2.085535081981746017e-27 2.122787902782037231e-26 2.390301141622837625e-26 2.081579833129642019e-27
4.920189143094656616e+07 1.365214838952442069e-26 1.669595427830124389e-26 8.747447353283413001e-28 8.872985658756746469e-27 9.626029989242704666e-27 8.730835417311398523e-28
6.561177672614024580e+07 5.710237087578573394e-27 6.605118727873186256e-27 3.658669784188927674e-28 3.701668420902509837e-27 3.903521244332914211e-27 3.651708138831898112e-28
8.749471046662279963e+07 2.383252778899985839e-27 2.640277963176917126e-27 1.524897328638404821e-28 1.539764231041561693e-27 1.589140710203358701e-27 1.521988580202066960e-28
1.166760716081662029e+08 9.916434314467716491e-28 1.062790585104273551e-27 6.326142138140407831e-29 6.378475292450300898e-28 6.475463613892619892e-28 6.314037342525317286e-29
1.555900421101123393e+08 4.108868303309470394e-28 4.292547573550201814e-28 2.608389495938143343e-29 2.627569913369585534e-28 2.634552997553223522e-28 2.603379382040261167e-29
2.074826557850289047e+08 1.693098957488322203e-28 1.734522459689152772e-28 1.066865053570947287e-29 1.074498129449009968e-28 1.067305459719748914e-28 1.064806403608071834e-29
2.766825682915017605e+08 6.926681152262834696e-29 6.990822166425430811e-29 4.318513473246056398e-30 4.352611150178764591e-29 4.293137967287727120e-29 4.310136344858480709e-30
3.689621347227101326e+08 2.807931463142363826e-29 2.802214814095645539e-29 1.724749532819262408e-30 1.742105774498956706e-29 1.709273566682644064e-29 1.721384335968520676e-30
4.920189143094656467e+08 1.125182595180507904e-29 1.113237927377156680e-29 6.770386247052401210e-31 6.868280631119035940e-30 6.712743960582970816e-30 6.757093890234709380e-31
6.561177672614024878e+08 4.444303143251775027e-30 4.368202166745707737e-30 2.599605606552076656e-31 2.657866385559057862e-30 2.590307764971087190e-30 2.594469374333180273e-31
8.749471046662279367e+08 1.725042288909153374e-30 1.686888878113288361e-30 9.707620532695004868e-32 1.005899197171270165e-30 9.783169624713316569e-31 9.688328913569123351e-32
1.166760716081662178e+09 6.559046051228157551e-31 6.387703536530951049e-31 3.504560463743657042e-32 3.709691298148989596e-31 3.602689137170033872e-31 3.497558218705805650e-32
1.555900421101123333e+09 2.433612173248486721e-31 2.362056069259289563e-31 1.214688901701563334e-32 1.326890370574407194e-31 1.287365107613575673e-31 1.212251212161142271e-32
2.074826557850289106e+09 8.768040907794413696e-32 8.485090975096555321e-32 4.010003938978716994e-33 4.576362266325258157e-32 4.437574828171019790e-32 4.001933746327551630e-33
2.766825682915017128e+09 3.048489863403388448e-32 2.941980995243450626e-32 1.249963163503787298e-33 1.510555512141265958e-32 1.464504576453060765e-32 1.247446401788654374e-33
3.689621347227100849e+09 1.014548438410710149e-32 9.763390399357889755e-33 3.643764183261666387e-34 4.723438538519216454e-33 4.580416858989466664e-33 3.636451378400820174e-34
4.920189143094656944e+09 3.197393612941332698e-33 3.067442868926768573e-33 9.821396024342196491e-35 1.379287199698144841e-33 1.338508020920923053e-33 9.801869168947246115e-35
6.561177672614025116e+09 9.405419022920555168e-34 8.990529123227608931e-34 2.411188484593440072e-35 3.684120553549877333e-34 3.581010231401897937e-34 2.406483965583896194e-35
8.749471046662279129e+09 2.532212172782270276e-34 2.409709543658058664e-34 5.272075578124231592e-36 8.730102280598070494e-35 8.513986710772965389e-35 5.262115459189168342e-36
1.166760716081661987e+10 6.074727314425410992e-35 5.747775965564327809e-35 9.916889935511259899e-37 1.752385520997685535e-35 1.720787135435939174e-35 9.899111263002005167e-37
1.555900421101123428e+10 1.251479456804089917e-35 1.175412157162173018e-35 1.521685285566638416e-37 2.770263909093835141e-36 2.761629494630285062e-36 1.519191550967202477e-37
2.074826557850289154e+10 2.102178663731776246e-36 1.957568840271981691e-36 1.748608330331137361e-38 3.048923792292372047e-37 3.153875869631387315e-37 1.746188583125643264e-38
2.766825682915017319e+10 2.666744283562371057e-37 2.476412730594190159e-37 1.295227456488118867e-39 1.841160345485605113e-38 2.132173637487070927e-38 1.293968651889423255e-39
3.689621347227101135e+10 2.252264947193288195e-38 2.195222349365435560e-38 4.462958239892160406e-41 3.358613593591031045e-40 6.711808059392809184e-40 4.461106376765828980e-41
4.920189143094656372e+10 1.001156122840099631e-39 1.407545634796749338e-39 0.000000000000000000e+00 1.922902294526456113e-42 2.147891700295880770e-41 0.000000000000000000e+00
6.561177672614024353e+10 1.589236180579620340e-41 9.463872085875284083e-41 0.000000000000000000e+00 7.185032508870876201e-44 1.085618326514811581e-42 0.000000000000000000e+00
8.749471046662280273e+10 1.362986274959804119e-45 3.120326525684468894e-42 0.000000000000000000e+00 4.936600495478690949e-46 1.959330190279191706e-44 0.000000000000000000e+00
