1.166760716081661986e+00 9.836813665906746218e-04 1.807062648784851918e-03 5.702489872829966987e-13 8.225894133789359887e-04 1.805759559978774168e-03 5.734398751669185819e-13
1.555900421101123365e+00 6.663746266454404670e-04 1.233202995721621341e-03 6.139680740296992262e-13 5.504991704998323269e-04 1.229696961284807355e-03 6.155639674316780950e-13
2.074826557850288911e+00 4.405671015785269469e-04 8.161107361872516671e-04 6.396297931654576073e-13 3.579638531629741210e-04 8.145437342655768723e-04 6.407546941759424337e-13
2.766825682915017293e+00 2.822830818766753963e-04 5.217967116326760078e-04 6.402967414985491191e-13 2.248847512570036923e-04 5.218248572149937004e-04 6.403492365452792410e-13
3.689621347227101111e+00 1.745715029953362929e-04 3.213796822659479484e-04 6.399334003663340033e-13 1.359803269348364987e-04 3.221748647678004409e-04 6.403200592297457676e-13
4.920189143094656714e+00 1.040284890418662213e-04 1.901389734325661224e-04 6.399975585973570290e-13 7.899463457453050552e-05 1.913369556054163431e-04 6.400436697670828478e-13
6.561177672614024736e+00 5.959474950656952578e-05 1.078257240048026487e-04 6.397212612401776195e-13 4.402198053160602780e-05 1.091106831353281218e-04 6.398076203991252240e-13
8.749471046662279150e+00 3.271665607442363272e-05 5.843714237518827511e-05 6.390518962857451605e-13 2.350079479793276203e-05 5.961198535960853922e-05 6.396764439757886251e-13
1.166760716081661897e+01 1.716414056704746688e-05 3.021340672783322357e-05 6.347140521630165597e-13 1.201847495142741757e-05 3.115821305039736752e-05 6.355694171373500587e-13
1.555900421101123499e+01 8.605890853692890540e-06 1.498800201136927428e-05 6.270201397401890401e-13 5.906456701022632364e-06 1.560244347131566010e-05 6.278383236189992693e-13
2.074826557850288822e+01 4.149555741892381725e-06 7.232487407871465987e-06 5.966291908370717522e-13 2.811765602894636059e-06 7.535516182897819072e-06 5.973398072544231899e-13
2.766825682915017381e+01 1.949088023133842608e-06 3.435446491555386319e-06 5.207921804526141386e-13 1.312035092132466978e-06 3.549397269476785951e-06 5.213597432092687069e-13
3.689621347227100756e+01 9.036051274496877614e-07 1.618627318533359754e-06 4.359322850549674015e-13 6.067701921749844417e-07 1.648834317639091723e-06 4.363206026818719117e-13
4.920189143094656714e+01 4.164641447036547364e-07 7.560962481534420260e-07 3.562308301845903239e-13 2.796353195016416523e-07 7.609644738000229156e-07 3.564533200405326263e-13
6.561177672614024914e+01 1.910723689971148408e-07 3.507649260602324873e-07 2.851000429915430733e-13 1.284550709257760254e-07 3.497956528595723428e-07 2.851983831757103540e-13
8.749471046662279150e+01 8.714183375905404717e-08 1.620839694317152272e-07 2.215593725195718418e-13 5.872233257165957277e-08 1.601287486250107654e-07 2.215698744743633113e-13
1.166760716081661968e+02 3.944776577024563678e-08 7.448813221646128212e-08 1.644767466350957737e-13 2.666694244720247734e-08 7.295377630582537561e-08 1.644457959689407873e-13
1.555900421101123356e+02 1.768048342396291816e-08 3.402863481475200776e-08 1.171422936202708321e-13 1.199827671835886324e-08 3.303691024631575605e-08 1.170967109120669179e-13
2.074826557850288964e+02 7.815432573459213321e-09 1.542945155024098375e-08 8.047722704851172921e-14 5.324969679920904461e-09 1.483764254051718951e-08 8.042813949762782730e-14
2.766825682915017524e+02 3.390550132665806247e-09 6.929509040491619757e-09 5.344440294454901682e-14 2.318611021083929321e-09 6.587849056827740537e-09 5.340121140316954962e-14
3.689621347227101182e+02 1.436464949132528192e-09 3.078526942833716604e-09 3.434469159945602960e-14 9.856441362877299984e-10 2.881023325152004228e-09 3.430994004800241874e-14
4.920189143094656856e+02 5.922029907690850960e-10 1.351880390812008848e-09 2.137768664804029073e-14 4.076389357507821721e-10 1.237579053452348806e-09 2.135188090472637886e-14
6.561177672614023777e+02 2.371152032563085894e-10 5.864049507364708364e-10 1.289686065635085189e-14 1.636964126739350231e-10 5.216515089513718241e-10 1.287913713978686575e-14
8.749471046662279150e+02 9.217246533563929788e-11 2.512568863598332784e-10 7.532158440769783083e-15 6.379438476881729886e-11 2.157523913840554043e-10 7.520893016718328448e-15
1.166760716081661940e+03 3.481543804274363948e-11 1.065012130588592414e-10 4.240522307923508364e-15 2.414414162730442732e-11 8.769462398428880617e-11 4.233739325058138424e-15
1.555900421101123356e+03 1.280118516730765524e-11 4.471826048959495568e-11 2.290097874327764948e-15 8.889596160011097762e-12 3.509653185822998176e-11 2.286298710745974809e-15
2.074826557850288737e+03 4.593442108783500804e-12 1.860764323221248817e-11 1.185924979226527642e-15 3.193590134758212929e-12 1.386194249670708570e-11 1.183919187646006780e-15
2.766825682915017296e+03 1.613976068723437837e-12 7.693746727103790238e-12 5.930692697213148919e-16 1.123594157065396356e-12 5.412790920771468188e-12 5.920591419945805227e-16
3.689621347227101069e+03 5.581194961082514957e-13 3.166322823159075011e-12 2.901534394462316877e-16 3.889105324471991998e-13 2.094810243771996195e-12 2.896555049943632220e-16
4.920189143094656174e+03 1.911928560604695907e-13 1.299583419611885804e-12 1.405545500959553448e-16 1.332030622154531042e-13 8.068463918533013899e-13 1.403121645368737755e-16
6.561177672614025141e+03 6.532411475845107192e-14 5.330721303835568718e-13 6.778633180533355647e-17 4.543223878735401327e-14 3.106346062963900634e-13 6.766923611399228186e-17
8.749471046662278241e+03 2.241321796254132856e-14 2.186351186477664032e-13 3.257967379329833886e-17 1.552531140139730259e-14 1.198171908321696990e-13 3.252336266562692573e-17
1.166760716081662031e+04 7.765409836765846331e-15 8.973749402358685386e-14 1.560550166475031589e-17 5.341490155874929494e-15 4.634270819775837872e-14 1.557849920703419924e-17
1.555900421101123356e+04 2.724244140338071382e-15 3.682993556041051521e-14 7.449742034885292788e-18 1.855339453454000643e-15 1.799109773819700991e-14 7.436853134615621292e-18
2.074826557850289100e+04 9.679003191754637985e-16 1.504119634116412895e-14 3.544202706651382002e-18 6.510232280154813427e-16 6.997009477820609018e-15 3.538047574235667557e-18
2.766825682915017387e+04 3.476898727577043003e-16 6.078898083430090065e-15 1.680187086331845768e-18 2.305053395001072491e-16 2.714624887522408215e-15 1.677251124107582132e-18
3.689621347227100341e+04 1.258878005967232435e-16 2.427009475528330977e-15 7.935158422811944131e-19 8.224353468620857143e-17 1.046856859307223328e-15 7.921213946852604229e-19
4.920189143094656174e+04 4.582623876596627623e-17 9.522491892729003855e-16 3.732089323954428939e-19 2.954358032520041808e-17 3.988652683612805303e-16 3.725498624206054670e-19
6.561177672614024777e+04 1.675677305357187626e-17 3.661587487001732736e-16 1.747190415853841199e-19 1.069434857240260644e-17 1.495040830939674624e-16 1.744084453386377759e-19
8.749471046662278241e+04 6.152987347668495030e-18 1.378227765426313619e-16 8.136650487479909178e-20 3.901904969895207293e-18 5.512678175404577726e-17 8.122089134057203270e-20
1.166760716081661958e+05 2.274260044758153328e-18 5.073762303725345694e-17 3.766374362660249703e-20 1.437664587335959530e-18 1.998154249541635722e-17 3.759580549252103851e-20
1.555900421101123211e+05 8.482814415268565810e-19 1.831685925466925558e-17 1.731315927712478436e-20 5.358704050816223000e-19 7.113907042944558461e-18 1.728165089518194650e-20
2.074826557850289100e+05 3.198275471504763377e-19 6.515701637918929393e-18 7.895629029518703033e-21 2.024519129068247649e-19 2.492057095275473368e-18 7.881136070307835491e-21
2.766825682915017242e+05 1.221237443019493662e-19 2.282982010379448945e-18 3.569031902155226733e-21 7.761629071738601580e-20 8.602251335311646836e-19 3.562428894430624759e-21
3.689621347227101214e+05 4.731581912940600572e-20 7.885006690032663878e-19 1.597732821358418386e-21 3.018271005505919381e-20 2.935264066887203232e-19 1.594759951141718807e-21
4.920189143094656756e+05 1.856388384651395256e-20 2.712212186532524425e-19 7.079709975670887081e-22 1.187805959273134515e-20 9.964240965961144615e-20 7.066491502331788576e-22
6.561177672614024486e+05 7.350670513827646278e-21 9.302960033875997176e-20 3.105581550058502941e-22 4.717080443076888165e-21 3.365669588621389002e-20 3.099769419722761166e-22
8.749471046662279405e+05 2.932750487722756765e-21 3.171631127877342957e-20 1.350268255517506621e-22 1.888779458633997189e-21 1.129677861529803933e-20 1.347739565045820082e-22
1.166760716081662104e+06 1.179375015680074192e-21 1.071926228828170963e-20 5.832368275008998034e-23 7.627168469231788489e-22 3.790457561972700322e-21 5.821442563122767375e-23
1.555900421101123560e+06 4.782383713827615301e-22 3.599551067838092916e-21 2.509331511875667966e-23 3.106999315068708394e-22 1.275098033420235453e-21 2.504629145961753959e-23
2.074826557850289159e+06 1.955983162188924806e-22 1.203713144989563996e-21 1.077408805297477391e-23 1.276443098371025827e-22 4.319812242679377252e-22 1.075388192118072615e-23
2.766825682915017474e+06 8.066042473081288140e-23 4.016406361743687936e-22 4.619779568474271313e-24 5.282309856107941478e-23 1.482576822160484389e-22 4.611106056397448828e-24
3.689621347227101214e+06 3.350790174070789333e-23 1.344732585353600013e-22 1.978230014196472174e-24 2.199180806062858419e-23 5.180058420798862546e-23 1.974512675072436624e-24
4.920189143094656989e+06 1.399772612855044803e-23 4.556077603864523770e-23 8.457791812886380082e-25 9.195432165751181859e-24 1.848039663202460195e-23 8.441880197692422657e-25
6.561177672614024952e+06 5.869700154253767176e-24 1.572137647657531482e-23 3.609645968309063897e-25 3.856062663136107312e-24 6.733118604776524323e-24 3.602847365110075697e-25
8.749471046662278473e+06 2.467384990540006437e-24 5.532835543413291907e-24 1.537549139387396102e-25 1.620024969309795593e-24 2.506181318293898096e-24 1.534649258046238241e-25
1.166760716081662104e+07 1.038578947467171682e-24 1.987855784809762293e-24 6.535874954374865043e-26 6.812074631653374504e-25 9.526870197070822277e-25 6.523530852283021666e-26
1.555900421101123467e+07 4.372676285446560675e-25 7.304344487365195149e-25 2.771993386792071959e-26 2.863874048164904531e-25 3.691418717935961213e-25 2.766751495112738628e-26
2.074826557850288972e+07 1.839785808070644705e-25 2.739390833088664839e-25 1.172478139092922915e-26 1.202710293474279320e-25 1.450992825460117675e-25 1.170258107161796323e-26
2.766825682915017009e+07 7.730236413826471346e-26 1.046761184787888416e-25 4.943487476339533537e-27 5.042281637635476072e-26 5.771872940965040062e-26 4.934116424671394949e-27
3.689621347227101028e+07 3.242486953721575622e-26 4.066897414918562997e-26 2.077343475576804332e-27 2.109969177380894369e-26 2.318907931613883147e-26 2.073401111106794387e-27
4.920189143094656616e+07 1.357676167294059552e-26 1.602852604636195535e-26 8.702066959614959226e-28 8.812574578022635815e-27 9.384115125624373198e-27 8.685527190784226917e-28
6.561177672614024580e+07 5.673528091057966210e-27 6.384645456402317277e-27 3.633601494507858417e-28 3.671736374858769314e-27 3.817379509931621886e-27 3.626680312963499539e-28
8.749471046662279963e+07 2.364663684907749096e-27 2.564628205112376484e-27 1.511125768880041651e-28 1.524461299520160974e-27 1.556494838511734644e-27 1.508239662891190849e-28
1.166760716081662029e+08 9.820292622698977374e-28 1.035469571524469372e-27 6.251100256897496953e-29 6.299058552338327728e-28 6.343162386597441417e-28 6.239121510574183448e-29
1.555900421101123393e+08 4.058797789656425631e-28 4.187885919261379779e-28 2.567943378856105516e-29 2.586270682326566661e-28 2.577394543279410407e-28 2.563002839088252959e-29
2.074826557850289047e+08 1.667115917949755175e-28 1.691874344922219281e-28 1.045368482449405138e-29 1.053185879886313035e-28 1.041375160853275323e-28 1.043347762590866209e-29
2.766825682915017605e+08 6.793396521310273732e-29 6.807520019230481248e-29 4.206238325607516549e-30 4.244311816000276240e-29 4.172086742173028604e-29 4.198064534243207493e-30
3.689621347227101326e+08 2.740773820391095255e-29 2.720378853995513533e-29 1.667357975638766464e-30 1.688265232034276835e-29 1.652256473386231278e-29 1.664099436696866321e-30
4.920189143094656467e+08 1.092121676696432949e-29 1.076055596720467998e-29 6.484641047787161058e-31 6.607950209831865859e-30 6.446188960079182394e-30 6.471893067620279003e-31
6.561177672614024878e+08 4.286034278690379378e-30 4.199173299384738551e-30 2.461821331469894246e-31 2.536110821444192958e-30 2.468242707760860174e-30 2.456953671433699297e-31
8.749471046662279367e+08 1.651662714386180550e-30 1.611071351430646251e-30 9.068430851474138833e-32 9.510907471827597387e-31 9.240980501567725432e-31 9.050410305889153115e-32
1.166760716081662178e+09 6.230732267058633113e-31 6.055706523506808826e-31 3.221379649881486430e-32 3.473312177148674589e-31 3.370830267678427477e-31 3.214949992310837258e-32
1.555900421101123333e+09 2.292398434846775302e-31 2.221256026551768097e-31 1.095908654169765961e-32 1.229697187967045111e-31 1.192540256557328337e-31 1.093714197506947562e-32
2.074826557850289106e+09 8.186745517369576246e-32 7.911013282953158826e-32 3.542884601874259239e-33 4.197468554915474930e-32 4.069126114257350157e-32 3.535778747277551284e-33
2.766825682915017128e+09 2.820791867351957909e-32 2.718633581872885863e-32 1.079524135438609374e-33 1.371483874815056388e-32 1.329513890825862122e-32 1.077360256351206090e-33
3.689621347227100849e+09 9.303264675749513765e-33 8.941657452449726853e-33 3.073084943737313942e-34 4.247313606549143080e-33 4.118631754609144330e-33 3.066949829660379711e-34
4.920189143094656944e+09 2.906267527760084605e-33 2.784719781112445718e-33 8.088943307875436238e-35 1.229254005026622500e-33 1.192972415988938914e-33 8.072952577373469097e-35
6.561177672614025116e+09 8.478084131336850306e-34 8.094058935256808254e-34 1.941387323088812841e-35 3.257330783858377737e-34 3.166473762158618928e-34 1.937621938525857961e-35
8.749471046662279129e+09 2.265123076526994792e-34 2.152783271444052689e-34 4.157892165220295453e-36 7.665464929617674180e-35 7.476622983879419664e-35 4.150085130011844167e-36
1.166760716081661987e+10 5.396884744179133676e-35 5.099451250548859170e-35 7.679487107381551685e-37 1.529645754353618353e-35 1.502255950284045656e-35 7.665805867962700439e-37
1.555900421101123428e+10 1.105191225662822637e-35 1.036428819870087921e-35 1.160027003582033278e-37 2.406286250241776616e-36 2.399023507872603130e-36 1.158137911833101299e-37
2.074826557850289154e+10 1.846827187597014759e-36 1.716573433337619646e-36 1.315616090373985353e-38 2.637665777789347505e-37 2.728378142084113449e-37 1.313806677458453573e-38
2.766825682915017319e+10 2.332122377368503831e-37 2.159891618424926648e-37 9.640194565090047788e-40 1.587729199541203347e-38 1.837536121723462337e-38 9.630875346846317635e-40
3.689621347227101135e+10 1.961458956982837903e-38 1.902343565531307127e-38 3.292004157776625954e-41 2.890631003597806438e-40 5.750520028014536687e-40 3.290639052531997680e-41
4.920189143094656372e+10 8.686238316154287484e-40 1.207660469084275120e-39 0.000000000000000000e+00 1.631545296179705588e-42 1.817641346434847587e-41 0.000000000000000000e+00
6.561177672614024353e+10 1.373390008931467940e-41 8.049009864537398694e-41 0.000000000000000000e+00 6.097732320982143992e-44 9.179005344505961747e-43 0.000000000000000000e+00
8.749471046662280273e+10 1.157147257441949400e-45 2.649195946006187024e-42 0.000000000000000000e+00 4.190333865391249040e-46 1.654343680867981413e-44 0.000000000000000000e+00
