1.166760716081661986e+00 9.838898379377839908e-04 1.807697773395624055e-03 5.759733906661512831e-13 8.227993400913231935e-04 1.806388165391887169e-03 5.791974358284002894e-13
1.555900421101123365e+00 6.664587639602579912e-04 1.233574791368495993e-03 6.201315079483960368e-13 5.505943019004774439e-04 1.230065540225176030e-03 6.217428512937360888e-13
2.074826557850288911e+00 4.405758844508506273e-04 8.163086216572027843e-04 6.460510745294494160e-13 3.579903238589195332e-04 8.147366353055021486e-04 6.471869705207790799e-13
2.766825682915017293e+00 2.822547257233753407e-04 5.218874009853371240e-04 6.467254435330266550e-13 2.248763845011831914e-04 5.219089401620288131e-04 6.467772139974045147e-13
3.689621347227101111e+00 1.745310136059599322e-04 3.214109401084898625e-04 6.463579893659360260e-13 1.359590052042154804e-04 3.221993656062047172e-04 6.467479330588583718e-13
4.920189143094656714e+00 1.039890864812411644e-04 1.901414755497487304e-04 6.464227345263878345e-13 7.897211580990475899e-05 1.913331655127608515e-04 6.464686455809038989e-13
6.561177672614024736e+00 5.956222257827628851e-05 1.078173852826512025e-04 6.461430932113633304e-13 4.400342432648838046e-05 1.090966409321454515e-04 6.462306679164704797e-13
8.749471046662279150e+00 3.269261433702206775e-05 5.842726073038534250e-05 6.454669982070375144e-13 2.348759923073042889e-05 5.959706026819888431e-05 6.460982988274828631e-13
1.166760716081661897e+01 1.714792869232234100e-05 3.020579234318296376e-05 6.410822084979116732e-13 1.201009560904027224e-05 3.114635794056357164e-05 6.419466251311816126e-13
1.555900421101123499e+01 8.595759933757531382e-06 1.498325443054890726e-05 6.333062646970362545e-13 5.901560636647689987e-06 1.559447695820366568e-05 6.341328293561156267e-13
2.074826557850288822e+01 4.143431676263464652e-06 7.229764451246517624e-06 6.025882614712160920e-13 2.808948078573584486e-06 7.530633046747067991e-06 6.033060124995310773e-13
2.766825682915017381e+01 1.945180266050603247e-06 3.433714645140906811e-06 5.259387341053458402e-13 1.310216619062302880e-06 3.546307266380885443e-06 5.265118472706436586e-13
3.689621347227100756e+01 9.007518275499523132e-07 1.617241614308652373e-06 4.401902353365008292e-13 6.053231574467777856e-07 1.646551167222005676e-06 4.405821744433193326e-13
4.920189143094656714e+01 4.141028498585054201e-07 7.548064937471740139e-07 3.596738761332582263e-13 2.783070018133423529e-07 7.589941162757398208e-07 3.598983338541825284e-13
6.561177672614024914e+01 1.890220981215041184e-07 3.495194769529870024e-07 2.878297693455580394e-13 1.272104614444516244e-07 3.479775792917504690e-07 2.879288495037574257e-13
8.749471046662279150e+01 8.540204800982606007e-08 1.609297977440647938e-07 2.236592276431652352e-13 5.761582665431079855e-08 1.584809597048516759e-07 2.236696360816060678e-13
1.166760716081661968e+02 3.806674659872767177e-08 7.349770158885812689e-08 1.660139585362928599e-13 2.576434129431054543e-08 7.155504358269534371e-08 1.659825601260035625e-13
1.555900421101123356e+02 1.667930496273670581e-08 3.325557757404906893e-08 1.182183866930727697e-13 1.133301287106289162e-08 3.195334288037828997e-08 1.181722618622310339e-13
2.074826557850288964e+02 7.158763920529890544e-09 1.488464630520531395e-08 8.120199814917564553e-14 4.883938632896615991e-09 1.407992756220791223e-08 8.115237527521451886e-14
2.766825682915017524e+02 3.000639860249796021e-09 6.582223549199514923e-09 5.391503919568882062e-14 2.054767395270158434e-09 6.109680147130235402e-09 5.387139817106032454e-14
3.689621347227101182e+02 1.225406122856623675e-09 2.876499160674003022e-09 3.463951061082532145e-14 8.419682514556263261e-10 2.606699683049374781e-09 3.460441075915411395e-14
4.920189143094656856e+02 4.869852957688817709e-10 1.243205994261410986e-09 2.155590037867017438e-14 3.356361270555124373e-10 1.092815567643961593e-09 2.152984461025015288e-14
6.561177672614023777e+02 1.882753573477742558e-10 5.315550626198543871e-10 1.300078641123162983e-14 1.301143719672645282e-10 4.504180511762064534e-10 1.298289721655574583e-14
8.749471046662279150e+02 7.084869321579981020e-11 2.249158824912008098e-10 7.590444304796018271e-15 4.906963960043853203e-11 1.826323370676840459e-10 7.579077689754720768e-15
1.166760716081661940e+03 2.598412747684407238e-11 9.432401253677691846e-11 4.271699162313557582e-15 1.802393804519889804e-11 7.297517835253160556e-11 4.264858324716618236e-15
1.555900421101123356e+03 9.309257287424795537e-12 3.925963543127466325e-11 2.305821246542713976e-15 6.462932254587463599e-12 2.879041717013407532e-11 2.301991798678815195e-15
2.074826557850288737e+03 3.269138698226537691e-12 1.622492446399328926e-11 1.193341680350661367e-15 2.270951099878267489e-12 1.124303131793296382e-11 1.191321273013220448e-15
2.766825682915017296e+03 1.130501442389648274e-12 6.678087289742005520e-12 5.963443088377540273e-16 7.857380456131148978e-13 4.355798049536663508e-12 5.953276482643615300e-16
3.689621347227101069e+03 3.874498240654376013e-13 2.742797511806063486e-12 2.915231047161660566e-16 2.692310929365017244e-13 1.679290541367095934e-12 2.910224014458905861e-16
4.920189143094656174e+03 1.325893748836636770e-13 1.126012373091633867e-12 1.411054978886629046e-16 9.195985356586584478e-14 6.470392780756736255e-13 1.408619813047170672e-16
6.561177672614025141e+03 4.560414744073932732e-14 4.625254236442121349e-13 6.800095059872265817e-17 3.149715257076400052e-14 2.501050270617675560e-13 6.788340688889265015e-17
8.749471046662278241e+03 1.584815832841842721e-14 1.898684381204898006e-13 3.266027196344253401e-17 1.086635248208087219e-14 9.703026869331270292e-14 3.260378908998706730e-17
1.166760716081662031e+04 5.580336607429833675e-15 7.782151721654706565e-14 1.563430664519436474e-17 3.786356555304397844e-15 3.772421834442117112e-14 1.560724090999822883e-17
1.555900421101123356e+04 1.990322058830837131e-15 3.177371545252842379e-14 7.459288637398340052e-18 1.333392117439859189e-15 1.468138637171517449e-14 7.446377722187233129e-18
2.074826557850289100e+04 7.175568847257678272e-16 1.284801009099985307e-14 3.546962721600713674e-18 4.741726503695483872e-16 5.699394542241759358e-15 3.540800563303889978e-18
2.766825682915017387e+04 2.608420489672507060e-16 5.116386732958588998e-15 1.680749235660418373e-18 1.699923500359520381e-16 2.196386516798615107e-15 1.677811401143350442e-18
3.689621347227100341e+04 9.535423584726387772e-17 2.005351055740212192e-15 7.934724265073102690e-19 6.138699578815998633e-17 8.376360025857494458e-16 7.920777073314623372e-19
4.920189143094656174e+04 3.501529161413861030e-17 7.706599809276234980e-16 3.730623336350318718e-19 2.233156736219157306e-17 3.146721436203358717e-16 3.724033925153098646e-19
6.561177672614024777e+04 1.292707366669285530e-17 2.900925071650760752e-16 1.745998268159373822e-19 8.201269931079548120e-18 1.161215023453819582e-16 1.742893971515004555e-19
8.749471046662278241e+04 4.803933914132135974e-18 1.070218917825331919e-16 8.129111877607934262e-20 3.044073759681284627e-18 4.217438661197695119e-17 8.114562576674212035e-20
1.166760716081661958e+05 1.802993111743987167e-18 3.870718970795999999e-17 3.762127778688294472e-20 1.144467933016658796e-18 1.508479500654397346e-17 3.755341243275832338e-20
1.555900421101123211e+05 6.852418709732087539e-19 1.377141380224185545e-17 1.729087977496064850e-20 4.364678384266590485e-19 5.313518471366876442e-18 1.725941133412586761e-20
2.074826557850289100e+05 2.640066184436054092e-19 4.844647639314114230e-18 7.884532078515287079e-21 1.690052434857298516e-19 1.847446836610348982e-18 7.870059642610367430e-21
2.766825682915017242e+05 1.031811681201654674e-19 1.684465232238865079e-18 3.563739563351826072e-21 6.642443176563084737e-20 6.350494983682091473e-19 3.557146549245580109e-21
3.689621347227101214e+05 4.091545556636116551e-20 5.791437065557810495e-19 1.595299418522405116e-21 2.644891670345980748e-20 2.165177424932960091e-19 1.592331213956041796e-21
4.920189143094656756e+05 1.640989613567591168e-20 1.988648069087923299e-19 7.068893532856253537e-22 1.063536708232102467e-20 7.367260185762547787e-20 7.055695927272721015e-22
6.561177672614024486e+05 6.631064503138567449e-21 6.825953994344508492e-20 3.100904466641038123e-22 4.305287195573477026e-21 2.501839096562294403e-20 3.095101374083938797e-22
8.749471046662279405e+05 2.694540303574882235e-21 2.334218671265478963e-20 1.348285342455226047e-22 1.752817658525563628e-21 8.468880612832802383e-21 1.345760465405231092e-22
1.166760716081662104e+06 1.101139041380814236e-21 7.932086138347028784e-21 5.824050658961679298e-23 7.179134487986282885e-22 2.875003513126437807e-21 5.813140768888275193e-23
1.555900421101123560e+06 4.527207722100853021e-22 2.685061900857822209e-21 2.505839497567492884e-23 2.959386139498290299e-22 9.818332144956593962e-22 2.501143655128872900e-23
2.074826557850289159e+06 1.873189794862959512e-22 9.077423842017829260e-22 1.075921005412891018e-23 1.227693962699895793e-22 3.388426963888250613e-22 1.073903101940292220e-23
2.766825682915017474e+06 7.797895447538122937e-23 3.072107431877532502e-22 4.613252128838607443e-24 5.120660392828135813e-23 1.188297971625092238e-22 4.604590134867708179e-24
3.689621347227101214e+06 3.263511505151141241e-23 1.046890144512735400e-22 1.975244707934275306e-24 2.145126559106032085e-23 4.252057352706933497e-23 1.971532455263834271e-24
4.920189143094656989e+06 1.371107762456750180e-23 3.621491295981052895e-23 8.443470065528200634e-25 9.012911235973079707e-24 1.555394776604055716e-23 8.427582057267885737e-25
6.561177672614024952e+06 5.774404397661607409e-24 1.278898604399273762e-23 3.602450033356225570e-25 3.793614731306814260e-24 5.811159079097619436e-24 3.595662976195976703e-25
8.749471046662278473e+06 2.435053642293165627e-24 4.613214892740639299e-24 1.533791468643029199e-25 1.598167136505371507e-24 2.215550382889373879e-24 1.530897508473090333e-25
1.166760716081662104e+07 1.027236291680716715e-24 1.699626949705540776e-24 6.515691800585753213e-26 6.732757012049560011e-25 8.606765750232448865e-25 6.503379197563190942e-26
1.555900421101123467e+07 4.330925791459222041e-25 6.397819114464747698e-25 2.760954911363187417e-26 2.833614448681616633e-25 3.397415206363844656e-25 2.755730200063474389e-26
2.074826557850288972e+07 1.823381376318522916e-25 2.453242772353580547e-25 1.166381504951949013e-26 1.190380010982449919e-25 1.356259630847859080e-25 1.164170988491335810e-26
2.766825682915017009e+07 7.660704856658266435e-26 9.557709664969148556e-26 4.909688406773213952e-27 4.988237061078505238e-26 5.461260690175855131e-26 4.900370473720324421e-27
3.689621347227101028e+07 3.210776173882449534e-26 3.773483522724452839e-26 2.058610306673895469e-27 2.084651742411795056e-26 2.213769020345619525e-26 2.054697692964368439e-27
4.920189143094656616e+07 1.342327004327179965e-26 1.505923775097627067e-26 8.598539290340965586e-28 8.687701962389705444e-27 9.012114540068922923e-27 8.582166255963040934e-28
6.561177672614024580e+07 5.596094611876872524e-27 6.053961466604255309e-27 3.576686591518072701e-28 3.608057056851754512e-27 3.677373545599219509e-27 3.569858684748644980e-28
8.749471046662279963e+07 2.324685329666436744e-27 2.446090451160989396e-27 1.480076257556290083e-28 1.491441978395035800e-27 1.500064568779186633e-27 1.477242085444832818e-28
1.166760716081662029e+08 9.612110298095448955e-28 9.903422226326834111e-28 6.083451098001402539e-29 6.127221381485628440e-28 6.100764242914670932e-28 6.071759208309685879e-29
1.555900421101123393e+08 3.950625894075383107e-28 4.005209981073363094e-28 2.478612778903397531e-29 2.497401844942947668e-28 2.467820310298606885e-28 2.473828855182087676e-29
2.074826557850289047e+08 1.611479099390019267e-28 1.613740619170150113e-28 9.985490129109953100e-30 1.007859931675783913e-28 9.902602803692866299e-29 9.966124723482606112e-30
2.766825682915017605e+08 6.511902238066892646e-29 6.459789446462278540e-29 3.965767915345996548e-30 4.017769825226483037e-29 3.930799245214568567e-29 3.958037468438470832e-30
3.689621347227101326e+08 2.601402933013449984e-29 2.562202557328581049e-29 1.546857706774864953e-30 1.577931028484531611e-29 1.538890379461445527e-29 1.543826767786650054e-30
4.920189143094656467e+08 1.024900721327178302e-29 1.003858982920263452e-29 5.898568020352062424e-31 6.087044973562608819e-30 5.922836536357810431e-30 5.886952256689228463e-31
6.561177672614024878e+08 3.971452644340056683e-30 3.873048929048492614e-30 2.186856863618457625e-31 2.298874829438547867e-30 2.233229713114797538e-30 2.182531165147308000e-31
8.749471046662279367e+08 1.509302102139201965e-30 1.466803607660306344e-30 7.832898544119946281e-32 8.473086611833209595e-31 8.222062534927731178e-31 7.817354318212861121e-32
1.166760716081662178e+09 5.609609792984637587e-31 5.435622299777800221e-31 2.693812434858607828e-32 3.038877811442654487e-31 2.946729279852655192e-31 2.688454139978268584e-32
1.555900421101123333e+09 2.032000721494954351e-31 1.963887796152389665e-31 8.837264771101456726e-33 1.056412004896361443e-31 1.023972876366862767e-31 8.819668251146031414e-33
2.074826557850289106e+09 7.142147970220281590e-32 6.885847029996327759e-32 2.746606016714769204e-33 3.542076458015836053e-32 3.432892590173344995e-32 2.741139340105570127e-33
2.766825682915017128e+09 2.422041941389425384e-32 2.329385152428662285e-32 8.032731063971863926e-34 1.137930243016365887e-32 1.103016662817194208e-32 8.016776964650811820e-34
3.689621347227100849e+09 7.865646994565675232e-33 7.544630694157210641e-33 2.195132251300705750e-34 3.469994269559730757e-33 3.364978103596789831e-33 2.190793068670227432e-34
4.920189143094656944e+09 2.421642003601399041e-33 2.315783437796795641e-33 5.557760793940608615e-35 9.906817024560666186e-34 9.615422476643006759e-34 5.546881486035399180e-35
6.561177672614025116e+09 6.971146549207730900e-34 6.642348011440538270e-34 1.287709580698284463e-35 2.594743108162311921e-34 2.522716538597640387e-34 1.285235445285102540e-35
8.749471046662279129e+09 1.840810596579470827e-34 1.746051048700724779e-34 2.674889729803735459e-36 6.047351801720331321e-35 5.899204003995557057e-35 2.669912505173088186e-36
1.166760716081661987e+10 4.342151709555091412e-35 4.094375616149357291e-35 4.815171457435331997e-37 1.197282032158621373e-35 1.175971081161514594e-35 4.806667613162998744e-37
1.555900421101123428e+10 8.817772189117466979e-36 8.250342833086780084e-36 7.121714928143666631e-38 1.871591927528783497e-36 1.865960764712701817e-36 7.110213228588506290e-38
2.074826557850289154e+10 1.463290760129869367e-36 1.356340003472536336e-36 7.940907485475171225e-39 2.041308671389339538e-37 2.110899251139647230e-37 7.930070150935824981e-39
2.766825682915017319e+10 1.836966336337886919e-37 1.694559520829542611e-37 5.740665723916438126e-40 1.223986077466329783e-38 1.414434957750357257e-38 5.735151968987809948e-40
3.689621347227101135e+10 1.536898802195971448e-38 1.479441201337200333e-38 1.939122886115343944e-41 2.222450857220116405e-40 4.381323348011091718e-40 1.938319446044991074e-41
4.920189143094656372e+10 6.773647429853350771e-40 9.255642563680382539e-40 0.000000000000000000e+00 1.226699521230231406e-42 1.349347189210651944e-41 0.000000000000000000e+00
6.561177672614024353e+10 1.065541740593673954e-41 6.088542998693674023e-41 0.000000000000000000e+00 4.589717519816649630e-44 6.761844325723704376e-43 0.000000000000000000e+00
8.749471046662280273e+10 8.731786041753999837e-46 1.999567935611546934e-42 0.000000000000000000e+00 3.157899054015398137e-46 1.201069840258521250e-44 0.000000000000000000e+00
