1.166760716081661986e+00 9.838919486154582960e-04 1.807705114344555688e-03 5.760295573031642622e-13 8.228014954404785312e-04 1.806395408515598872e-03 5.792539287971103256e-13
1.555900421101123365e+00 6.664594200897291671e-04 1.233578947354924257e-03 6.201919825863844335e-13 5.505951171208182211e-04 1.230069638138951921e-03 6.218034765011985390e-13
2.074826557850288911e+00 4.405757157978671215e-04 8.163107377869980490e-04 6.461140790082817666e-13 3.579903923110312421e-04 8.147386726931287034e-04 6.472500826027050964e-13
2.766825682915017293e+00 2.822541940088444290e-04 5.218882973843326284e-04 6.467885219286553335e-13 2.248761125334839892e-04 5.219097414464759187e-04 6.468402833813412728e-13
3.689621347227101111e+00 1.745304027199380428e-04 3.214111842649233775e-04 6.464210266089485573e-13 1.359586388721274709e-04 3.221995174492317472e-04 6.468110019072349622e-13
4.920189143094656714e+00 1.039885336076261109e-04 1.901414199229330495e-04 6.464857773054606009e-13 7.897177628284926759e-05 1.913330267955838649e-04 6.465316858166024710e-13
6.561177672614024736e+00 5.956177956687281423e-05 1.078172293821328775e-04 6.462061022866935479e-13 4.400315749814572919e-05 1.090964110059409786e-04 6.462936899159401888e-13
8.749471046662279150e+00 3.269228898857487600e-05 5.842710481655010780e-05 6.455299413530242985e-13 2.348741137163790269e-05 5.959683901116493614e-05 6.461613091280085279e-13
1.166760716081661897e+01 1.714770657254211027e-05 3.020567496103654145e-05 6.411446847955770244e-13 1.200997402829723023e-05 3.114618502663638999e-05 6.420091906578521011e-13
1.555900421101123499e+01 8.595616543544152492e-06 1.498317848480754115e-05 6.333679287680597924e-13 5.901485903624917569e-06 1.559435789009815552e-05 6.341945757059810452e-13
2.074826557850288822e+01 4.143340119117163448e-06 7.229717243007987918e-06 6.026466775273105740e-13 2.808901380304968961e-06 7.530555713730514375e-06 6.033644984076246512e-13
2.766825682915017381e+01 1.945117813457406206e-06 3.433682142627599812e-06 5.259890930316472000e-13 1.310183868321918576e-06 3.546254595993758509e-06 5.265622603317350715e-13
3.689621347227100756e+01 9.007039579491649700e-07 1.617215104419617898e-06 4.402318382400090175e-13 6.052962974919559562e-07 1.646510317508106560e-06 4.406238124672599997e-13
4.920189143094656714e+01 4.140628966349824973e-07 7.547825782190289236e-07 3.597074832626867880e-13 2.782830023969477088e-07 7.589587929055878849e-07 3.599319599505924300e-13
6.561177672614024914e+01 1.889883866178633347e-07 3.494976121267708346e-07 2.878563927535864691e-13 1.271892202207314579e-07 3.479460817896515079e-07 2.879554798894363582e-13
8.749471046662279150e+01 8.537498529009212868e-08 1.609108328989537939e-07 2.236796879180110408e-13 5.759826818801267074e-08 1.584539913088569234e-07 2.236900952371896416e-13
1.166760716081661968e+02 3.804678765696667969e-08 7.348262238777298249e-08 1.660289135260956674e-13 2.575116137482282437e-08 7.153376816684278219e-08 1.659975106079576876e-13
1.555900421101123356e+02 1.666599256796105762e-08 3.324474836175308433e-08 1.182288370993955584e-13 1.132412055317096436e-08 3.193818187625639058e-08 1.181827068951433522e-13
2.074826557850288964e+02 7.150745685335155441e-09 1.487763145623318155e-08 8.120902389109726062e-14 4.878538531783547662e-09 1.407020491175814781e-08 8.115939574986848875e-14
2.766825682915017524e+02 2.996247276725338934e-09 6.578090224152939391e-09 5.391959274389971781e-14 2.051790007080735531e-09 6.104029873892111950e-09 5.387594731490188605e-14
3.689621347227101182e+02 1.223192582686303478e-09 2.874252102390376942e-09 3.464235723716970239e-14 8.404593775028068091e-10 2.603685488378372484e-09 3.460725398409903102e-14
4.920189143094656856e+02 4.859467367902677188e-10 1.242060571177281711e-09 2.155761726419889038e-14 3.349244486017967473e-10 1.091317436762246422e-09 2.153155906177019848e-14
6.561177672614023777e+02 1.878167125519509648e-10 5.309993169074628541e-10 1.300178511329045430e-14 1.297985358009875712e-10 4.497142536058861561e-10 1.298389431102251170e-14
8.749471046662279150e+02 7.065636308388565795e-11 2.246560859847957017e-10 7.591002774536401419e-15 4.893661287643601611e-11 1.823160458414054905e-10 7.579635181282905872e-15
1.166760716081661940e+03 2.590704172812342594e-11 9.420601903576188668e-11 4.271996759863067738e-15 1.797042563610943922e-11 7.283797211499778585e-11 4.265155365567305489e-15
1.555900421101123356e+03 9.279593086183271251e-12 3.920738753141935735e-11 2.305970555999895965e-15 6.442281202139628848e-12 2.873265484734699583e-11 2.302140818411630365e-15
2.074826557850288737e+03 3.258143062574381874e-12 1.620233958845082631e-11 1.193411604828066096e-15 2.263275697890416370e-12 1.121936420782630390e-11 1.191391058693705728e-15
2.766825682915017296e+03 1.126563429779097741e-12 6.668539466957730716e-12 5.963748910109454376e-16 7.829796707052894436e-13 4.346351170945933923e-12 5.953581689799792912e-16
3.689621347227101069e+03 3.860804855679018129e-13 2.738839251472827030e-12 2.915357411356328962e-16 2.682678909007732729e-13 1.675608848287922034e-12 2.910350121083625613e-16
4.920189143094656174e+03 1.321237598431356790e-13 1.124392171959647234e-12 1.411105071844957433e-16 9.163083675928972618e-14 6.456302647219833218e-13 1.408669802088264313e-16
6.561177672614025141e+03 4.544795117335436855e-14 4.618632534587594737e-13 6.800286653022402444e-17 3.138624794896124170e-14 2.495709779387392370e-13 6.788531876315382119e-17
8.749471046662278241e+03 1.579592244785341172e-14 1.895949465107607876e-13 3.266097349528322385e-17 1.082911541486092893e-14 9.682770009338996089e-14 3.260448909562269300e-17
1.166760716081662031e+04 5.562743854607033909e-15 7.770619078406378113e-14 1.563454770765667419e-17 3.773803884363113935e-15 3.764652599249020503e-14 1.560748142540378297e-17
1.555900421101123356e+04 1.984310726621885755e-15 3.172389464303880779e-14 7.459363061731402751e-18 1.329122278474581811e-15 1.465101564693071061e-14 7.446451964590981357e-18
2.074826557850289100e+04 7.154667736539005278e-16 1.282613403960719074e-14 3.546980918887656675e-18 4.727050225637905000e-16 5.687282783656485355e-15 3.540818707446611930e-18
2.766825682915017387e+04 2.601041387752877947e-16 5.106758457478914595e-15 1.680750658126173746e-18 1.694836434846002021e-16 2.191492565248007979e-15 1.677812812595528865e-18
3.689621347227100341e+04 9.509130508088889220e-17 2.001160662775047241e-15 7.934701182729884390e-19 6.120987725266710675e-17 8.356528018022551610e-16 7.920753998651660283e-19
4.920189143094656174e+04 3.492140674363998678e-17 7.688801600324465916e-16 3.730600334722170053e-19 2.226989123336354335e-17 3.138771749547153906e-16 3.724010952166566890e-19
6.561177672614024777e+04 1.289367721162091561e-17 2.893601961746095952e-16 1.745982663145565854e-19 8.179855323711318390e-18 1.158092930706309239e-16 1.742878390263872502e-19
8.749471046662278241e+04 4.792156126694798178e-18 1.067309164149379652e-16 8.129020451505298018e-20 3.036686071653784551e-18 4.205472910766577456e-17 8.114471302709638969e-20
1.166760716081661958e+05 1.798880400853006672e-18 3.859554814285077737e-17 3.762078476902397236e-20 1.141938674830786157e-18 1.504012944761464777e-17 3.755292028017943513e-20
1.555900421101123211e+05 6.838202026118989984e-19 1.372988187935206840e-17 1.729062868667983711e-20 4.356090710772220515e-19 5.297288121735776140e-18 1.725916070313852125e-20
2.074826557850289100e+05 2.635201737470623411e-19 4.829570755520225328e-18 7.884409820443794959e-21 1.687157667203507467e-19 1.841693100126847880e-18 7.869937613133941742e-21
2.766825682915017242e+05 1.030161113288662169e-19 1.679117745613802199e-18 3.563682336193186458e-21 6.632733262670859698e-20 6.330553457135426964e-19 3.557089430927879340e-21
3.689621347227101214e+05 4.085965231381455695e-20 5.772867928989192385e-19 1.595273516800585249e-21 2.641642161976937250e-20 2.158396981344129296e-19 1.592305362108584688e-21
4.920189143094656756e+05 1.639109154587119576e-20 1.982263431910743084e-19 7.068779921650846992e-22 1.062451028454064213e-20 7.344486714379318350e-20 7.055582535496775348e-22
6.561177672614024486e+05 6.624769228563677278e-21 6.804174527442005170e-20 3.100855839235104496e-22 4.301672747319718301e-21 2.494284173731513051e-20 3.095052840445753550e-22
8.749471046662279405e+05 2.692450449186614449e-21 2.326872245714898474e-20 1.348264845411536621e-22 1.751617783055079199e-21 8.444188082369290409e-21 1.345740007555705150e-22
1.166760716081662104e+06 1.100450206107598694e-21 7.907666230904644209e-21 5.823964669708596436e-23 7.175156690118115796e-22 2.867016069928804485e-21 5.813054941603965790e-23
1.555900421101123560e+06 4.524951546644067226e-22 2.677053929453220986e-21 2.505803120447932716e-23 2.958067237273248840e-22 9.792748436660804991e-22 2.501107345000491870e-23
2.074826557850289159e+06 1.872454296518817367e-22 9.051506114740665071e-22 1.075905257260602407e-23 1.227255606219914163e-22 3.380299538847588642e-22 1.073887381944989634e-23
2.766825682915017474e+06 7.795500701356483345e-23 3.063834948392496572e-22 4.613181392112003585e-24 5.119197506991608004e-23 1.185728445737874137e-22 4.604519520348497483e-24
3.689621347227101214e+06 3.262727164741076998e-23 1.044279029564076427e-22 1.975211434339539627e-24 2.144634017513746637e-23 4.243947058493199489e-23 1.971499237172474129e-24
4.920189143094656989e+06 1.370848047267473172e-23 3.613289501272310769e-23 8.443305856211253475e-25 9.011233597250407848e-24 1.552833966003842448e-23 8.427418113678046900e-25
6.561177672614024952e+06 5.773530536145482806e-24 1.276321596390481340e-23 3.602365477305854787e-25 3.793033304034264847e-24 5.803076719430924589e-24 3.595578553951873490e-25
8.749471046662278473e+06 2.434751633771748832e-24 4.605118332350474779e-24 1.533746479481447444e-25 1.597959538413832978e-24 2.212995582927726552e-24 1.530852589576381489e-25
1.166760716081662104e+07 1.027127383765113722e-24 1.697082882791710980e-24 6.515447037775610651e-26 6.731981331648311762e-25 8.598642049656783575e-25 6.503134815020499127e-26
1.555900421101123467e+07 4.330509606676653939e-25 6.389788295123182707e-25 2.760819982878694340e-26 2.833306882910338536e-25 3.394800987172993968e-25 2.755595481363369984e-26
2.074826557850288972e+07 1.823210418334736495e-25 2.450693846711101390e-25 1.166306664305405544e-26 1.190249093448757441e-25 1.355407613012004543e-25 1.164096264851540051e-26
2.766825682915017009e+07 7.659947162013770423e-26 9.549535691000448091e-26 4.909272810029048350e-27 4.987638928721762052e-26 5.458416823639475122e-26 4.899955532694137650e-27
3.689621347227101028e+07 3.210417307381371386e-26 3.770813116467871214e-26 2.058380018708831666e-27 2.084362045110977536e-26 2.212780890998157220e-26 2.054467772865621163e-27
4.920189143094656616e+07 1.342148510996335045e-26 1.505024328252663625e-26 8.597268844076793805e-28 8.686240293931538775e-27 9.008493526648291911e-27 8.580897871170461728e-28
6.561177672614024580e+07 5.595179212397634984e-27 6.050808168080048083e-27 3.575990297189544024e-28 3.607302093040765571e-27 3.675953789621075148e-27 3.569163541718244748e-28
8.749471046662279963e+07 2.324209035003906639e-27 2.444920713068601399e-27 1.479698049250866024e-28 1.491048563187340854e-27 1.499468547790444796e-27 1.476864516053853911e-28
1.166760716081662029e+08 9.609626608212220772e-28 9.898798775028055378e-28 6.081420599810893256e-29 6.125175623562744949e-28 6.098115227276340945e-28 6.069732221389572626e-29
1.555900421101123393e+08 3.949339458142359207e-28 4.003271445083164056e-28 2.477538574524366414e-29 2.496349158409653848e-28 2.466594594480321986e-28 2.472756554555244134e-29
2.074826557850289047e+08 1.610821743112739308e-28 1.612888396769546109e-28 9.979909514050042175e-30 1.007327471615059468e-28 9.896815484646328170e-29 9.960554248661256414e-30
2.766825682915017605e+08 6.508606457582170649e-29 6.455930471244635575e-29 3.962932117164960120e-30 4.015137631498787889e-29 3.928060271100276993e-29 3.955206950629311350e-30
3.689621347227101326e+08 2.599789191378151012e-29 2.560434120118396543e-29 1.545454769300606222e-30 1.576665931836517909e-29 1.537609438324781697e-29 1.542426503830283138e-30
4.920189143094656467e+08 1.024132200206555285e-29 1.003052083486094487e-29 5.891847773390741168e-31 6.081162114281964113e-30 5.916980764370434843e-30 5.880245089712951433e-31
6.561177672614024878e+08 3.967905532536255019e-30 3.869425509858547963e-30 2.183760297885728051e-31 2.296239884895508217e-30 2.230634954986757626e-30 2.179440737762525421e-31
8.749471046662279367e+08 1.507720118855236750e-30 1.465215982781122128e-30 7.819276616545125737e-32 8.461762054429976942e-31 8.210986590659284726e-31 7.803759793028857970e-32
1.166760716081662178e+09 5.602810060589630910e-31 5.428878490138591576e-31 2.688137960837744107e-32 3.034223083545208569e-31 2.942196252489581874e-31 2.682791206610283229e-32
1.555900421101123333e+09 2.029192805169981605e-31 1.961125362084220871e-31 8.815077474986870055e-33 1.054589116703991939e-31 1.022202260234219012e-31 8.797526386048240085e-33
2.074826557850289106e+09 7.131053409967313514e-32 6.874996275506977670e-32 2.738535393626928689e-33 3.535305323321795740e-32 3.426325096300226605e-32 2.733085281312224835e-33
2.766825682915017128e+09 2.417870351343165033e-32 2.325324215375628095e-32 8.005644465362515625e-34 1.135558768996105401e-32 1.100717885186331707e-32 7.989745831746596455e-34
3.689621347227100849e+09 7.850829219489946901e-33 7.530265900197557588e-33 2.186808153453683525e-34 3.462228354945413950e-33 3.357449999647312059e-33 2.182485890928191054e-34
4.920189143094656944e+09 2.416718217557031987e-33 2.311029714087406474e-33 5.534527764492930217e-35 9.883330097011820678e-34 9.592638892176644751e-34 5.523695037549089873e-35
6.561177672614025116e+09 6.956042262882155134e-34 6.627829150040368373e-34 1.281886275287180567e-35 2.588304000820822911e-34 2.516459843759843044e-34 1.279423556654057873e-35
8.749471046662279129e+09 1.836610108869945440e-34 1.742033555713627051e-34 2.662022498565156068e-36 6.031800350657336006e-35 5.884041446544220978e-35 2.657069639900381138e-36
1.166760716081661987e+10 4.331825065958115829e-35 4.084558219170676434e-35 4.790873339152990262e-37 1.194117317337437166e-35 1.172863766900755437e-35 4.782413082942622512e-37
1.555900421101123428e+10 8.796107479373629003e-36 8.229896977179270458e-36 7.084429502614759339e-38 1.866539550142349768e-36 1.860923298867095223e-36 7.072988866936236137e-38
2.074826557850289154e+10 1.459602274749038628e-36 1.352886514392729496e-36 7.898147878442851292e-39 2.035708628299494418e-37 2.105101603690650386e-37 7.887369625281405073e-39
2.766825682915017319e+10 1.832238865275477970e-37 1.690136511663514600e-37 5.709084521535440208e-40 1.220587047766254298e-38 1.410485714426248663e-38 5.703601402307118684e-40
3.689621347227101135e+10 1.532871941764322306e-38 1.475462191563616901e-38 1.928275524729746657e-41 2.216225828094985270e-40 4.368661402319302029e-40 1.927476584774506587e-41
4.920189143094656372e+10 6.755613261880443871e-40 9.229500036111809011e-40 0.000000000000000000e+00 1.223007065918828651e-42 1.345095180150254227e-41 0.000000000000000000e+00
6.561177672614024353e+10 1.062656762645008409e-41 6.070600478398948551e-41 0.000000000000000000e+00 4.575957894858195668e-44 6.739923241974657327e-43 0.000000000000000000e+00
8.749471046662280273e+10 8.705860059712539797e-46 1.993636517295720572e-42 0.000000000000000000e+00 3.148475812630118742e-46 1.196965904693252175e-44 0.000000000000000000e+00
