1.166760716081661986e+00 9.493518667013837011e-04 1.764233407047757513e-03 5.349535917724238192e-13 8.151518401053382303e-04 1.765343350765540692e-03 5.379470076282177348e-13
1.555900421101123365e+00 6.412201224116626918e-04 1.203582051149922321e-03 5.759668137175240297e-13 5.471898562065078287e-04 1.201939404110226360e-03 5.774636762753897665e-13
2.074826557850288911e+00 4.225165771609438797e-04 7.962522367152935314e-04 6.000400319350011231e-13 3.570592619754324069e-04 7.958482953515578140e-04 6.010952921018360085e-13
2.766825682915017293e+00 2.697013069756888041e-04 5.089769072533409898e-04 6.006658668263840562e-13 2.251964528459360056e-04 5.094945819641834251e-04 6.007147487452052675e-13
3.689621347227101111e+00 1.661094038067682745e-04 3.134387987109220840e-04 6.003248890443990180e-13 1.367442894237795971e-04 3.142088710900687405e-04 6.006875062127843571e-13
4.920189143094656714e+00 9.856446207840673373e-05 1.854397010254638860e-04 6.003849834302098564e-13 7.978008439311605623e-05 1.862881727392731918e-04 6.004282381831297035e-13
6.561177672614024736e+00 5.622462863036826900e-05 1.051742870326611683e-04 6.001255608310248316e-13 4.464024376428341626e-05 1.059817968476633884e-04 6.002069449673435694e-13
8.749471046662279150e+00 3.074082370677172992e-05 5.701397887968765956e-05 5.994976446922775372e-13 2.391397055224409539e-05 5.772677857559954266e-05 6.000838354730369215e-13
1.166760716081661897e+01 1.606693701346052734e-05 2.948911483719493087e-05 5.954268498591965502e-13 1.226142053624163478e-05 3.006454012788300757e-05 5.962293477505101964e-13
1.555900421101123499e+01 8.028574228680727124e-06 1.463046729869840122e-05 5.882075830883519539e-13 6.034327027975830950e-06 1.499712480640743930e-05 5.889750956822690467e-13
2.074826557850288822e+01 3.859299762258126758e-06 7.052984369348804365e-06 5.596886559272947932e-13 2.872892670613918405e-06 7.217020959801948778e-06 5.603552097406167676e-13
2.766825682915017381e+01 1.807300242594687719e-06 3.342634763548267044e-06 4.885266825915251345e-13 1.339076098113334627e-06 3.388446712703598156e-06 4.890590036073542065e-13
3.689621347227100756e+01 8.352474671243797884e-07 1.569926314731225279e-06 4.089149190034813637e-13 6.181030347796960021e-07 1.569357827261909546e-06 4.092791019462769532e-13
4.920189143094656714e+01 3.837057934483376873e-07 7.309264388810831859e-07 3.341525509518372486e-13 2.842292874989053763e-07 7.220798872676464550e-07 3.343612058520479619e-13
6.561177672614024914e+01 1.754581972609195875e-07 3.380029574657637395e-07 2.674331368012080736e-13 1.302692788774844858e-07 3.309002540381796924e-07 2.675253526799027310e-13
8.749471046662279150e+01 7.975386067927522229e-08 1.556881662257560163e-07 2.078325014269119398e-13 5.941682835233689374e-08 1.510196099580439697e-07 2.078423439035195173e-13
1.166760716081661968e+02 3.598542453541854930e-08 7.132470544553790124e-08 1.542879118012633089e-13 2.692291584940797964e-08 6.860768355058491813e-08 1.542588871365546204e-13
1.555900421101123356e+02 1.607867832240221450e-08 3.248067778621875874e-08 1.098879026610626096e-13 1.208798541198376499e-08 3.099097202557205740e-08 1.098451624485031256e-13
2.074826557850288964e+02 7.087033868376665237e-09 1.468080880062795036e-08 7.549649736698020069e-14 5.354580915269447439e-09 1.389068759448686086e-08 7.545047161429525772e-14
2.766825682915017524e+02 3.066593946892908070e-09 6.571471625999027338e-09 5.014004490551666489e-14 2.327716898873764796e-09 6.158807922092300826e-09 5.009954780235617779e-14
3.689621347227101182e+02 1.296229628082026639e-09 2.909217891909538916e-09 3.222435417130031172e-14 9.881670077940942111e-10 2.691621602810280318e-09 3.219177028247255161e-14
4.920189143094656856e+02 5.333350798807235996e-10 1.272416087242579563e-09 2.006062928764231294e-14 4.082124989609643709e-10 1.156433017075676567e-09 2.003643311291323403e-14
6.561177672614023777e+02 2.132050066508316826e-10 5.494568563332611195e-10 1.210457247545510306e-14 1.637677680818676140e-10 4.880092058991185749e-10 1.208795394280552978e-14
8.749471046662279150e+02 8.278002853809621445e-11 2.343043187652875788e-10 7.071254042282209248e-15 6.377136437439532441e-11 2.022702428991059966e-10 7.060690659135867404e-15
1.166760716081661940e+03 3.124678571830069687e-11 9.880943124824803679e-11 3.982453231818564266e-15 2.412011078765631245e-11 8.246585742502179376e-11 3.976092408537599248e-15
1.555900421101123356e+03 1.148841832471077868e-11 4.127620120390386239e-11 2.151817631365523315e-15 8.876024929042683275e-12 3.313025519910370931e-11 2.148254309572982259e-15
2.074826557850288737e+03 4.125096705474572479e-12 1.709112613468807735e-11 1.115143158471767610e-15 3.186988114372223610e-12 1.314496792959704524e-11 1.113261311583009969e-15
2.766825682915017296e+03 1.451580895692584263e-12 7.033424636102642726e-12 5.582754901289408880e-16 1.120528726529038257e-12 5.158499826259454963e-12 5.573272854603840776e-16
3.689621347227101069e+03 5.031859447496959154e-13 2.882852163775387313e-12 2.735472697419082556e-16 3.875411472779920933e-13 2.007016353075947018e-12 2.730794567729596499e-16
4.920189143094656174e+03 1.729770546791070776e-13 1.179419059808243721e-12 1.327810868742387114e-16 1.326173235029918273e-13 7.771538312020926573e-13 1.325530807457766673e-16
6.561177672614025141e+03 5.937031817832539961e-14 4.824917102032193080e-13 6.420625370634487740e-17 4.519368607984602072e-14 3.007164521934902000e-13 6.409592208037634084e-17
8.749471046662278241e+03 2.047983189232103564e-14 1.975264204277286433e-13 3.096200758026078926e-17 1.543152372559577898e-14 1.165504825280396800e-13 3.090883555688274185e-17
1.166760716081662031e+04 7.137089641041361321e-15 8.099129303707081246e-14 1.489274938951469985e-17 5.306330588358295532e-15 4.529185404865593978e-14 1.486718377795252233e-17
1.555900421101123356e+04 2.518877670833069504e-15 3.322928527713585124e-14 7.146595635787378011e-18 1.843094813510780947e-15 1.766326136111356270e-14 7.134352126798774680e-18
2.074826557850289100e+04 9.003031454378026973e-16 1.357760525286553036e-14 3.422066306785696572e-18 6.473101626444934148e-16 6.902226750298799148e-15 3.416195609237274123e-18
2.766825682915017387e+04 3.253914691833739319e-16 5.494835683268988269e-15 1.635435621219032936e-18 2.297504814449231398e-16 2.691325521192186070e-15 1.632621166055581696e-18
3.689621347227100341e+04 1.185976126349174314e-16 2.198110762841409530e-15 7.802348733279490456e-19 8.233750495716671743e-17 1.043876477352938930e-15 7.788897013824230132e-19
4.920189143094656174e+04 4.351049711894414801e-17 8.646538609753639463e-16 3.716650266522281102e-19 2.978246131405063760e-17 4.006098591232129947e-16 3.710240846321723481e-19
6.561177672614024777e+04 1.606570672588721393e-17 3.335857651475394091e-16 1.768022494141299725e-19 1.088590091606405749e-17 1.515549425294985315e-16 1.764970146926571913e-19
8.749471046662278241e+04 5.973728347278624922e-18 1.262061220838989139e-16 8.400144241686345050e-20 4.025326531463253282e-18 5.653185340197023745e-17 8.385638925626157086e-20
1.166760716081661958e+05 2.244341285643089915e-18 4.678498462037691791e-17 3.986434154577782689e-20 1.510252475957424399e-18 2.078926474164483121e-17 3.979545129681673204e-20
1.555900421101123211e+05 8.555164659862566273e-19 1.703647322073579165e-17 1.889765382489268107e-20 5.768301065454851584e-19 7.540078134717937172e-18 1.886494836868911310e-20
2.074826557850289100e+05 3.320787469458692709e-19 6.126443069717355706e-18 8.949243095887977475e-21 2.250758530619324357e-19 2.704903799521052484e-18 8.933734442151616008e-21
2.766825682915017242e+05 1.317727979115511536e-19 2.177839652929095138e-18 4.234088397450421445e-21 8.999205160302326785e-20 9.623489295449307310e-19 4.226739863005855358e-21
3.689621347227101214e+05 5.363361692714645147e-20 7.670003705057186872e-19 2.001547225891321084e-21 3.691701870218622806e-20 3.410078159421119328e-19 1.998070607638702467e-21
4.920189143094656756e+05 2.237162032320844108e-20 2.704858922447781050e-19 9.454448626998852972e-22 1.551032342026676391e-20 1.213328784797963586e-19 9.438022260092044269e-22
6.561177672614024486e+05 9.534006395303247467e-21 9.580868982121186110e-20 4.462551562532540698e-22 6.651361693571160176e-21 4.340599480360689943e-20 4.454791439827438887e-22
8.749471046662279405e+05 4.140120646324817729e-21 3.405037677320836054e-20 2.104761291734437188e-22 2.903270648865895489e-21 1.561552786081156252e-20 2.101099341975010719e-22
1.166760716081662104e+06 1.827663002656474143e-21 1.213981982498778227e-20 9.919292443412633550e-23 1.286232012765759629e-21 5.676851221169497238e-21 9.902018380361938613e-23
1.555900421101123560e+06 8.177976149693447972e-22 4.361142786888318435e-21 4.670751064725777448e-23 5.766745287591512913e-22 2.089730392085335552e-21 4.662607744483215413e-23
2.074826557850289159e+06 3.698180240137821224e-22 1.585404093708082346e-21 2.197211211032449690e-23 2.609660587872308811e-22 7.809115328372543550e-22 2.193374977322028843e-23
2.766825682915017474e+06 1.685830389555221887e-22 5.845776959602753759e-22 1.032449062299190217e-23 1.189296985475821047e-22 2.971054979981270942e-22 1.030643443727075503e-23
3.689621347227101214e+06 7.730576079243373851e-23 2.193789639875305733e-22 4.844999668668726136e-24 5.448304201545773607e-23 1.153809752646937395e-22 4.836513586241424892e-24
4.920189143094656989e+06 3.559402019640766143e-23 8.404252621975082023e-23 2.270147993553663224e-24 2.504917735681384704e-23 4.579888381349228750e-23 2.266164653709811783e-24
6.561177672614024952e+06 1.643126859174844444e-23 3.292628870106515680e-23 1.061850776976172788e-24 1.154378201967104468e-23 1.857480464718661016e-23 1.059984229004368251e-24
8.749471046662278473e+06 7.596804483776206174e-24 1.318893625879533178e-23 4.957514304103152033e-25 5.327359664394183084e-24 7.695912640507898190e-24 4.948782116739135408e-25
1.166760716081662104e+07 3.514582749856716973e-24 5.399407729118373540e-24 2.310000882907867330e-25 2.459866088065141846e-24 3.252202746191202941e-24 2.305923647654248230e-25
1.555900421101123467e+07 1.625705232445992246e-24 2.257394549978277545e-24 1.074029190093639915e-25 1.135456736430136980e-24 1.398225271336397482e-24 1.072129730000195935e-25
2.074826557850288972e+07 7.513439291085315383e-25 9.611795669500796774e-25 4.981037212021115492e-26 5.235748116049498690e-25 6.092130622818472828e-25 4.972209144988630831e-26
2.766825682915017009e+07 3.467730492167792652e-25 4.155511902084719339e-25 2.303375039512905729e-26 2.410520662176654341e-25 2.683028110953416336e-25 2.299283501615834522e-26
3.689621347227101028e+07 1.597844704640161648e-25 1.819214266566296433e-25 1.061848308333211508e-26 1.107743989439795170e-25 1.191548391795866181e-25 1.059957228748825623e-26
4.920189143094656616e+07 7.348502633320270199e-26 8.042455458158243911e-26 4.879260284238153627e-27 5.079344447163637311e-26 5.321755553032825776e-26 4.870541744055304723e-27
6.561177672614024580e+07 3.371499296433428810e-26 3.579028957706767715e-26 2.233652259382166877e-27 2.322004288456721534e-26 2.384859121891335434e-26 2.229643546245212049e-27
8.749471046662279963e+07 1.541841312029022185e-26 1.599274340908814935e-26 1.017607433525913960e-27 1.057026713198225044e-26 1.069422432058219210e-26 1.015771104110686425e-27
1.166760716081662029e+08 7.020403270300268984e-27 7.155658218564775432e-27 4.606808788286681928e-28 4.784692622791509075e-27 4.785827669788785015e-27 4.598440023454170552e-28
1.555900421101123393e+08 3.178314681060641778e-27 3.196905241505713745e-27 2.068429738638203121e-28 2.149910116505135809e-27 2.131966914916558342e-27 2.064641739004765491e-28
2.074826557850289047e+08 1.428343102451924086e-27 1.422333327481252226e-27 9.188814677154658789e-29 9.569549604893794972e-28 9.428272067405403331e-28 9.171825225385020665e-29
2.766825682915017605e+08 6.359319669569199739e-28 6.284307076932218184e-28 4.028021296829254333e-29 4.209151923162210312e-28 4.126747275934236805e-28 4.020494353390999973e-29
3.689621347227101326e+08 2.798241884721535757e-28 2.749227098061872869e-28 1.736154060772938693e-29 1.824022953806678044e-28 1.781710259754801998e-28 1.732872765357825044e-29
4.920189143094656467e+08 1.213338744325098915e-28 1.186726476165015482e-28 7.324886991797685563e-30 7.759448036205728604e-29 7.558449474008386982e-29 7.310877594217745439e-30
6.561177672614024878e+08 5.166765495871183966e-29 5.035643374004874413e-29 3.008155208059670912e-30 3.227146468853950869e-29 3.137096015399081318e-29 3.002333376026183539e-30
8.749471046662279367e+08 2.153404743452711251e-29 2.092827832471103209e-29 1.194751453191438866e-30 1.307260471451791252e-29 1.268907481507961426e-29 1.192414329021794328e-30
1.166760716081662178e+09 8.756716620267090526e-30 8.489811763347592436e-30 4.562102338452093833e-31 5.140421345115946251e-30 4.984220959775123577e-30 4.553086824632123572e-31
1.555900421101123333e+09 3.460445287077237366e-30 3.347698050506331793e-30 1.663264907126657148e-31 1.952512926939400653e-30 1.891796433791002841e-30 1.659948958628767137e-31
2.074826557850289106e+09 1.322032869913422205e-30 1.276258551194524310e-30 5.743555351974606904e-32 7.120573876605270778e-31 6.896224532553352274e-31 5.732026448176696309e-32
2.766825682915017128e+09 4.850991668800059442e-31 4.672684913040250455e-31 1.862627382061239226e-32 2.473946898024307414e-31 2.395693863765255782e-31 1.858873518993192156e-32
3.689621347227100849e+09 1.695339544209588208e-31 1.628954430274137658e-31 5.620910417579273871e-33 8.103727239163917138e-32 7.848945885119735998e-32 5.609585642339153084e-33
4.920189143094656944e+09 5.581705107211639128e-32 5.347230312220676278e-32 1.561511686476325668e-33 2.466489011055907828e-32 2.390583291216757640e-32 1.558388544909223514e-33
6.561177672614025116e+09 1.706258186016343810e-32 1.628572915587495623e-32 3.935870845975405569e-34 6.831623513608940175e-33 6.631619911632588626e-33 3.928138287017001697e-34
8.749471046662279129e+09 4.748770194440613606e-33 4.511030994930899061e-33 8.803187735255464421e-35 1.670023622292361353e-33 1.626336530064488047e-33 8.786441084973089867e-35
1.166760716081661987e+10 1.171657982250149340e-33 1.105917575321163597e-33 1.687471099016301158e-35 3.440423434625118535e-34 3.373004454878580035e-34 1.684426095271364864e-35
1.555900421101123428e+10 2.470445565743735874e-34 2.311528493249468458e-34 2.628569294068518207e-36 5.553834887036433288e-35 5.526718671044208674e-35 2.624236397133355420e-36
2.074826557850289154e+10 4.227867668885127505e-35 3.910407267657522353e-35 3.054855083960626142e-37 6.211030085201139539e-36 6.412618692442649182e-36 3.050608262349803833e-37
2.766825682915017319e+10 5.441056124321004782e-36 4.979474049698399109e-36 2.280147146636901005e-38 3.793042756940936205e-37 4.384146070315967356e-37 2.277926206008178189e-38
3.689621347227101135e+10 4.642146257805952660e-37 4.353067308042787360e-37 7.889885051597449634e-40 7.019858290099169176e-39 1.392229597148104916e-38 7.886613337143837222e-40
4.920189143094656372e+10 2.074214057351868546e-38 2.607968850147868508e-38 0.000000000000000000e+00 5.104819233578531223e-41 4.584252159501044702e-40 0.000000000000000000e+00
6.561177672614024353e+10 3.294827811231002625e-40 1.619860813637812003e-39 0.000000000000000000e+00 2.017371922180185771e-42 2.369692222764066576e-41 0.000000000000000000e+00
8.749471046662280273e+10 2.607437799294822698e-44 5.239809808524751199e-41 0.000000000000000000e+00 1.377652323454607716e-44 4.572021619524888454e-43 0.000000000000000000e+00
