1.166760716081661986e+00 9.494467880313144136e-04 1.764541860802606608e-03 5.380244036417542092e-13 8.152506269054805464e-04 1.765643137314768830e-03 5.410355749942051465e-13
1.555900421101123365e+00 6.412558655105695445e-04 1.203761208273753085e-03 5.792731308748500699e-13 5.472324362861330158e-04 1.202113143132851154e-03 5.807783102466472337e-13
2.074826557850288911e+00 4.225169408144815552e-04 7.963461395191166053e-04 6.034846707530295042e-13 3.570683950767439881e-04 7.959372779627541927e-04 6.045458376194406639e-13
2.766825682915017293e+00 2.696848410522721131e-04 5.090184862136774716e-04 6.041144546422221956e-13 2.251889199965427329e-04 5.095315786579385393e-04 6.041630024385439328e-13
3.689621347227101111e+00 1.660881108288433353e-04 3.134516654918397135e-04 6.037712929947275560e-13 1.367309774616726919e-04 3.142179348809423446e-04 6.041356913033450769e-13
4.920189143094656714e+00 9.854451657131855461e-05 1.854389928049767747e-04 6.038317080092621442e-13 7.976682808255106528e-05 1.862844477487133439e-04 6.038748737249994525e-13
6.561177672614024736e+00 5.620857787261364000e-05 1.051687967501036306e-04 6.035705171672449475e-13 4.462955985673854715e-05 1.059738778909752842e-04 6.036525264954887294e-13
8.749471046662279150e+00 3.072922196757267582e-05 5.700820948649370400e-05 6.029389882758840800e-13 2.390646549089750394e-05 5.771900853622680030e-05 6.035287764442744685e-13
1.166760716081661897e+01 1.605929801235763988e-05 2.948483892640477600e-05 5.988431842668975524e-13 1.225670956577244891e-05 3.005863774370269502e-05 5.996505246706513290e-13
1.555900421101123499e+01 8.023942289658883995e-06 1.462787401453618131e-05 5.915801226213602192e-13 6.031629371413863594e-06 1.499332106133910217e-05 5.923521287861265401e-13
2.074826557850288822e+01 3.856615182107671301e-06 7.051565291879343810e-06 5.628868469336166668e-13 2.871406715043794624e-06 7.214808796959506300e-06 5.635572318405068828e-13
2.766825682915017381e+01 1.805676405137033402e-06 3.341805925507964096e-06 4.912914098759407865e-13 1.338187449577377737e-06 3.387137395460701598e-06 4.918267172961735881e-13
3.689621347227100756e+01 8.341155310751449469e-07 1.569317240665015328e-06 4.112041009103710803e-13 6.174474768827896651e-07 1.568447399977324595e-06 4.115702384503162897e-13
4.920189143094656714e+01 3.827860616719519321e-07 7.303803907217996998e-07 3.360046764520317616e-13 2.836474143220476622e-07 7.213164895748377174e-07 3.362143970284893624e-13
6.561177672614024914e+01 1.746513911470063091e-07 3.374735489756021954e-07 2.689022211796053700e-13 1.297211118819182437e-07 3.301928777236080455e-07 2.689948424793190269e-13
8.749471046662279150e+01 7.904865370733284274e-08 1.551844331288317037e-07 2.089632224228644966e-13 5.891550615427480011e-08 1.503621263383853616e-07 2.089730208913667571e-13
1.166760716081661968e+02 3.540239467634124487e-08 7.087533599771764882e-08 1.551163643290018220e-13 2.649716444886956102e-08 6.802790659490121115e-08 1.550871031077711692e-13
1.555900421101123356e+02 1.563658860333699305e-08 3.211402111920398790e-08 1.104684157734466355e-13 1.175980215889704355e-08 3.052136095548383776e-08 1.104253865641555426e-13
2.074826557850288964e+02 6.784106071914860381e-09 1.441078190722029820e-08 7.588789141335814140e-14 5.127264640279392168e-09 1.354708870751724101e-08 7.584157908434331179e-14
2.766825682915017524e+02 2.879574752072319540e-09 6.392482055597194612e-09 5.039447986788421511e-14 2.186272704150150186e-09 5.932775172345125745e-09 5.035374156986143950e-14
3.689621347227101182e+02 1.191642060737737684e-09 2.801766601897207479e-09 3.238392968969757054e-14 9.085483235369550154e-10 2.557281205270956632e-09 3.235115853915814535e-14
4.920189143094656856e+02 4.798181537064207901e-10 1.213285872816733270e-09 2.015721771139245330e-14 3.672295906858358836e-10 1.083488626102443908e-09 2.013288686965161795e-14
6.561177672614023777e+02 1.878534228561998668e-10 5.191833388513160483e-10 1.216098162650449457e-14 1.442458492836890559e-10 4.513045543562347015e-10 1.214427368845712350e-14
8.749471046662279150e+02 7.153628180327105830e-11 2.196643456469827168e-10 7.102945528328163922e-15 5.506857350391976728e-11 1.849037813836694590e-10 7.092327421516067880e-15
1.166760716081661940e+03 2.653254036849801926e-11 9.203289398386923602e-11 3.999442280293265102e-15 2.045470974993282151e-11 7.463738700019357075e-11 3.993050084696480694e-15
1.555900421101123356e+03 9.605696230665703324e-12 3.824579466551095905e-11 2.160411381368123127e-15 7.406802764336878025e-12 2.973421537976163758e-11 2.156831581111978821e-15
2.074826557850288737e+03 3.405007221162561980e-12 1.577406695765299860e-11 1.119213469744016868e-15 2.623247508136367746e-12 1.171755642683127282e-11 1.117323634417032892e-15
2.766825682915017296e+03 1.186716603195947069e-12 6.474976902433383780e-12 5.600825482818683005e-16 9.125053423266322470e-13 4.575384902900670619e-12 5.591307521289761730e-16
3.689621347227101069e+03 4.090619153144592334e-13 2.651342362950315874e-12 2.743079804636010635e-16 3.134006526407851916e-13 1.774992132701762470e-12 2.738386343641639383e-16
4.920189143094656174e+03 1.404689908406342365e-13 1.085187177212867404e-12 1.330893433078940769e-16 1.069607361070331140e-13 6.868862788386366304e-13 1.328607057972327652e-16
6.561177672614025141e+03 4.837810005112235752e-14 4.445204032030677337e-13 6.432728366732847219e-17 3.650889514104714084e-14 2.661859354470443758e-13 6.421669958911468672e-17
8.749471046662278241e+03 1.680667632526791083e-14 1.822030197674329581e-13 3.100783583674746062e-17 1.252998473290024324e-14 1.034542670402477327e-13 3.095456594974704100e-17
1.166760716081662031e+04 5.911386664446123214e-15 7.471565991740114638e-14 1.490926000640204610e-17 4.340766789251991356e-15 4.031495494034485367e-14 1.488365784180193508e-17
1.555900421101123356e+04 2.106509343153714544e-15 3.059446275168609716e-14 7.152098933228114726e-18 1.520497233333433579e-15 1.574765729905545077e-14 7.139842489277210539e-18
2.074826557850289100e+04 7.594736201566644549e-16 1.244280991917911524e-14 3.423650492913300052e-18 5.385212570075241875e-16 6.150241891408329688e-15 3.417775576688138040e-18
2.766825682915017387e+04 2.764602161625351164e-16 4.997810251690311792e-15 1.635738630860814273e-18 1.926523433544966292e-16 2.390410070173893848e-15 1.632923016951360267e-18
3.689621347227100341e+04 1.013480405188052019e-16 1.979702917297026947e-15 7.801841696357659315e-19 6.956185971286231022e-17 9.218351780329168456e-16 7.788388173419745721e-19
4.920189143094656174e+04 3.737544607080451077e-17 7.699202425469825351e-16 3.715574182203074024e-19 2.535354306122263718e-17 3.510850504668961081e-16 3.709165529941947860e-19
6.561177672614024777e+04 1.387807159193317908e-17 2.935068201170995889e-16 1.767158007496838516e-19 9.345578853325635917e-18 1.316736378292666849e-16 1.764106734653835923e-19
8.749471046662278241e+04 5.196305433866335438e-18 1.097789599384542021e-16 8.394569315773372120e-20 3.490018520133339740e-18 4.869564928223245540e-17 8.380072144191531535e-20
1.166760716081661958e+05 1.969775672564361602e-18 4.028179255032905679e-17 3.983193559576911070e-20 1.324705981596140789e-18 1.777026783429020995e-17 3.976309684647359698e-20
1.555900421101123211e+05 7.592311720083833066e-19 1.454448297066089989e-17 1.887998336983577101e-20 5.127372541317876341e-19 6.404823832759620551e-18 1.884730758817475336e-20
2.074826557850289100e+05 2.985483776803216302e-19 5.196584696143219423e-18 8.940043901985955116e-21 2.029886480108106933e-19 2.287371662497445834e-18 8.924551310388597419e-21
2.766825682915017242e+05 1.201477892274813947e-19 1.839158943566985280e-18 4.229478122847443856e-21 8.237530353446390416e-20 8.117403289718797016e-19 4.222137863341117769e-21
3.689621347227101214e+05 4.959915490561496038e-20 6.461517569917892179e-19 1.999309377293572451e-21 3.427766713380900993e-20 2.874988299619126732e-19 1.995836857360185580e-21
4.920189143094656756e+05 2.096790382400368228e-20 2.277439411563833679e-19 9.443896379914625428e-22 1.459005878925035977e-20 1.024471585024765169e-19 9.427489538014147317e-22
6.561177672614024486e+05 9.045331417088918440e-21 8.076656976010851276e-20 4.457691897937171134e-22 6.328943123053077951e-21 3.677635821410033776e-20 4.449940799352721903e-22
8.749471046662279405e+05 3.969910356692034121e-21 2.879015000667699470e-20 2.102560698848559495e-22 2.789637955388349227e-21 1.330283177726735298e-20 2.098902813707072872e-22
1.166760716081662104e+06 1.768180607244995600e-21 1.031443732261827996e-20 9.909411981623833413e-23 1.245881559164039453e-21 4.872259036953499121e-21 9.892155897416076940e-23
1.555900421101123560e+06 7.969047104755195466e-22 3.730700649984610686e-21 4.666302875459785653e-23 5.622291826803737235e-22 1.810526521444924123e-21 4.658167436437892402e-23
2.074826557850289159e+06 3.624352581311611260e-22 1.368168086128581465e-21 2.195175040397792965e-23 2.557505941218888575e-22 6.842462851595928468e-22 2.191342274148306331e-23
2.766825682915017474e+06 1.659553955632614504e-22 5.099036063410621409e-22 1.031486964567451108e-23 1.170306387700010507e-22 2.636898704501746408e-22 1.029682901415696813e-23
3.689621347227101214e+06 7.636143947030925859e-23 1.937414387084094070e-22 4.840246862224533380e-24 5.378469204510885630e-23 1.038345446324489410e-22 4.831768014151810292e-24
4.920189143094656989e+06 3.525054198101768233e-23 7.524020870437036342e-23 2.267677389734806061e-24 2.478946273743611291e-23 4.180841378630534045e-23 2.263697590924771338e-24
6.561177672614024952e+06 1.630427281567033375e-23 2.990109257586007189e-23 1.060501954826824311e-24 1.144563681516913609e-23 1.719625966019227999e-23 1.058637243018799626e-24
8.749471046662278473e+06 7.548594474369166998e-24 1.214905596237600825e-23 4.949845266795483477e-25 5.289285904413954899e-24 7.218762885934484774e-24 4.941123140982952329e-25
1.166760716081662104e+07 3.495516976950239514e-24 5.041547804782698352e-24 2.305510352931089167e-25 2.444488554061449564e-24 3.086255113079321552e-24 2.301438883846676022e-25
1.555900421101123467e+07 1.617727395952714804e-24 2.133638533124800780e-24 1.071350344166943148e-25 1.128895211362226940e-24 1.339971813006269380e-24 1.069454296402324666e-25
2.074826557850288972e+07 7.477625631170154446e-25 9.180470690288837737e-25 4.964896357504584977e-26 5.205781045477204152e-25 5.885184697720737488e-25 4.956088910241527066e-26
2.766825682915017009e+07 3.450408155322053671e-25 4.003222795155928937e-25 2.293614058122585689e-26 2.395829380540573186e-25 2.607873648892597016e-25 2.289535131757986901e-26
3.689621347227101028e+07 1.588892763023877370e-25 1.764231106867963672e-25 1.055949482991922715e-26 1.100083607154772107e-25 1.163253893794359602e-25 1.054066167377111166e-26
4.920189143094656616e+07 7.299886094442744007e-26 7.836883693400109031e-26 4.843746917585073418e-27 5.037545159722784559e-26 5.209873883993602336e-26 4.835076304100360074e-27
6.561177672614024580e+07 3.344255401944491088e-26 3.498490309053525077e-26 2.212410142349753598e-27 2.298558602243105491e-26 2.337709337232709730e-26 2.208430997380614232e-27
8.749471046662279963e+07 1.526340256249223934e-26 1.565741454290597834e-26 1.005017044514918936e-27 1.043714740334812519e-26 1.048165803782689171e-26 1.003198881941271327e-27
1.166760716081662029e+08 6.931952237742239493e-27 7.006591472255879026e-27 4.533063993556956981e-28 4.709084527878661016e-27 4.684079659596064362e-27 4.524805912190505862e-28
1.555900421101123393e+08 3.128155433970949061e-27 3.126643813445035284e-27 2.025872481029178350e-28 2.107335887424106643e-27 2.081049586585945931e-27 2.022151075226305083e-28
2.074826557850289047e+08 1.400267505249032695e-27 1.387745537677858818e-27 8.947639025185703378e-29 9.333539963443930458e-28 9.167035650161510748e-28 8.931043350291352301e-29
2.766825682915017605e+08 6.205071935706442182e-28 6.109802980015496662e-28 3.894276137029016601e-29 4.081116872637958246e-28 3.991858324895409067e-28 3.886976847158246368e-29
3.689621347227101326e+08 2.715466595171473632e-28 2.660570623239056195e-28 1.663885697866314189e-29 1.756418990256251231e-28 1.712675319224617457e-28 1.660732379517612677e-29
4.920189143094656467e+08 1.170145568540785571e-28 1.142056356497599290e-28 6.946302920581764596e-30 7.413856371806178431e-29 7.212421902560401472e-29 6.932989010694007766e-30
6.561177672614024878e+08 4.948518654177498127e-29 4.814915772830340253e-29 2.817027078481998974e-30 3.056972587698310179e-29 2.968834876287501247e-29 2.811568086066429056e-30
8.749471046662279367e+08 2.047002033935948020e-29 1.986751424054683005e-29 1.102401000099561290e-30 1.226903702051104111e-29 1.190096370481776269e-29 1.100244152416334241e-30
1.166760716081662178e+09 8.257771254268436251e-30 7.997128731998410512e-30 4.138152285441609076e-31 4.778026692439130492e-30 4.630677646338937894e-30 4.129983611376407299e-31
1.555900421101123333e+09 3.236253963142229090e-30 3.127762801291569330e-30 1.479965042488154400e-31 1.797174515210810650e-30 1.740770979812591651e-30 1.477021721719920757e-31
2.074826557850289106e+09 1.225952458801862261e-30 1.182448747618855055e-30 5.004402146941701390e-32 6.491260187699594633e-31 6.285684791265472554e-31 4.994393684038110835e-32
2.766825682915017128e+09 4.460608102786914252e-31 4.292964162215862445e-31 1.587442318116914914e-32 2.234698778800613094e-31 2.163857653778760802e-31 1.584257682690630411e-32
3.689621347227100849e+09 1.546150203260500779e-31 1.484338241566741224e-31 4.684748333876319911e-33 7.258333334153390017e-32 7.030104434472693736e-32 4.675357301580975667e-33
4.920189143094656944e+09 5.051070979214869722e-32 4.834683775506129132e-32 1.273730020855030879e-33 2.192542412910073885e-32 2.125154716501079706e-32 1.271195484669258502e-33
6.561177672614025116e+09 1.533049154796373561e-32 1.461938182295973706e-32 3.147628552090697146e-34 6.033221282106292620e-33 5.856981792024405809e-33 3.141475630132484618e-34
8.749471046662279129e+09 4.239584618797316529e-33 4.023556334755727316e-33 6.918830933196239573e-35 1.466730164405675899e-33 1.428468335440437765e-33 6.905734478748346714e-35
1.166760716081661987e+10 1.040261598325128938e-33 9.809053507673527888e-34 1.306769453161876938e-35 3.007879969151806698e-34 2.949124218881027117e-34 1.304423081128198154e-35
1.555900421101123428e+10 2.183139155658333951e-34 2.040399425938947136e-34 2.010623835943720725e-36 4.837637064328958884e-35 4.814080381184054336e-35 2.007325566485677909e-36
2.074826557850289154e+10 3.721459153889350591e-35 3.437301331344554322e-35 2.313368018203242698e-37 5.394009692684351664e-36 5.568222063157638691e-36 2.310166767723510957e-37
2.766825682915017319e+10 4.773076059628887651e-36 4.359617342984690800e-36 1.712844020709828523e-38 3.286397198212094557e-37 3.795318109694864166e-37 1.711182170463442930e-38
3.689621347227101135e+10 4.059688511514942059e-37 3.792866497239217413e-37 5.888120926508934044e-40 6.071908844985204839e-39 1.198031123466636254e-38 5.885680493585869481e-40
4.920189143094656372e+10 1.808839451554936644e-38 2.253862789336720238e-38 0.000000000000000000e+00 4.361214748078224377e-41 3.887398490041426130e-40 0.000000000000000000e+00
6.561177672614024353e+10 2.864587969930329825e-40 1.388288377642166294e-39 0.000000000000000000e+00 1.724492703021450049e-42 2.001020789602462187e-41 0.000000000000000000e+00
8.749471046662280273e+10 2.230757212188686209e-44 4.483428477204911138e-41 0.000000000000000000e+00 1.178274366829786499e-44 3.835229852024175516e-43 0.000000000000000000e+00
