1.166760716081661986e+00 9.495289753238293426e-04 1.764780517548850645e-03 5.398970281888712808e-13 8.153338353418911532e-04 1.765877560321448426e-03 5.429190595264682965e-13
1.555900421101123365e+00 6.412893990053847955e-04 1.203899856436472767e-03 5.812893802776222160e-13 5.472698737476229406e-04 1.202249122630475071e-03 5.827995985566514909e-13
2.074826557850288911e+00 4.225212339178413979e-04 7.964188913216086602e-04 6.055852675036260661e-13 3.570784194548496911e-04 7.960072802345800587e-04 6.066500272947917378e-13
2.766825682915017293e+00 2.696747684215569283e-04 5.090507982667462567e-04 6.062174949562942722e-13 2.251849690397068123e-04 5.095610989294736175e-04 6.062657779335430160e-13
3.689621347227101111e+00 1.660732984395257308e-04 3.134617182847858840e-04 6.058729761740972767e-13 1.367217732227589270e-04 3.142255643268809687e-04 6.062384403005371509e-13
4.920189143094656714e+00 9.853001512380682274e-05 1.854384435652659609e-04 6.059335795658255088e-13 7.975711554660151813e-05 1.862819069997509946e-04 6.059766721699562346e-13
6.561177672614024736e+00 5.619657526706773481e-05 1.051644341083949675e-04 6.056712816393677232e-13 4.462146648818774401e-05 1.059678486140499046e-04 6.057537041417268849e-13
8.749471046662279150e+00 3.072031759945497911e-05 5.700353323701313492e-05 6.050375528679231465e-13 2.390059986813402207e-05 5.771290032161988830e-05 6.056295636765201950e-13
1.166760716081661897e+01 1.605324893775511108e-05 2.948125463212098921e-05 6.009262986882453623e-13 1.225287790968363547e-05 3.005384076730146104e-05 6.017366057612027783e-13
1.555900421101123499e+01 8.020108952703395593e-06 1.462556784105126912e-05 5.936362936408575612e-13 6.029299514554343844e-06 1.499007567146198130e-05 5.944110416551608430e-13
2.074826557850288822e+01 3.854245083938935642e-06 7.050176570718139298e-06 5.648354477222092900e-13 2.870002266779489281e-06 7.212774168496509642e-06 5.655081640334304186e-13
2.766825682915017381e+01 1.804122748456638586e-06 3.340900623380458714e-06 4.929729536457629617e-13 1.337255541817251133e-06 3.385813142149941214e-06 4.935100717772258031e-13
3.689621347227100756e+01 8.329597120842006631e-07 1.568613145003123052e-06 4.125944368066231205e-13 6.167171742942636914e-07 1.567457702353079236e-06 4.129617529817700132e-13
4.920189143094656714e+01 3.818275673143753657e-07 7.297563681641312664e-07 3.371284755225279093e-13 2.830039244388170384e-07 7.204728611545335851e-07 3.373388349459975040e-13
6.561177672614024914e+01 1.738294273915623954e-07 3.368973978862279542e-07 2.697929247319697291e-13 1.291435778336012371e-07 3.294334445679505782e-07 2.698857841309150400e-13
8.749471046662279150e+01 7.836702235461924048e-08 1.546703548788308370e-07 2.096481377228821152e-13 5.842249018396228419e-08 1.496938252989514286e-07 2.096579028392998625e-13
1.166760716081661968e+02 3.487796959227633663e-08 7.044998966975588516e-08 1.556174451525112706e-13 2.611098830989566350e-08 6.747941417598848334e-08 1.555880359640497245e-13
1.555900421101123356e+02 1.527030475006697925e-08 3.179456549097740500e-08 1.108189374087261870e-13 1.148684837345253345e-08 3.011224620213425930e-08 1.107757302085960480e-13
2.074826557850288964e+02 6.553359673357174740e-09 1.419456050707564795e-08 7.612380779724008249e-14 4.953814137147507895e-09 1.327232872147012318e-08 7.607732022982560552e-14
2.766825682915017524e+02 2.747964951868767698e-09 6.260076396816606008e-09 5.054756416424212767e-14 2.086648436015030211e-09 5.766174745276925693e-09 5.050667897005053197e-14
3.689621347227101182e+02 1.123017285962122637e-09 2.727562680736036460e-09 3.247975336025789230e-14 8.562736620128848251e-10 2.465120279955898317e-09 3.244686853193922569e-14
4.920189143094656856e+02 4.467154594576464938e-10 1.174651279780049353e-09 2.021509470116980581e-14 3.418625349375263238e-10 1.036313703246151254e-09 2.019068235624434734e-14
6.561177672614023777e+02 1.729098228171865013e-10 5.002064748630515494e-10 1.219470265662185646e-14 1.327292891868880048e-10 4.286235809310777423e-10 1.217794077882082323e-14
8.749471046662279150e+02 6.516012989466074150e-11 2.107494069298648513e-10 7.121838024525402481e-15 5.012890115316985915e-11 1.745234217419472882e-10 7.111187019310947388e-15
1.166760716081661940e+03 2.394098561811822531e-11 8.798507553893718996e-11 4.009534219434664729e-15 1.843788269952581764e-11 7.006608366278888713e-11 4.003123246342675637e-15
1.555900421101123356e+03 8.596616367668210833e-12 3.645888446278414421e-11 2.165491547795258141e-15 6.618679286741924732e-12 2.778342037550837457e-11 2.161901938272105038e-15
2.074826557850288737e+03 3.027098327488152960e-12 1.500480056013201290e-11 1.121603586246757257e-15 2.327176132894931622e-12 1.090754551123959863e-11 1.119709028318025076e-15
2.766825682915017296e+03 1.050116845069413225e-12 6.151243355745668293e-12 5.611343236552633463e-16 8.051529436667778152e-13 4.247724233551468716e-12 5.601804226568300701e-16
3.689621347227101069e+03 3.611787272831649062e-13 2.517833859237071563e-12 2.747458952511246267e-16 2.756621042734450731e-13 1.645635412025544691e-12 2.742756597479091777e-16
4.920189143094656174e+03 1.240803230674673843e-13 1.030914318452854313e-12 1.332644727279642635e-16 9.402013889344741522e-14 6.368113774392168634e-13 1.330354729614055471e-16
6.561177672614025141e+03 4.285454140299992258e-14 4.225497558489989672e-13 6.439492576903433871e-17 3.214456768588935197e-14 2.470421680281362466e-13 6.428419866340809639e-17
8.749471046662278241e+03 1.495482437735050446e-14 1.732353951507382724e-13 3.103287580779393269e-17 1.106873710968266710e-14 9.615738740483039177e-14 3.097955137028130837e-17
1.166760716081662031e+04 5.287419452290880013e-15 7.098132036826150655e-14 1.491796868414380829e-17 3.850857737582733005e-15 3.751245367342320601e-14 1.489234661589801297e-17
1.555900421101123356e+04 1.893514925502920696e-15 2.899841342371356071e-14 7.154820889599533007e-18 1.354970514235128071e-15 1.465333389274208711e-14 7.142557665048610135e-18
2.074826557850289100e+04 6.855166369440411642e-16 1.174607964827591867e-14 3.424321074445890336e-18 4.819816919578961521e-16 5.714329789260040529e-15 3.418444102822136378e-18
2.766825682915017387e+04 2.503607071999447842e-16 4.691072878948685264e-15 1.635785640247070528e-18 1.731345943085662032e-16 2.214088110891758341e-15 1.632969563330077758e-18
3.689621347227100341e+04 9.203402899477801978e-17 1.845430255539871600e-15 7.800890178517395818e-19 6.277178781048073149e-17 8.500223569403773652e-16 7.787436708702565806e-19
4.920189143094656174e+04 3.403619452228980526e-17 7.123241401031180736e-16 3.714619352930208838e-19 2.298194809114251518e-17 3.220180006658688813e-16 3.708211715564400405e-19
6.561177672614024777e+04 1.268236579699248782e-17 2.695133527194270873e-16 1.766493155694533414e-19 8.516597017059694589e-18 1.200963894833362682e-16 1.763442796490825096e-19
8.749471046662278241e+04 4.770779401421594791e-18 1.001083578395938849e-16 8.390543831827173159e-20 3.200996619136437012e-18 4.418074713402073279e-17 8.376052833103979862e-20
1.166760716081661958e+05 1.819502468582165533e-18 3.651442570623747420e-17 3.980938872909188983e-20 1.224311915921396296e-18 1.605036400667095716e-17 3.974058689019841668e-20
1.555900421101123211e+05 7.065621620343663013e-19 1.312109724221178778e-17 1.886800233078148605e-20 4.779971275869318622e-19 5.764875597638434034e-18 1.883534708038587248e-20
2.074826557850289100e+05 2.802149144367002546e-19 4.671583559625720468e-18 8.933930182231804704e-21 1.909939973036600180e-19 2.054122358710404961e-18 8.918448419554458958e-21
2.766825682915017242e+05 1.137915279944530084e-19 1.649661517529662870e-18 4.226464617726905334e-21 7.822922040511951389e-20 7.282104307729323095e-19 4.219129820182718943e-21
3.689621347227101214e+05 4.739183890674683044e-20 5.789937489315060357e-19 1.997866921395091849e-21 3.283674526725135173e-20 2.579819039120934349e-19 1.994397058951256208e-21
4.920189143094656756e+05 2.019892332186663317e-20 2.041071649329659916e-19 9.437173473975587796e-22 1.408584699032388579e-20 9.206903103941173022e-20 9.420779096125541617e-22
6.561177672614024486e+05 8.777083162293981108e-21 7.247642348417570365e-20 4.454622507593104700e-22 6.151525620531731953e-21 3.314256150735496765e-20 4.446877095424648601e-22
8.749471046662279405e+05 3.876214957178169689e-21 2.589758229691902072e-20 2.101177052884229779e-22 2.726796504553116293e-21 1.203721543390614380e-20 2.097521704634593449e-22
1.166760716081662104e+06 1.735321134778975895e-21 9.312017516101619303e-21 9.903192728901328095e-23 1.223444388304330236e-21 4.432296614720509279e-21 9.885947810330890945e-23
1.555900421101123560e+06 7.853142735364075833e-22 3.384713481090436380e-21 4.663479867601789322e-23 5.541506350895122364e-22 1.657885748854678734e-21 4.655349328990887356e-23
2.074826557850289159e+06 3.583198432601761389e-22 1.248960537453994339e-21 2.193861664125729072e-23 2.528168826058090139e-22 6.313875112868385648e-22 2.190031073531694699e-23
2.766825682915017474e+06 1.644824990954335260e-22 4.689130138666484807e-22 1.030851623581758538e-23 1.159559914824288819e-22 2.454069048416137030e-22 1.029048554139704247e-23
3.689621347227101214e+06 7.582849305550652048e-23 1.796586362363062786e-22 4.837019471495499770e-24 5.338680226113704745e-23 9.751143452548655818e-23 4.828545368221700909e-24
4.920189143094656989e+06 3.505488863394507703e-23 7.039995584023599049e-23 2.265952250956668118e-24 2.464013894776010314e-23 3.962031933150381937e-23 2.261974847991029115e-24
6.561177672614024952e+06 1.623093271129837733e-23 2.823510397088803224e-23 1.059537235606418314e-24 1.138843744703033749e-23 1.643892235402441955e-23 1.057673805134236330e-24
8.749471046662278473e+06 7.520172650782962565e-24 1.157518234284010432e-23 4.944259790338521349e-25 5.266636051058763320e-24 6.955860173679595902e-24 4.935544873262848421e-25
1.166760716081662104e+07 3.483942619207495864e-24 4.843443637793806389e-24 2.302199573355559640e-25 2.435070538302736734e-24 2.994390020781587989e-24 2.298132318231710996e-25
1.555900421101123467e+07 1.612700075527031852e-24 2.064803510405625611e-24 1.069360636346458249e-25 1.124726625220742933e-24 1.307478996541974576e-24 1.067467116428940147e-25
2.074826557850288972e+07 7.454115057077248701e-25 8.938778321899724087e-25 4.952862071661805961e-26 5.185976794309982146e-25 5.768352097346355534e-25 4.944070032449206643e-26
2.766825682915017009e+07 3.438597942040997930e-25 3.916899527630961007e-25 2.286327359374893630e-26 2.385766460333218610e-25 2.564654052221789702e-25 2.282257905490908499e-26
3.689621347227101028e+07 1.582605869366501232e-25 1.732517713360744332e-25 1.051548604511813838e-26 1.094690181000809782e-25 1.146548990618958161e-25 1.049671135530057573e-26
4.920189143094656616e+07 7.265062749136125186e-26 7.715357576860649692e-26 4.817306348831452254e-27 5.007584848459228299e-26 5.141547100485131982e-26 4.808671847283249671e-27
6.561177672614024580e+07 3.324528153859666606e-26 3.449346585599696698e-26 2.196647254983562731e-27 2.281594997015577170e-26 2.307809812941505432e-26 2.192690361187301332e-27
8.749471046662279963e+07 1.515070294709511162e-26 1.544541105846540454e-26 9.957163554714929692e-28 1.034055306277468474e-26 1.034198063276499778e-26 9.939118215780993287e-28
1.166760716081662029e+08 6.867695791835083308e-27 6.909109530887226749e-27 4.478899887287712334e-28 4.654323346362310216e-27 4.615312276411010026e-27 4.470724419892800668e-28
1.555900421101123393e+08 3.091871921026235708e-27 3.079438994136000818e-27 1.994834849803860104e-28 2.076664388844802307e-27 2.046007668353197647e-27 1.991162796861798301e-28
2.074826557850289047e+08 1.380097158414740994e-27 1.364093995147691663e-27 8.773233097091296334e-29 9.164870453655577777e-28 8.985729672349190521e-28 8.756926578070607491e-29
2.766825682915017605e+08 6.095231760866432952e-28 5.989454170590221593e-28 3.798527389143676160e-29 3.990542503392796524e-28 3.898187286175141636e-28 3.791393389149559594e-29
3.689621347227101326e+08 2.657134182229699278e-28 2.599364080203842490e-28 1.612756390730241580e-29 1.709167322018864684e-28 1.664985613317251001e-28 1.609694747485313494e-29
4.920189143094656467e+08 1.140060812699200921e-28 1.111350547832872095e-28 6.682124124780614778e-30 7.175568322711443026e-29 6.975612927359212382e-29 6.669300616102907897e-30
6.561177672614024878e+08 4.798412367689635595e-29 4.664399014840832986e-29 2.685776664569839378e-30 2.941365113485969354e-29 2.855078695667897975e-29 2.680568876149113377e-30
8.749471046662279367e+08 1.974780804437513134e-29 1.915159658154120676e-29 1.040151623617239966e-30 1.173164591029721325e-29 1.137556514151157961e-29 1.038116984254716565e-30
1.166760716081662178e+09 7.923651457070177529e-30 7.668474022753269228e-30 3.858449909804422221e-31 4.539560025618447274e-30 4.398508241858340763e-30 3.850841724732294389e-31
1.555900421101123333e+09 3.088147954893367547e-30 2.982865077594536005e-30 1.361941306141764908e-31 1.696605231182527828e-30 1.643119625733814789e-30 1.359238099502621622e-31
2.074826557850289106e+09 1.163332624166290709e-30 1.121434708834213751e-30 4.541119245877826403e-32 6.090300502066852130e-31 5.896987868458987423e-31 4.532062361277366218e-32
2.766825682915017128e+09 4.209565396568341911e-31 4.049192922804640448e-31 1.419842995563334432e-32 2.084599893834492785e-31 2.018470534890558107e-31 1.417003873495674014e-32
3.689621347227100849e+09 1.451465171648429005e-31 1.392696546838642295e-31 4.131027543399498724e-33 6.735603017370349552e-32 6.523885642544847319e-32 4.122774779135657441e-33
4.920189143094656944e+09 4.718551213302992170e-32 4.513979929571906507e-32 1.108288128017237537e-33 2.025392931948582667e-32 1.963206482556641875e-32 1.106090037129026889e-33
6.561177672614025116e+09 1.425806108575667779e-32 1.358924526919246077e-32 2.706288094812128063e-34 5.551812033999212138e-33 5.389864831905836585e-33 2.701014110331438461e-34
8.749471046662279129e+09 3.927799489188344773e-33 3.725552416208653096e-33 5.888273062628118406e-35 1.345405123347566438e-33 1.310364533330462361e-33 5.877159906110904008e-35
1.166760716081661987e+10 9.606039149586141458e-34 9.052526033591765808e-34 1.102731221790253606e-35 2.751982289487372144e-34 2.698310219424336864e-34 1.100756795607148532e-35
1.555900421101123428e+10 2.010488823842310127e-34 1.877797745981721570e-34 1.685002764010970144e-36 4.416998500081269149e-35 4.395474066741800623e-35 1.682246070532030410e-36
2.074826557850289154e+10 3.419480129129039198e-35 3.155867974042957754e-35 1.928046599870297626e-37 4.917012049900943869e-36 5.075254884931297707e-36 1.925385214052640959e-37
2.766825682915017319e+10 4.377467368211453443e-36 3.993754024036549175e-36 1.421338406002280248e-38 2.991999378476140240e-37 3.453444492739697351e-37 1.419962256137993134e-38
3.689621347227101135e+10 3.716883205403806503e-37 3.465157252604519542e-37 4.868967550358966458e-40 5.522731867465490313e-39 1.086163700451999327e-38 4.866950063836473492e-40
4.920189143094656372e+10 1.653521718672998922e-38 2.049437806473141865e-38 0.000000000000000000e+00 3.938266749332737524e-41 3.491475772593513162e-40 0.000000000000000000e+00
6.561177672614024353e+10 2.614239517902105773e-40 1.256223480101709356e-39 0.000000000000000000e+00 1.557897700572115537e-42 1.791360906543874838e-41 0.000000000000000000e+00
8.749471046662280273e+10 2.016512437281106084e-44 4.053224572342430073e-41 0.000000000000000000e+00 1.064870105864924434e-44 3.415359483882780129e-43 0.000000000000000000e+00
