1.166760716081661986e+00 9.494855787192405189e-04 1.764648608540212967e-03 5.388712772678114071e-13 8.152894673514426678e-04 1.765748539494595842e-03 5.418873570947593263e-13
1.555900421101123365e+00 6.412721035354646210e-04 1.203823166026952952e-03 5.801849563251452906e-13 5.472501686649084221e-04 1.202174174792116626e-03 5.816924173652234202e-13
2.074826557850288911e+00 4.225197006678646006e-04 7.963786870431234944e-04 6.044346416351969821e-13 3.570735315915513921e-04 7.959687538540648720e-04 6.054974341451560004e-13
2.766825682915017293e+00 2.696809404894525450e-04 5.090330364045236996e-04 6.050655274719259714e-13 2.251876151309902365e-04 5.095449820679390273e-04 6.051139608740556387e-13
3.689621347227101111e+00 1.660819313731853332e-04 3.134563164984310760e-04 6.047217543260682430e-13 1.367271991775388901e-04 3.142215661215184779e-04 6.050866364006938056e-13
4.920189143094656714e+00 9.853836437500855679e-05 1.854389206502611684e-04 6.047822551558943670e-13 7.976273564938338276e-05 1.862835261422557994e-04 6.048253894517959881e-13
6.561177672614024736e+00 5.620346134440181910e-05 1.051670094534286315e-04 6.045205661634855480e-13 4.462612707842452753e-05 1.059713750414192045e-04 6.046027595442171479e-13
8.749471046662279150e+00 3.072542833449626418e-05 5.700625580557909408e-05 6.038880421056718196e-13 2.390397940462827864e-05 5.771643955499788307e-05 6.044788329204330829e-13
1.166760716081661897e+01 1.605673258728380822e-05 2.948334218941743213e-05 5.997852684880326544e-13 1.225509539969841226e-05 3.005662159714466542e-05 6.005939493610712624e-13
1.555900421101123499e+01 8.022331055309000941e-06 1.462692080096775351e-05 5.925100427075255308e-13 6.030659750757180987e-06 1.499196805565453925e-05 5.932832887017929121e-13
2.074826557850288822e+01 3.855632918301193229e-06 7.051002026970379008e-06 5.637682295883433072e-13 2.870833212860019117e-06 7.213973344030205788e-06 5.644396692688743603e-13
2.766825682915017381e+01 1.805043408613831856e-06 3.341446330893122156e-06 4.920522582211353504e-13 1.337814723919256343e-06 3.386603911088194980e-06 4.925883854272478549e-13
3.689621347227100756e+01 8.336505774856853360e-07 1.569040396026080919e-06 4.118333588187238084e-13 6.171585343089206761e-07 1.568054101907234242e-06 4.122000305463392718e-13
4.920189143094656714e+01 3.824014554958560720e-07 7.301343615637123157e-07 3.365133967822942669e-13 2.833920457685393621e-07 7.209819982698515511e-07 3.367234072332026588e-13
6.561177672614024914e+01 1.743192116144708519e-07 3.372439081356536592e-07 2.693054842096577925e-13 1.294891518113761631e-07 3.298895174284856912e-07 2.693982139863604804e-13
8.749471046662279150e+01 7.876934991191314731e-08 1.549763637350378447e-07 2.092733722706132175e-13 5.871411995525916128e-08 1.500914800233272191e-07 2.092831562272062590e-13
1.166760716081661968e+02 3.518365385811128902e-08 7.070000434980409884e-08 1.553433341664355303e-13 2.633632486120810559e-08 6.780180014961243832e-08 1.553140063544352500e-13
1.555900421101123356e+02 1.548084540800888360e-08 3.197973876436138846e-08 1.106272409991766714e-13 1.164381855658450075e-08 3.034937226215480668e-08 1.105841314506052897e-13
2.074826557850288964e+02 6.684150085696248455e-09 1.431815423331036053e-08 7.599482437993934505e-14 5.052150742619205123e-09 1.342932758986440628e-08 7.594843284470420369e-14
2.766825682915017524e+02 2.821605824088779132e-09 6.334796472254766421e-09 5.046389272287007790e-14 2.142399605128148644e-09 5.860116922409212912e-09 5.042308797732467354e-14
3.689621347227101182e+02 1.160987077336455638e-09 2.768986793420496822e-09 3.242739572457868350e-14 8.852004807515539413e-10 2.516498702739033386e-09 3.239457311998576734e-14
4.920189143094656856e+02 4.648609968460063815e-10 1.196037072680032009e-09 2.018348211825871889e-14 3.557696658850334277e-10 1.062373801862149713e-09 2.015911436389903448e-14
6.561177672614023777e+02 1.810397698559493258e-10 5.106466717453491723e-10 1.217629139850192971e-14 1.389958239555215465e-10 4.410670791448243671e-10 1.215955901618054464e-14
8.749471046662279150e+02 6.860817565582599592e-11 2.156336417921763301e-10 7.111527751439606685e-15 5.280062365484761860e-11 1.801906065404182142e-10 7.100894725397101573e-15
1.166760716081661940e+03 2.533563471338617363e-11 9.019670787324694869e-11 4.004030001378435532e-15 1.952343728088058722e-11 7.255333718769133106e-11 3.997629282908139247e-15
1.555900421101123356e+03 9.137486676481197116e-12 3.743335961756364966e-11 2.162723072710582086e-15 7.041186039447010238e-12 2.884227355410089619e-11 2.159138815313322962e-15
2.074826557850288737e+03 3.228980698987136566e-12 1.542368103697520173e-11 1.120302567881313680e-15 2.485363017179492341e-12 1.134636679817423914e-11 1.118410583717402746e-15
2.766825682915017296e+03 1.122887204451277863e-12 6.327301770103302137e-12 5.605626906299029580e-16 8.623497395600544464e-13 4.424946619094283546e-12 5.596099350536928783e-16
3.689621347227101069e+03 3.866332307150603054e-13 2.590380342438519791e-12 2.745083592071923221e-16 2.957260284484310247e-13 1.715509702515990655e-12 2.740386068434143212e-16
4.920189143094656174e+03 1.327813048552783316e-13 1.060403425319388817e-12 1.331697087317557483e-16 1.008910312217771587e-13 6.638395593722083409e-13 1.329409053575799311e-16
6.561177672614025141e+03 4.578638080218233771e-14 4.344997473717146592e-13 6.435843856016161873e-17 3.446102454991215797e-14 2.573757279237389575e-13 6.424778881224235802e-17
8.749471046662278241e+03 1.593865298440826421e-14 1.781235643521288449e-13 3.101942917113447373e-17 1.184481736629375352e-14 1.001003241009216790e-13 3.096613414516196137e-17
1.166760716081662031e+04 5.619555713065707667e-15 7.302283442712623352e-14 1.491332591015516649e-17 4.111434173100103325e-15 3.902980078316651286e-14 1.488771452309078568e-17
1.555900421101123356e+04 2.007188475795865261e-15 2.987344800763222361e-14 7.153390084578881631e-18 1.443186803939471641e-15 1.524729695712115195e-14 7.141130470087954691e-18
2.074826557850289100e+04 7.250965413984757711e-16 1.212877678719399378e-14 3.423982127934059228e-18 5.121777275873345808e-16 5.951473519640241373e-15 3.418106232865204247e-18
2.766825682915017387e+04 2.643623501070245039e-16 4.859614398513279696e-15 1.635773260584994901e-18 1.835782039672569231e-16 2.310150932342217671e-15 1.632957413739519332e-18
3.689621347227100341e+04 9.703947237911334405e-17 1.919124219939814589e-15 7.801474287145885488e-19 6.641042252749492221e-17 8.891582743837291910e-16 7.788020675474974234e-19
4.920189143094656174e+04 3.583255889905898703e-17 7.438640781858818957e-16 3.715171820603544923e-19 2.425412065077794714e-17 3.378457371949055162e-16 3.708763573374885565e-19
6.561177672614024777e+04 1.332586647167230022e-17 2.826150434238839652e-16 1.766870974126874033e-19 8.961561098926353708e-18 1.263903429007021248e-16 1.763820088816895085e-19
8.749471046662278241e+04 4.999791492073362762e-18 1.053734773275115590e-16 8.392810958662957637e-20 3.356189253226089189e-18 4.663044283174281305e-17 8.378316458744233433e-20
1.166760716081661958e+05 1.900363874124956839e-18 3.855992435508507651e-17 3.982201552405694248e-20 1.278232181353385191e-18 1.698169440466012289e-17 3.975319292026140021e-20
1.555900421101123211e+05 7.348977114211138002e-19 1.389209470071056479e-17 1.887468458575310436e-20 4.966596834333932028e-19 6.110781336948869288e-18 1.884201784802014579e-20
2.074826557850289100e+05 2.900768971882115009e-19 4.955411396170350681e-18 8.937328932983510221e-21 1.974393835213726791e-19 2.180007183524878101e-18 8.921841136716041913e-21
2.766825682915017242e+05 1.172106117548846918e-19 1.751955796423031797e-18 4.228135308912003831e-21 8.045799827460169017e-20 7.732374916273980547e-19 4.220797478713404665e-21
3.689621347227101214e+05 4.857928820719478271e-20 6.152066053692328217e-19 1.998664781099808080e-21 3.361172231689734284e-20 2.738789535173448992e-19 1.995193447475042454e-21
4.920189143094656756e+05 2.061269785716925881e-20 2.168424468375923737e-19 9.440885078035728136e-22 1.435720041249846946e-20 9.765493888637408694e-20 9.424483818000760327e-22
6.561177672614024486e+05 8.921475300373127055e-21 7.694062108145184321e-20 4.456314816907607724e-22 6.247079958757990785e-21 3.509759923876314180e-20 4.448566271530535829e-22
8.749471046662279405e+05 3.926674579564277680e-21 2.745465493358405347e-20 2.101939515094607320e-22 2.760671688758757651e-21 1.271796408955936120e-20 2.098282771073421445e-22
1.166760716081662104e+06 1.753028860732119038e-21 9.851507280451412373e-21 9.906621633478425664e-23 1.235550889640765499e-21 4.668914068090771921e-21 9.889370575382907317e-23
1.555900421101123560e+06 7.915649779954046441e-22 3.570901370319832027e-21 4.665039129966467412e-23 5.585139284817157551e-22 1.739975595951070859e-21 4.656905895314561320e-23
2.074826557850289159e+06 3.605411971783288231e-22 1.313109905583932155e-21 2.194589430575315448e-23 2.544029985424447808e-22 6.598160490213880952e-22 2.190757640605830349e-23
2.766825682915017474e+06 1.652783198450628561e-22 4.909727897356016897e-22 1.031205220911217886e-23 1.165376177845364615e-22 2.552408684070889610e-22 1.029401601705377000e-23
3.689621347227101214e+06 7.611681797199979094e-23 1.872385020917791949e-22 4.838824530985646554e-24 5.360242242942811632e-23 1.009130259766619964e-22 4.830347789834302429e-24
4.920189143094656989e+06 3.516092785156232025e-23 7.300566132901151402e-23 2.266921653569964982e-24 2.472120133834260699e-23 4.079771138225100494e-23 2.262942911310722923e-24
6.561177672614024952e+06 1.627078879745741737e-23 2.913222489651205013e-23 1.060081443796025744e-24 1.141957205351807698e-23 1.684658670824157935e-23 1.058217293321918324e-24
8.749471046662278473e+06 7.535680632910213328e-24 1.188433341745337824e-23 4.947419543094594594e-25 5.279014291965400256e-24 7.097458697222678865e-24 4.938700558082251084e-25
1.166760716081662104e+07 3.490293300224422740e-24 4.950229043726062992e-24 2.304075986206418886e-25 2.440245977439738955e-24 3.043914649288619896e-24 2.300006345742985849e-25
1.555900421101123467e+07 1.615477349265477431e-24 2.101943077140996772e-24 1.070489544968829340e-25 1.127032654516539703e-24 1.325022523543846320e-24 1.068594591174965967e-25
2.074826557850288972e+07 7.467195769313916496e-25 9.069374787027145844e-25 4.959693619785351739e-26 5.197007192615253479e-25 5.831584412553468313e-25 4.950892829233707695e-26
2.766825682915017009e+07 3.445210021539375997e-25 3.963650432807762247e-25 2.290464374027299937e-26 2.391404211162331264e-25 2.588130441864397210e-25 2.286389535968704897e-26
3.689621347227101028e+07 1.586142086288162438e-25 1.749751687669013572e-25 1.054046799105321017e-26 1.097724853530345344e-25 1.155668666048350111e-25 1.052166005697744503e-26
4.920189143094656616e+07 7.284707999294819070e-26 7.781710072793916532e-26 4.832309640075547070e-27 5.024487133469396759e-26 5.179081866372939279e-26 4.823654604429463032e-27
6.561177672614024580e+07 3.335674058622689858e-26 3.476336092760543186e-26 2.205586271038193532e-27 2.291177425926040242e-26 2.324343972383784469e-26 2.201616728166853755e-27
8.749471046662279963e+07 1.521440761503544314e-26 1.556257376763768081e-26 1.000986453045798771e-27 1.039513187709961326e-26 1.041968071945524214e-26 9.991741762717329918e-28
1.166760716081662029e+08 6.904006721094448615e-27 6.963288824770147657e-27 4.509559906455344056e-28 4.685250372486815664e-27 4.653736744033779691e-27 4.501337547015992148e-28
1.555900421101123393e+08 3.112358326454690281e-27 3.105787859813135787e-27 2.012382018557139856e-28 2.093968693018783119e-27 2.065640094002160060e-27 2.008681988530475691e-28
2.074826557850289047e+08 1.391471544836997110e-27 1.377330719569857508e-27 8.871685773354142209e-29 9.259891927538577092e-28 9.087416201123329236e-28 8.855215606146789161e-29
2.766825682915017605e+08 6.157075308631057942e-28 6.056883670113549600e-28 3.852481620454210084e-29 4.041475709688901826e-28 3.950713757128192172e-28 3.845254261485959340e-29
3.689621347227101326e+08 2.689917286750014623e-28 2.633654680732074426e-28 1.641507381201205295e-29 1.735682288833944723e-28 1.691698610330926869e-28 1.638394081322602489e-29
4.920189143094656467e+08 1.156934368210537762e-28 1.128537673951492982e-28 6.830313904222133020e-30 7.308964594041213853e-29 7.108029184900111481e-29 6.817214838044990038e-30
6.561177672614024878e+08 4.882419583238879921e-29 4.748524902177328254e-29 2.759191216459265570e-30 3.005916869472186951e-29 2.918549425543933684e-29 2.753842733600649964e-30
8.749471046662279367e+08 2.015108416776764983e-29 1.955100622267542190e-29 1.074855203003435544e-30 1.203089677152584777e-29 1.166799572456526987e-29 1.072752373075109770e-30
1.166760716081662178e+09 8.109793371363961705e-30 7.851460883217551287e-30 4.013785760552765730e-31 4.671984873443708546e-30 4.527395632399255138e-30 4.005866159439864382e-31
1.555900421101123333e+09 3.170470251165378797e-30 3.063369272668945884e-30 1.427203432924422718e-31 1.752298866430455437e-30 1.697186678825480486e-30 1.424367447748939398e-31
2.074826557850289106e+09 1.198059488797318066e-30 1.155259802470005274e-30 4.796077051742484301e-32 6.311745559645019279e-31 6.111635033761233161e-31 4.786496663711883811e-32
2.766825682915017128e+09 4.348471940098188659e-31 4.184038226675274330e-31 1.511614985929369705e-32 2.167283613781436557e-31 2.098553609039051502e-31 1.508586795854490738e-32
3.689621347227100849e+09 1.503740990315056156e-31 1.443279053826660797e-31 4.432695422657580061e-33 7.022863314059640725e-32 6.802064584359306181e-32 4.423823074168458858e-33
4.920189143094656944e+09 4.901749055180622102e-32 4.690622836178002047e-32 1.197984236142036576e-33 2.117048603639141075e-32 2.052009723194015686e-32 1.195603921708755618e-33
6.561177672614025116e+09 1.484773755282831771e-32 1.415551744621552550e-32 2.944504315772370431e-34 5.815288216924975746e-33 5.645521418425576822e-33 2.938756425055792239e-34
8.749471046662279129e+09 4.098926511326130835e-33 3.889069967247851532e-33 6.442358615247883175e-35 1.411698627979720015e-33 1.374899024333561797e-33 6.430180288055202211e-35
1.166760716081661987e+10 1.004255366895457140e-33 9.466968913907230786e-34 1.212071167174235297e-35 2.891618085104289991e-34 2.835174396384973494e-34 1.209897639987740010e-35
1.555900421101123428e+10 2.104968517692958047e-34 1.966748163021007135e-34 1.859019086340309640e-36 4.646272371261937031e-35 4.623641793165043018e-35 1.855973276500061996e-36
2.074826557850289154e+10 3.584536165425070328e-35 3.309630235051357133e-35 2.133510572006715169e-37 5.176769784330653664e-36 5.343699847516682902e-36 2.130561608219324385e-37
2.766825682915017319e+10 4.593474023428787713e-36 4.193402186401852043e-36 1.576500949657333288e-38 3.152204609194260826e-37 3.639445791264298100e-37 1.574972858969465026e-38
3.689621347227101135e+10 3.903879936511218205e-37 3.643727399697949974e-37 5.410659005211991123e-40 5.821436134975897751e-39 1.146932273946416916e-38 5.408416742149472064e-40
4.920189143094656372e+10 1.738172719819571943e-38 2.160576820037157827e-38 0.000000000000000000e+00 4.167565263900914405e-41 3.705863044439937312e-40 0.000000000000000000e+00
6.561177672614024353e+10 2.750559436127427477e-40 1.327869218313734759e-39 0.000000000000000000e+00 1.648224743628705772e-42 1.904833374724574028e-41 0.000000000000000000e+00
8.749471046662280273e+10 2.132689292853271083e-44 4.286512526238778136e-41 0.000000000000000000e+00 1.126362222922768974e-44 3.642453502991970115e-43 0.000000000000000000e+00
