1.166760716081661986e+00 9.492707217326560578e-04 1.763968918457587852e-03 5.316682087923812846e-13 8.150669749505000308e-04 1.765086774215014927e-03 5.346427148288202673e-13
1.555900421101123365e+00 6.411890230761938588e-04 1.203427583645230422e-03 5.724294962544734067e-13 5.471525995565180078e-04 1.201790002270881506e-03 5.739173760386074939e-13
2.074826557850288911e+00 4.225154466377891338e-04 7.961704671693980171e-04 5.963547205733987702e-13 3.570504341261870711e-04 7.957710513585746414e-04 5.974036367733728628e-13
2.766825682915017293e+00 2.697144862332068009e-04 5.089398983844855380e-04 5.969764211328768201e-13 2.252018794268488490e-04 5.094617109790925552e-04 5.970255026108316810e-13
3.689621347227101111e+00 1.661267367633186768e-04 3.134264788556615617e-04 5.966377155453362711e-13 1.367547452640249437e-04 3.141999497038599652e-04 5.969983723631283974e-13
4.920189143094656714e+00 9.858071125214881963e-05 1.854391705248029890e-04 5.966974484321874075e-13 7.979061104067525884e-05 1.862903076307772501e-04 5.967407484266915380e-13
6.561177672614024736e+00 5.623763430438525175e-05 1.051780361824321199e-04 5.964398423778125201e-13 4.464869722922937224e-05 1.059876560479191556e-04 5.965206396783964315e-13
8.749471046662279150e+00 3.075011917373103912e-05 5.701814951759277356e-05 5.958157988069560278e-13 2.391982728934073031e-05 5.773265074118779852e-05 5.963982167126486430e-13
1.166760716081661897e+01 1.607293514424504440e-05 2.949216985883198119e-05 5.917712505440030507e-13 1.226499338575088913e-05 3.006894693562648326e-05 5.925686049595771121e-13
1.555900421101123499e+01 8.032080139727058979e-06 1.463221406670619112e-05 5.845982222020432394e-13 6.036260347446057254e-06 1.499985221818449844e-05 5.853609318032842432e-13
2.074826557850288822e+01 3.861200295508363225e-06 7.053823298611859902e-06 5.562626132257682777e-13 2.873847170668869863e-06 7.218478879780698137e-06 5.569250556957428489e-13
2.766825682915017381e+01 1.808333884312968722e-06 3.343034207374674125e-06 4.855573474070446361e-13 1.339556920803330345e-06 3.389197184727020704e-06 4.860864461328104490e-13
3.689621347227100756e+01 8.358892474044994962e-07 1.570180780729891645e-06 4.064510904546143984e-13 6.184103108592361538e-07 1.569810190901300972e-06 4.068131473761648824e-13
4.920189143094656714e+01 3.841952022669329820e-07 7.311585228260199417e-07 3.321562116794100288e-13 2.844979895924068468e-07 7.224391894673360543e-07 3.323636974941955522e-13
6.561177672614024914e+01 1.758900354023955648e-07 3.382504801009230713e-07 2.658478709068277107e-13 1.305400527722314475e-07 3.312450518669948128e-07 2.659396290431081417e-13
8.749471046662279150e+01 8.015201925033290281e-08 1.559486404058501259e-07 2.066107001163796677e-13 5.968861329789797869e-08 1.513641683990553850e-07 2.066205725715761791e-13
1.166760716081661968e+02 3.634278670213090966e-08 7.158148036912027420e-08 1.533908056333727261e-13 2.717882744967395532e-08 6.893986692468086538e-08 1.533620242788715984e-13
1.555900421101123356e+02 1.637806943036834314e-08 3.271328576127648422e-08 1.092577240918314739e-13 1.230824505436975658e-08 3.128876398854657997e-08 1.092152884586147288e-13
2.074826557850288964e+02 7.315658139282733009e-09 1.487189779716551800e-08 7.507053562641320296e-14 5.525461037943556769e-09 1.413382007243072193e-08 7.502481523748344798e-14
2.766825682915017524e+02 3.223877684736405832e-09 6.712660435094037856e-09 4.986241032275659234e-14 2.446469626506757891e-09 6.337459942910591626e-09 4.982217178689251719e-14
3.689621347227101182e+02 1.393518792835587288e-09 3.002939095394928051e-09 3.204974253338407479e-14 1.062169190715475841e-09 2.809395215578138163e-09 3.201736036814604356e-14
4.920189143094656856e+02 5.877365731009661149e-10 1.328654652550874246e-09 1.995462092437038787e-14 4.498477763622903855e-10 1.226440853655788015e-09 1.993057046427800676e-14
6.561177672614023777e+02 2.409780132583808127e-10 5.803210658492981878e-10 1.204245643758113740e-14 1.851401729615609521e-10 5.259477167626240547e-10 1.202593509097693010e-14
8.749471046662279150e+02 9.587686739881554572e-11 2.500261322061722649e-10 7.036222384876660948e-15 7.390054207785117692e-11 2.212782227177716610e-10 7.025718795544162093e-15
1.166760716081661940e+03 3.701709026991835798e-11 1.063562694739157286e-10 3.963582439290399856e-15 2.860280353084343535e-11 9.140129335125899565e-11 3.957256111574324034e-15
1.555900421101123356e+03 1.388717713981283674e-11 4.473405264243312818e-11 2.142209384312067011e-15 1.074644697163709397e-11 3.712301290020203989e-11 2.138664321693851935e-15
2.074826557850288737e+03 5.073124233725673535e-12 1.861858524438970749e-11 1.110551992908178826e-15 3.928681659391893009e-12 1.485847335132534379e-11 1.108679082692636154e-15
2.766825682915017296e+03 1.809830250642017481e-12 7.688476093610910810e-12 5.562139552348372824e-16 1.401747092201468111e-12 5.869218480598495947e-12 5.552698155312243392e-16
3.689621347227101069e+03 6.333031309996759087e-13 3.156535157390859404e-12 2.726676388766730481e-16 4.899850385212354255e-13 2.293079657115317519e-12 2.722015840658808866e-16
4.920189143094656174e+03 2.186472724389482779e-13 1.291208333819152456e-12 1.324191844497696556e-16 1.686451099290561386e-13 8.893204825681418575e-13 1.321919121121665793e-16
6.561177672614025141e+03 7.495681006345736917e-14 5.274083130708597435e-13 6.406163959734646151e-17 5.750403124106402298e-14 3.437507099509839046e-13 6.395160555350944660e-17
8.749471046662278241e+03 2.569371584798908990e-14 2.154503172538835536e-13 3.090599864849169493e-17 1.955130581019715462e-14 1.328129291276416456e-13 3.085294395545055663e-17
1.166760716081662031e+04 8.863352500570714331e-15 8.818920022476754369e-14 1.487190046693266642e-17 6.668901499895612089e-15 5.140355573964637672e-14 1.484637969193430002e-17
1.555900421101123356e+04 3.090456020140744675e-15 3.617734910534397512e-14 7.139261059614692381e-18 2.292515318106249152e-15 1.997395701821695643e-14 7.127033973088112930e-18
2.074826557850289100e+04 1.091343164397295400e-15 1.481799475660859698e-14 3.419714720897209935e-18 7.962768652567706414e-16 7.790223210282521082e-15 3.413849707620447239e-18
2.766825682915017387e+04 3.902379498169118732e-16 6.029924145447734590e-15 1.634812942571989568e-18 2.796111166739388477e-16 3.039852167576512691e-15 1.632000261791358111e-18
3.689621347227100341e+04 1.409774476202675309e-16 2.432417117173817767e-15 7.801531588860332138e-19 9.921195629141970309e-17 1.183462980115507934e-15 7.788084256997935954e-19
4.920189143094656174e+04 5.133965252058574487e-17 9.670789362164218620e-16 3.717181768997932839e-19 3.554848887861578387e-17 4.570613132879219992e-16 3.710772664256970871e-19
6.561177672614024777e+04 1.882654325088021932e-17 3.776151477689859361e-16 1.768665838986779653e-19 1.286938223028619193e-17 1.743330648008239417e-16 1.765612870457713910e-19
8.749471046662278241e+04 6.948602042674901245e-18 1.446151498738725617e-16 8.404841176925832314e-20 4.709269766138164132e-18 6.560651160261570410e-17 8.390329586762959148e-20
1.166760716081661958e+05 2.587549273946299693e-18 5.422415257811509071e-17 3.989339870368754770e-20 1.746004766301487613e-18 2.433198200487657090e-17 3.982446445493823181e-20
1.555900421101123211e+05 9.756938514990161164e-19 1.994164189880488897e-17 1.891413430039040049e-20 6.579194730736780205e-19 8.890285150877574472e-18 1.888140201653168451e-20
2.074826557850289100e+05 3.738939241926871546e-19 7.228004857175376721e-18 8.958072451243629384e-21 2.529154407344449709e-19 3.207510354055208922e-18 8.942548713045824446e-21
2.766825682915017242e+05 1.462578069243855595e-19 2.584237982564653688e-18 4.238616251577846752e-21 9.955591636501158479e-20 1.145458315877860242e-18 4.231259713424136157e-21
3.689621347227101214e+05 5.865426846236716348e-20 9.134431504860220313e-19 2.003787850454616787e-21 4.021725946061444687e-20 4.065610496397571184e-19 2.000307170784824353e-21
4.920189143094656756e+05 2.411524318103643826e-20 3.226518541496933175e-19 9.465189088407265937e-22 1.665557620828013772e-20 1.445965284773757068e-19 9.448742956081348689e-22
6.561177672614024486e+05 1.013943858923024090e-20 1.142605333788847546e-19 4.467563930772329173e-22 7.050396598439220955e-21 5.160301170279925757e-20 4.459794505183367924e-22
8.749471046662279405e+05 4.350275700784934605e-21 4.052494399940195678e-20 2.107051592439072744e-22 3.043020019636432864e-21 1.848170939902258148e-20 2.103385391018047082e-22
1.166760716081662104e+06 1.900789610243130686e-21 1.439134489834139324e-20 9.929609144955361605e-23 1.335511568735416245e-21 6.675212682012193560e-21 9.912316089619133690e-23
1.555900421101123560e+06 8.433522014435953447e-22 5.139632611714950965e-21 4.675375322932033551e-23 5.941868428311243667e-22 2.436302676997137619e-21 4.667223648321969833e-23
2.074826557850289159e+06 3.787956839852547305e-22 1.853745555053235009e-21 2.199299222545800840e-23 2.672416276932299748e-22 9.008702644431451581e-22 2.195459331530373680e-23
2.766825682915017474e+06 1.717575553662897856e-22 6.767966925861235779e-22 1.033412857648850222e-23 1.211976482854550036e-22 3.385428639878480421e-22 1.031605623541205195e-23
3.689621347227101214e+06 7.843805826015910313e-23 2.510178192379527632e-22 4.849615091887542679e-24 5.531050398241088241e-23 1.296834300968065714e-22 4.841121690815660952e-24
4.920189143094656989e+06 3.600198840469827378e-23 9.489311872920787510e-23 2.272466303283169908e-24 2.535403418323910360e-23 5.073442634082620479e-23 2.268479504381358307e-24
6.561177672614024952e+06 1.658011692664513092e-23 3.664961597690645238e-23 1.063076488779763045e-24 1.165749251734197050e-23 2.027633897366264798e-23 1.061208214721957117e-24
8.749471046662278473e+06 7.652201018902747818e-24 1.446607473242134258e-23 4.964304780765692382e-25 5.370614486009056218e-24 8.283129074968583112e-24 4.955563465856409148e-25
1.166760716081662104e+07 3.535860760967916491e-24 5.837595265125193811e-24 2.313904105218476363e-25 2.476836866456710651e-24 3.455515044299737632e-24 2.309821786440887443e-25
1.555900421101123467e+07 1.634261916873268945e-24 2.408253480160370301e-24 1.076330582575575315e-25 1.142419058556842129e-24 1.469092388297240440e-24 1.074428175025315874e-25
2.074826557850288972e+07 7.550068521583369925e-25 1.013398448325611340e-24 4.994815365333182952e-26 5.266106331148194150e-25 6.341070723350241344e-25 4.985969724480015301e-26
2.766825682915017009e+07 3.484610426406555282e-25 4.337921539652551604e-25 2.311685998274740286e-26 2.424730241944566506e-25 2.771862725885454880e-25 2.307583798296520989e-26
3.689621347227101028e+07 1.606213216734146935e-25 1.883995884218494673e-25 1.066871927340362353e-26 1.114869650887567685e-25 1.224136282420771485e-25 1.064974311825124580e-26
4.920189143094656616e+07 7.392603512492690644e-26 8.278854429865903006e-26 4.909573874372525194e-27 5.117164529232453449e-26 5.446116515747766598e-26 4.900815044139801042e-27
6.561177672614024580e+07 3.395767338659555733e-26 3.668625423084969255e-26 2.251856554767525971e-27 2.342876397945171104e-26 2.435068313887641074e-26 2.247822958574932063e-27
8.749471046662279963e+07 1.555534086211899977e-26 1.635110983660075173e-26 1.028457009528540909e-27 1.068796598911697757e-26 1.091074208825958372e-26 1.026605339402572167e-27
1.166760716081662029e+08 7.098448225269413847e-27 7.308444108378058445e-27 4.670806168612565220e-28 4.851552586183425973e-27 4.885523353638804274e-27 4.662343390761521256e-28
1.555900421101123393e+08 3.222752391821584769e-27 3.266323263263547077e-27 2.105681684676687393e-28 2.187756773099381772e-27 2.180489806639078288e-27 2.101836643689300577e-28
2.074826557850289047e+08 1.453411545123910626e-27 1.455609435301606998e-27 9.402114697318549685e-29 9.781268286684852543e-28 9.673431366341840280e-28 9.384784217412958234e-29
2.766825682915017605e+08 6.498528111318831929e-28 6.449703882520327869e-28 4.147757712602977016e-29 4.325412171861534051e-28 4.252779654609039523e-28 4.140030905447623365e-29
3.689621347227101326e+08 2.873923473219441413e-28 2.832881288499680729e-28 1.801780577266402052e-29 1.886318125456915772e-28 1.846476787171993035e-28 1.798385083793992417e-29
4.920189143094656467e+08 1.253420922785983972e-28 1.229023221127840978e-28 7.674405110390830382e-30 8.083318694490643812e-29 7.886433660604105872e-29 7.659763181387085050e-30
6.561177672614024878e+08 5.372622162153433629e-29 5.246562783093556799e-29 3.188012792211918930e-30 3.389635224907581297e-29 3.298929847724009966e-29 3.181853629629683780e-30
8.749471046662279367e+08 2.255525784484901928e-29 2.195506680953398777e-29 1.283594606057131185e-30 1.385549222817563915e-29 1.346050855033344905e-29 1.281085602477422300e-30
1.166760716081662178e+09 9.244309815713491546e-30 8.974038768426257619e-30 4.980443826340670985e-31 5.501022311310282324e-30 5.337077004820680945e-30 4.970597468725056346e-31
1.555900421101123333e+09 3.683609615039236227e-30 3.567492167321064166e-30 1.849463130409384805e-31 2.110461450648348910e-30 2.045652488166663234e-30 1.845769637817792578e-31
2.074826557850289106e+09 1.419466979839520392e-30 1.371664723250976352e-30 6.519246337443305623e-32 7.774511311786002467e-31 7.531381869717787255e-31 6.506121160938168365e-32
2.766825682915017128e+09 5.254309097216967036e-31 5.065880873123440365e-31 2.161860507912918916e-32 2.727936338224012530e-31 2.641966941297787509e-31 2.157485732938996684e-32
3.689621347227100849e+09 1.852347092391607729e-31 1.781450533915276962e-31 6.677609179882507128e-33 9.019967051462068380e-32 8.736621877849989384e-32 6.664089893983091862e-33
4.920189143094656944e+09 6.150378660900657310e-32 5.897553786378475498e-32 1.898785149859013434e-33 2.769247178790128189e-32 2.683918732834813143e-32 1.894967270816956875e-33
6.561177672614025116e+09 1.895169400096390939e-32 1.810662341140015670e-32 4.893680080816133038e-34 7.729996407917137099e-33 7.503054122701973748e-33 4.884012102141957705e-34
8.749471046662279129e+09 5.313419486095960484e-33 5.052705772065378066e-33 1.117053443993681364e-34 1.902492066344396659e-33 1.852514749916934211e-33 1.114915979256522113e-34
1.166760716081661987e+10 1.319628795016940669e-33 1.247012378171642763e-33 2.180156865440601472e-35 3.942086366477364998e-34 3.864368417406938022e-34 2.176198831067699783e-35
1.555900421101123428e+10 2.798565484935898597e-34 2.621949934553501540e-34 3.449060246013153313e-36 6.394616216468743739e-35 6.362791739412294716e-35 3.443339572667117763e-36
2.074826557850289154e+10 4.813591727938350241e-35 4.459243127208217142e-35 4.060897494753303324e-37 7.179972201129811108e-36 7.413266911176125118e-36 4.055217588115586759e-37
2.766825682915017319e+10 6.222586233737467226e-36 5.707567854990024573e-36 3.063755247204617683e-38 4.398776748469267625e-37 5.087512257713840824e-37 3.060755080019403566e-38
3.689621347227101135e+10 5.330770082989302102e-37 5.019718854128283918e-37 1.069652815678325755e-39 8.157990002699688999e-39 1.625219055450835784e-38 1.069208974545020935e-39
4.920189143094656372e+10 2.390781927774115001e-38 3.036231920368470246e-38 0.000000000000000000e+00 6.015759209143932607e-41 5.417827697639740511e-40 0.000000000000000000e+00
6.561177672614024353e+10 3.812750570495321318e-40 1.903982754029362817e-39 0.000000000000000000e+00 2.376867428603190082e-42 2.803257538998722734e-41 0.000000000000000000e+00
8.749471046662280273e+10 3.071354348946306664e-44 6.171839164956433850e-41 0.000000000000000000e+00 1.622901009122642703e-44 5.414966888435340369e-43 0.000000000000000000e+00
