1.166760716081661986e+00 9.495403674455968638e-04 1.764838006636886914e-03 5.403937185797023825e-13 8.153470619815431737e-04 1.765931978385133425e-03 5.434186341405715821e-13
1.555900421101123365e+00 6.412915581153736831e-04 1.203932613589443149e-03 5.818241665953785015e-13 5.472740301670767820e-04 1.202280125330639762e-03 5.833357175798965474e-13
2.074826557850288911e+00 4.225180100340119064e-04 7.964354842682326791e-04 6.061424255381273018e-13 3.570773762722875486e-04 7.960225028825524025e-04 6.072081372767431548e-13
2.766825682915017293e+00 2.696693000310275792e-04 5.090575383057869240e-04 6.067753052568441456e-13 2.251815814805737314e-04 5.095666915428373510e-04 6.068235108970147904e-13
3.689621347227101111e+00 1.660675997266877388e-04 3.134631492225959130e-04 6.064304235271820132e-13 1.367178738532248737e-04 3.142261048293062834e-04 6.067961680280714652e-13
4.920189143094656714e+00 9.852504578607411976e-05 1.854374628026571120e-04 6.064910760626957434e-13 7.975363387912752554e-05 1.862802479718866347e-04 6.065341471002673849e-13
6.561177672614024736e+00 5.619266924783844892e-05 1.051627117796470840e-04 6.062284811754106286e-13 4.461875474005409678e-05 1.059655870803128097e-04 6.063110169627505241e-13
8.749471046662279150e+00 3.071748410147015756e-05 5.700191399718554548e-05 6.055941693070009585e-13 2.389868897058105698e-05 5.771083102680730657e-05 6.061867729604779768e-13
1.166760716081661897e+01 1.605133294917738643e-05 2.948005460283738386e-05 6.014787939342181188e-13 1.225163607063212747e-05 3.005226371348917953e-05 6.022898894239213195e-13
1.555900421101123499e+01 8.018883253707271370e-06 1.462479352396251958e-05 5.941816151301427551e-13 6.028534490530363254e-06 1.498900854042518601e-05 5.949570905759707251e-13
2.074826557850288822e+01 3.853470388909510289e-06 7.049698674745339532e-06 5.653520920905105038e-13 2.869527826724778295e-06 7.212091873693254547e-06 5.660254262236039392e-13
2.766825682915017381e+01 1.803600412301124649e-06 3.340580021040455236e-06 4.934184483043105875e-13 1.336930642896940387e-06 3.385356380790130516e-06 4.939560455024297731e-13
3.689621347227100756e+01 8.325633726937304541e-07 1.568361038499813393e-06 4.129625537683713253e-13 6.164589785584675636e-07 1.567109838445546004e-06 4.133301810268004986e-13
4.920189143094656714e+01 3.814985665961667304e-07 7.295349590990723991e-07 3.374258958581432090e-13 2.827785999316451281e-07 7.201763842681891529e-07 3.376364234562722324e-13
6.561177672614024914e+01 1.735520093477706292e-07 3.366976168567639514e-07 2.700285751062163690e-13 1.289464623663811934e-07 3.291710789026637104e-07 2.701214966016955875e-13
8.749471046662279150e+01 7.814372491014826349e-08 1.544976842974496517e-07 2.098292680910350090e-13 5.826005216065494273e-08 1.494695619774584155e-07 2.098390236054952471e-13
1.166760716081661968e+02 3.471254423007510074e-08 7.031247245885585895e-08 1.557498722777119467e-13 2.598883781334086146e-08 6.730210082976972246e-08 1.557204234112357877e-13
1.555900421101123356e+02 1.515940220571059632e-08 3.169544550611213184e-08 1.109115044365449200e-13 1.140410119306239641e-08 2.998534887991742508e-08 1.108682498203753477e-13
2.074826557850288964e+02 6.486235635582359371e-09 1.413011626548985162e-08 7.618606087096930095e-14 4.903327600467593127e-09 1.319053649225748023e-08 7.613952676531349678e-14
2.766825682915017524e+02 2.711040531310873505e-09 6.222009605391423418e-09 5.058792664064496935e-14 2.058687514902990579e-09 5.718398082438913240e-09 5.054700250357636392e-14
3.689621347227101182e+02 1.104349997777422787e-09 2.706855196389124207e-09 3.250499603859269440e-14 8.420488858268180996e-10 2.439509147084538366e-09 3.247208111700255288e-14
4.920189143094656856e+02 4.379363150865325150e-10 1.164113145760209252e-09 2.023032628523104453e-14 3.351321208252605644e-10 1.023524473158793747e-09 2.020589239327483557e-14
6.561177672614023777e+02 1.690262530063889479e-10 4.951136232591950684e-10 1.220356737647513686e-14 1.297348642456467835e-10 4.225862180804915616e-10 1.218679125857609023e-14
8.749471046662279150e+02 6.352959627121160943e-11 2.083826928324475414e-10 7.126798155283854338e-15 4.886503522692232335e-11 1.717956336100436823e-10 7.116138478699128904e-15
1.166760716081661940e+03 2.328680282767040045e-11 8.691807589179360537e-11 4.012179401070136910e-15 1.792850966382669927e-11 6.887544215568452050e-11 4.005763488407233031e-15
1.555900421101123356e+03 8.344602390437668909e-12 3.599021700817349359e-11 2.166820041711564258e-15 6.421753620851630914e-12 2.727856716537585954e-11 2.163227858209541573e-15
2.074826557850288737e+03 2.933558736968010533e-12 1.480386491051069151e-11 1.122226612134386945e-15 2.253861781743473284e-12 1.069899275573145147e-11 1.120330818949496271e-15
2.766825682915017296e+03 1.016554682241356397e-12 6.066972831139463311e-12 5.614072993824342039e-16 7.787668159408713187e-13 4.163733528730781751e-12 5.604528501010833004e-16
3.689621347227101069e+03 3.494791794065779451e-13 2.483156763688761779e-12 2.748589178414101655e-16 2.664381989032142905e-13 1.612593684906730221e-12 2.743884518166383843e-16
4.920189143094656174e+03 1.200887412294102574e-13 1.016816920539242497e-12 1.333093581221395489e-16 9.086769189442309187e-14 6.240457874530221020e-13 1.330802649943456044e-16
6.561177672614025141e+03 4.150961682093814573e-14 4.168247699315449196e-13 6.441210531740682429e-17 3.108205949058212110e-14 2.421599284064012595e-13 6.430134160048894993e-17
8.749471046662278241e+03 1.450263987554537755e-14 1.708838567879869860e-13 3.103915233905857618e-17 1.071227358867111033e-14 9.429052154828746872e-14 3.098581406546746764e-17
1.166760716081662031e+04 5.134206990475493808e-15 6.999401274132591139e-14 1.492010491754021890e-17 3.730844587022244594e-15 3.679139369275065088e-14 1.489447787013719887e-17
1.555900421101123356e+04 1.840832943147658589e-15 2.857316648421407864e-14 7.155460529079765881e-18 1.314198797194768768e-15 1.436983759168358897e-14 7.143195647979229929e-18
2.074826557850289100e+04 6.670861343767095253e-16 1.155956398947777852e-14 3.424459957377954333e-18 4.679756309706559338e-16 5.600705730239320901e-15 3.418582508184896162e-18
2.766825682915017387e+04 2.438148412588358612e-16 4.608926637110750732e-15 1.635779670088540966e-18 1.682753555890630402e-16 2.167959592671866270e-15 1.632963502805016431e-18
3.689621347227100341e+04 8.968756090819956552e-17 1.809603556155777281e-15 7.800550784621879553e-19 6.107481460803557117e-17 8.312283947350435056e-16 7.787097484888219602e-19
4.920189143094656174e+04 3.319286876220924746e-17 6.970577735922917534e-16 3.714325271574697535e-19 2.238772120480185614e-17 3.144310406803246626e-16 3.707917978236968326e-19
6.561177672614024777e+04 1.238012766015780173e-17 2.632050154101377595e-16 1.766297884319894146e-19 8.308566920701237929e-18 1.170887825733030683e-16 1.763247803084970033e-19
8.749471046662278241e+04 4.663234592594258273e-18 9.758670817109864027e-17 8.389389893491173054e-20 3.128404403571277259e-18 4.301437594325686286e-17 8.374900698691059022e-20
1.166760716081661958e+05 1.781545507626791442e-18 3.553953166906066074e-17 3.980302491020380741e-20 1.199082297854773129e-18 1.560851048053823762e-17 3.973423362021198578e-20
1.555900421101123211e+05 6.932666883558743014e-19 1.275516278280351176e-17 1.886465891987691831e-20 4.692619111314850914e-19 5.601290205749185853e-18 1.883200944910194798e-20
2.074826557850289100e+05 2.755887593315386894e-19 4.537321663264276908e-18 8.932239541349539063e-21 1.879757490635464406e-19 1.994746581837522591e-18 8.916760791762358962e-21
2.766825682915017242e+05 1.121877694498455632e-19 1.601396537121227302e-18 4.225637642619602622e-21 7.718481886336661644e-20 7.070166779184157245e-19 4.218304350046368049e-21
3.689621347227101214e+05 4.683475555651687953e-20 5.619402643674627744e-19 1.997473608036509387e-21 3.247326260641617974e-20 2.505107596770888777e-19 1.994004471820368363e-21
4.920189143094656756e+05 2.000472413612583182e-20 1.981179701087183411e-19 9.435349847375345596e-22 1.395843078104732373e-20 8.944661332053545068e-20 9.418958851092336264e-22
6.561177672614024486e+05 8.709269665576927605e-21 7.037895824254900271e-20 4.453792873600495285e-22 6.106595442850256331e-21 3.222537656665333657e-20 4.446048995244284124e-22
8.749471046662279405e+05 3.852494903467642961e-21 2.516645209890356265e-20 2.100803526397011206e-22 2.710843047643954988e-21 1.171798573125507261e-20 2.097148859743219463e-22
1.166760716081662104e+06 1.726987468883402221e-21 9.058788501642930802e-21 9.901510701528441672e-23 1.217733110001299253e-21 4.321360192444162894e-21 9.884268778707455850e-23
1.555900421101123560e+06 7.823685367241047628e-22 3.297333658663769321e-21 4.662712085506599823e-23 5.520886049278123583e-22 1.619400179731822150e-21 4.654582864302535174e-23
2.074826557850289159e+06 3.572713549796114304e-22 1.218854805806152365e-21 2.193501034191560276e-23 2.520659617496099122e-22 6.180585320202163082e-22 2.189671032109690704e-23
2.766825682915017474e+06 1.641061690202756050e-22 4.585589935827223472e-22 1.030674935951189749e-23 1.156800988790075460e-22 2.407953161554712228e-22 1.028872138172595385e-23
3.689621347227101214e+06 7.569182041844615365e-23 1.761001184862163662e-22 4.836109202529609694e-24 5.328428103705772428e-23 9.591581285254504987e-23 4.827636414951256798e-24
4.920189143094656989e+06 3.500444978746340267e-23 6.917622269579553753e-23 2.265459192021216485e-24 2.460146534352494865e-23 3.906778332443434831e-23 2.261482463900920859e-24
6.561177672614024952e+06 1.621187516384870380e-23 2.781356627328376168e-23 1.059258514591660558e-24 1.137350619658454232e-23 1.624747846423277528e-23 1.057395450358045945e-24
8.749471046662278473e+06 7.512699487765587234e-24 1.142980884032960999e-23 4.942633425447489300e-25 5.260653643437037424e-24 6.889290237691907415e-24 4.933920593355858947e-25
1.166760716081662104e+07 3.480849635158966584e-24 4.793171360755708781e-24 2.301230658145863977e-25 2.432542868564847137e-24 2.971064622123169136e-24 2.297164632303785805e-25
1.555900421101123467e+07 1.611330132775848987e-24 2.047287293574331179e-24 1.068776636979821125e-25 1.123586318558650398e-24 1.299191861041719192e-24 1.066883858690509068e-25
2.074826557850288972e+07 7.447578473096846501e-25 8.877008770598911031e-25 4.949325039273257850e-26 5.180454329167849018e-25 5.738343014173897720e-25 4.940537536617245505e-26
2.766825682915017009e+07 3.435256784028681737e-25 3.894689260134097210e-25 2.284185125334912340e-26 2.382914247237296476e-25 2.553434490923373769e-25 2.280118466094617776e-26
3.689621347227101028e+07 1.580804409374525001e-25 1.724276451218733942e-25 1.050255488633789131e-26 1.093143405525691019e-25 1.142148788913950113e-25 1.048379746155458919e-26
4.920189143094656616e+07 7.255004472276308026e-26 7.683342969251817466e-26 4.809546694218497982e-27 4.998931149816570979e-26 5.123225043114793398e-26 4.800922856403371352e-27
6.561177672614024580e+07 3.318807442610367283e-26 3.436181447222241125e-26 2.192029602561569179e-27 2.276678988490379677e-26 2.299640922453794340e-26 2.188079273614742930e-27
8.749471046662279963e+07 1.511798718481405099e-26 1.538760306482686022e-26 9.929982971926538454e-28 1.031254680128035872e-26 1.030318507330254263e-26 9.911977769386141893e-28
1.166760716081662029e+08 6.849062358655716210e-27 6.882105955824303451e-27 4.463118471226356283e-28 4.638471109877167607e-27 4.595979377790346205e-27 4.454967265862710534e-28
1.555900421101123393e+08 3.081377215056389433e-27 3.066208316018887097e-27 1.985824862029976698e-28 2.067813247936174838e-27 2.036086212663089391e-27 1.982167247987678487e-28
2.074826557850289047e+08 1.374284660534496313e-27 1.357418222228415529e-27 8.722827485226021543e-29 9.116406333252581914e-28 8.934262748129207760e-28 8.706605154810771038e-29
2.766825682915017605e+08 6.063724659999495295e-28 5.955390763045323408e-28 3.770999074417234330e-29 3.964656135289800718e-28 3.871620255955930083e-28 3.763912916481476213e-29
3.689621347227101326e+08 2.640490707584816759e-28 2.582049389080416184e-28 1.598146318341786756e-29 1.695746028820590936e-28 1.651505596949650100e-28 1.595111024967916508e-29
4.920189143094656467e+08 1.131527293104208241e-28 1.102688712414545917e-28 6.607173832118050009e-30 7.108350548811452758e-29 6.909020553041295002e-29 6.594490129489640494e-30
6.561177672614024878e+08 4.756100633925459213e-29 4.622123924042968391e-29 2.648848297512802263e-30 2.908995523692073671e-29 2.823291915878528795e-29 2.643711447912147179e-30
8.749471046662279367e+08 1.954554782449206398e-29 1.895158000222101942e-29 1.022805808733325058e-30 1.158234566439161047e-29 1.122978896526467917e-29 1.020805306174103035e-30
1.166760716081662178e+09 7.830691352049554454e-30 7.577185007649696289e-30 3.781372142383226549e-31 4.473830861871086422e-30 4.334569067718613019e-30 3.773918599178948085e-31
1.555900421101123333e+09 3.047210647819394430e-30 2.942862036780749943e-30 1.329821869985809713e-31 1.669102492658848947e-30 1.616429010269209437e-30 1.327184010860134848e-31
2.074826557850289106e+09 1.146136339654347450e-30 1.104694763269848795e-30 4.416748811527839383e-32 5.981486954215805228e-31 5.791535290486690404e-31 4.407947116042938128e-32
2.766825682915017128e+09 4.141065528291551529e-31 3.982728936277212704e-31 1.375488108929774788e-32 2.044161318900273263e-31 1.979307910958942208e-31 1.372740251215422378e-32
3.689621347227100849e+09 1.425789751373869895e-31 1.367864313554610645e-31 3.986559789388378039e-33 6.595718550778945097e-32 6.388429091208007570e-32 3.978603257058896864e-33
4.920189143094656944e+09 4.628917891435544633e-32 4.427593389804694161e-32 1.065704595930336094e-33 1.980932905353159807e-32 1.920130224109507245e-32 1.063592858533919671e-33
6.561177672614025116e+09 1.397057677210897806e-32 1.331330140091671051e-32 2.594077753525982435e-34 5.424435324273825991e-33 5.266266030505228372e-33 2.589026578409190690e-34
8.749471046662279129e+09 3.844638181731943559e-33 3.646128439735632988e-33 5.629041639213100832e-35 1.313446839749310597e-33 1.279253282824898817e-33 5.618425882480134056e-35
1.166760716081661987e+10 9.394507624551839631e-34 8.851797663611078680e-34 1.051866973181299198e-35 2.684826170725200878e-34 2.632485191959055752e-34 1.049984994078387942e-35
1.555900421101123428e+10 1.964815554730159908e-34 1.834823287059347685e-34 1.604429214666880565e-36 4.306943762373196599e-35 4.285949492366772251e-35 1.601806145723998816e-36
2.074826557850289154e+10 3.339853697022210282e-35 3.081744044491120301e-35 1.833269306561979067e-37 4.792517528232049028e-36 4.946605808407610457e-36 1.830740348897724459e-37
2.766825682915017319e+10 4.273448732154580655e-36 3.897711932035921515e-36 1.349978146614454854e-38 2.915310899043831197e-37 3.364442779364016787e-37 1.348671774212112707e-38
3.689621347227101135e+10 3.626981964197001766e-37 3.379469475608114275e-37 4.620441221685031903e-40 5.379866853298687729e-39 1.057167055703807024e-38 4.618526843275539200e-40
4.920189143094656372e+10 1.612885004361413048e-38 1.996319708908452292e-38 0.000000000000000000e+00 3.829225144822808945e-41 3.389781996961673808e-40 0.000000000000000000e+00
6.561177672614024353e+10 2.548901859183387023e-40 1.222110106514508665e-39 0.000000000000000000e+00 1.514934572865400586e-42 1.737596874918148369e-41 0.000000000000000000e+00
8.749471046662280273e+10 1.961239083343663590e-44 3.942228591147939653e-41 0.000000000000000000e+00 1.035616937110675739e-44 3.307931222440515237e-43 0.000000000000000000e+00
