1.166760716081661986e+00 9.495337388283379369e-04 1.764810956263987386e-03 5.401790514204194455e-13 8.153398428119021856e-04 1.765905964548719663e-03 5.432027202475632452e-13
1.555900421101123365e+00 6.412899965580658515e-04 1.203917495728752847e-03 5.815930345019036459e-13 5.472716653515802537e-04 1.202265665533267707e-03 5.831040096862876954e-13
2.074826557850288911e+00 4.225192457829260190e-04 7.964279630197867955e-04 6.059016245160141216e-13 3.570776740272145456e-04 7.960155481393912588e-04 6.069669248785592734e-13
2.766825682915017293e+00 2.696716807423756913e-04 5.090545377532354910e-04 6.065342221222532467e-13 2.251830482294462092e-04 5.095641895843088659e-04 6.065824615398750790e-13
3.689621347227101111e+00 1.660701252662017768e-04 3.134625389004879565e-04 6.061894974055969601e-13 1.367196038356083222e-04 3.142258900797691742e-04 6.065551208447520033e-13
4.920189143094656714e+00 9.852725378524226560e-05 1.854379195153076120e-04 6.062501287418860370e-13 7.975518346635305600e-05 1.862810084856715304e-04 6.062932092086489193e-13
6.561177672614024736e+00 5.619440320019329627e-05 1.051634880840365621e-04 6.059876623641969660e-13 4.461996068446900872e-05 1.059666048442378135e-04 6.060701490073009176e-13
8.749471046662279150e+00 3.071874034093832078e-05 5.700263803606154612e-05 6.053536024876168477e-13 2.389953785789596355e-05 5.771175579363781530e-05 6.059459497524831074e-13
1.166760716081661897e+01 1.605218193842237778e-05 2.948058973240408372e-05 6.012400094292159500e-13 1.225218766184777771e-05 3.005296631975572236e-05 6.020507640927340282e-13
1.555900421101123499e+01 8.019426711014473091e-06 1.462513889747146438e-05 5.939459324442953061e-13 6.028874735737755887e-06 1.498948369745387737e-05 5.947210934880583347e-13
2.074826557850288822e+01 3.853814540344293556e-06 7.049912307480840176e-06 5.651288107436407585e-13 2.869739406667310591e-06 7.212396097750920437e-06 5.658018778844411418e-13
2.766825682915017381e+01 1.803833051986952549e-06 3.340723677775302667e-06 4.932259332113397276e-13 1.337075943975605090e-06 3.385560496012982569e-06 4.937633234186674626e-13
3.689621347227100756e+01 8.327401813769657124e-07 1.568474056453232095e-06 4.128034877850832359e-13 6.165745477126289869e-07 1.567265489292317713e-06 4.131709806709414174e-13
4.920189143094656714e+01 3.816452689076743321e-07 7.296340638030331566e-07 3.372973846737739025e-13 2.828792894030421695e-07 7.203089609164979161e-07 3.375078396507324051e-13
6.561177672614024914e+01 1.736754079332120041e-07 3.367867698832849707e-07 2.699267578587817129e-13 1.290342465752124329e-07 3.292881173299515247e-07 2.700196525689284857e-13
8.749471046662279150e+01 7.824266261608333873e-08 1.545744250671454116e-07 2.097510110292673867e-13 5.833206825513684312e-08 1.495692233930345065e-07 2.097607707312633630e-13
1.166760716081661968e+02 3.478549224861892838e-08 7.037329723079907056e-08 1.556926617198411147e-13 2.604271822119222817e-08 6.738052634303915938e-08 1.556632300235270398e-13
1.555900421101123356e+02 1.520806259919068288e-08 3.173906603468451528e-08 1.108715175500398264e-13 1.144041260676420266e-08 3.004119015591422660e-08 1.108282834371967664e-13
2.074826557850288964e+02 6.515546959488249419e-09 1.415834044534878190e-08 7.615917137149958348e-14 4.925375151396871387e-09 1.322635197303482539e-08 7.611265738243479217e-14
2.766825682915017524e+02 2.727096260817735564e-09 6.238611347320464877e-09 5.057049419683209110e-14 2.070846206255856304e-09 5.739227208360440780e-09 5.052958688977688223e-14
3.689621347227101182e+02 1.112438175274591056e-09 2.715855491390152021e-09 3.249409492374955383e-14 8.482124893304540985e-10 2.450634545405192899e-09 3.246119300546611294e-14
4.920189143094656856e+02 4.417291965400535659e-10 1.168681792680384117e-09 2.022374923981111658e-14 3.380400435971536352e-10 1.029064634730934928e-09 2.019932465688914613e-14
6.561177672614023777e+02 1.707002520843487502e-10 4.973176519425767695e-10 1.219974005590776877e-14 1.310256836682352289e-10 4.251962724045867127e-10 1.218297008920439751e-14
8.749471046662279150e+02 6.423116214240474477e-11 2.094057479208030964e-10 7.124656957857240636e-15 4.940887315879642390e-11 1.729732594079117362e-10 7.114001026291015682e-15
1.166760716081661940e+03 2.356786746789404677e-11 8.737895613851546931e-11 4.011037750036031423e-15 1.814737257817840225e-11 6.938896677436826129e-11 4.004623970197340709e-15
1.555900421101123356e+03 8.452748180150699852e-12 3.619254123908909827e-11 2.166246825405812362e-15 6.506264765319956965e-12 2.749615709446801981e-11 2.162655752979884892e-15
2.074826557850288737e+03 2.973658491005467045e-12 1.489056808622294960e-11 1.121957893275313380e-15 2.285292843970061219e-12 1.078882585628264982e-11 1.120062633095661987e-15
2.766825682915017296e+03 1.030930638110356596e-12 6.103320838424770928e-12 5.612896232691510817e-16 7.900695598111788731e-13 4.199893617721238601e-12 5.603354104522374775e-16
3.689621347227101069e+03 3.544875029264330419e-13 2.498110299923219541e-12 2.748102286248782105e-16 2.703869210260571887e-13 1.626813232480240986e-12 2.743398619598113845e-16
4.920189143094656174e+03 1.217969076208150327e-13 1.022896323112349116e-12 1.332900386302483610e-16 9.221678927863861018e-14 6.295383467349554711e-13 1.330609857151086049e-16
6.561177672614025141e+03 4.208518454460420838e-14 4.192946896040785371e-13 6.440471943936974041e-17 3.153675284543846528e-14 2.442607569258304344e-13 6.429397147827846628e-17
8.749471046662278241e+03 1.469623099602825573e-14 1.718991814126034545e-13 3.103645848332530384e-17 1.086486309394890579e-14 9.509417206768871645e-14 3.098312615720122991e-17
1.166760716081662031e+04 5.199846896721543030e-15 7.042072114797079965e-14 1.491919066462925195e-17 3.782244817653777412e-15 3.710201249813291288e-14 1.489356575370635050e-17
1.555900421101123356e+04 1.863422825656053114e-15 2.875711614033939367e-14 7.155188382269727222e-18 1.331672171090024536e-15 1.449206091526729338e-14 7.142924209739283513e-18
2.074826557850289100e+04 6.749959140038781874e-16 1.164028387653083821e-14 3.424401981863595752e-18 4.739820616593283731e-16 5.649725839813184684e-15 3.418524735530764316e-18
2.766825682915017387e+04 2.466261011340917186e-16 4.644475966165988507e-15 1.635783224538830083e-18 1.703603714218170148e-16 2.187867773288577900e-15 1.632967094599301526e-18
3.689621347227100341e+04 9.069577374782433027e-17 1.825099733143067640e-15 7.800702084919759032e-19 6.180325433063380369e-17 8.393392393417177476e-16 7.787248703400625027e-19
4.920189143094656174e+04 3.355530771833076851e-17 7.036553975389975556e-16 3.714454543722569663e-19 2.264286467047839551e-17 3.177040921777652278e-16 3.708047097711785716e-19
6.561177672614024777e+04 1.251002919167253876e-17 2.659285696664496169e-16 1.766383287842951788e-19 8.397902186611556386e-18 1.183855015382319843e-16 1.763333084569982468e-19
8.749471046662278241e+04 4.709454996849617598e-18 9.867432479715167258e-17 8.389893213145277192e-20 3.159580447123082245e-18 4.351690994042472952e-17 8.375403229809389820e-20
1.166760716081661958e+05 1.797857133942425742e-18 3.595963612243765456e-17 3.980579573081533774e-20 1.209918162078247903e-18 1.579875787393328654e-17 3.973699984123164219e-20
1.555900421101123211e+05 6.989798150948521486e-19 1.291273185029111952e-17 1.886611272252405778e-20 4.730138093529643189e-19 5.671683095909098959e-18 1.883346073609367047e-20
2.074826557850289100e+05 2.775765348373123392e-19 4.595098589184074405e-18 8.932973890447885881e-21 1.892722392860461046e-19 2.020284312838018040e-18 8.917493831163192997e-21
2.766825682915017242e+05 1.128768671307797330e-19 1.622156651934959110e-18 4.225996524260808432e-21 7.763349878478102512e-20 7.161287252565958878e-19 4.218662578279338587e-21
3.689621347227101214e+05 4.707412918703156323e-20 5.692728868743300062e-19 1.997644165466422776e-21 3.262944310188503379e-20 2.537220103683373045e-19 1.994174714253070342e-21
4.920189143094656756e+05 2.008817625671783387e-20 2.006925543746778975e-19 9.436140174258104832e-22 1.401319044221721526e-20 9.057356387455058682e-20 9.419747712488603584e-22
6.561177672614024486e+05 8.738414445823310994e-21 7.128044454380008725e-20 4.454152280632676695e-22 6.125910078837547311e-21 3.261947469092370459e-20 4.446407738008207718e-22
8.749471046662279405e+05 3.862691039711063632e-21 2.548065547434879076e-20 2.100965326271204252e-22 2.717703163315299155e-21 1.185514251652975941e-20 2.097310364558280917e-22
1.166760716081662104e+06 1.730570498822840581e-21 9.167606663345824291e-21 9.902239511735844576e-23 1.220189787586182435e-21 4.369022186268859871e-21 9.884996292218529782e-23
1.555900421101123560e+06 7.836353698967727952e-22 3.334881621360534527e-21 4.663045009825503252e-23 5.529758675940847260e-22 1.635934744413965342e-21 4.654915218210295186e-23
2.074826557850289159e+06 3.577223971765091265e-22 1.231791522001662162e-21 2.193657601467709141e-23 2.523891803443073276e-22 6.237851495726970901e-22 2.189827344360925744e-23
2.766825682915017474e+06 1.642681170588393190e-22 4.630083116877056534e-22 1.030751766371258280e-23 1.157988942943234391e-22 2.427766915391273573e-22 1.028948850710210403e-23
3.689621347227101214e+06 7.575066262807285510e-23 1.776293464414217886e-22 4.836505698908774406e-24 5.332844522214926529e-23 9.660141135183835139e-23 4.828032339403312089e-24
4.920189143094656989e+06 3.502617994802630959e-23 6.970214155682282065e-23 2.265674297314460365e-24 2.461813613341816994e-23 3.930521414625750686e-23 2.261697275283814550e-24
6.561177672614024952e+06 1.622009392240454102e-23 2.799474657211151255e-23 1.059380264270705052e-24 1.137994902140599532e-23 1.632975495408472493e-23 1.057517040254860376e-24
8.749471046662278473e+06 7.515927208705014250e-24 1.149230061960074894e-23 4.943344480917554708e-25 5.263238912787875975e-24 6.917906033250167737e-24 4.934630737937123409e-25
1.166760716081662104e+07 3.482188232309466544e-24 4.814786758546731983e-24 2.301654514054047168e-25 2.433637378232665625e-24 2.981094844872462387e-24 2.297587950635227677e-25
1.555900421101123467e+07 1.611924445847254366e-24 2.054821331183625382e-24 1.069032191699840285e-25 1.124081235835541295e-24 1.302757485942283842e-24 1.067139088879804259e-25
2.074826557850288972e+07 7.450421016973332241e-25 8.903591713091800879e-25 4.950873043457947543e-26 5.182856692499678660e-25 5.751266454979415009e-25 4.942083554848097579e-26
2.766825682915017009e+07 3.436712693281089036e-25 3.904255811883820081e-25 2.285122700807844252e-26 2.384157361808401519e-25 2.558272729556183385e-25 2.281054817892202291e-26
3.689621347227101028e+07 1.581590537855569170e-25 1.727830675091065330e-25 1.050821390863487873e-26 1.093818454075060796e-25 1.144049770323656460e-25 1.048944892340473974e-26
4.920189143094656616e+07 7.259397620914871906e-26 7.697173604994926070e-26 4.812941982747077419e-27 5.002710778317224962e-26 5.131157942867601390e-26 4.804313475311630889e-27
6.561177672614024580e+07 3.321307119935129227e-26 3.441880655336526090e-26 2.194049617098834066e-27 2.278826854387596458e-26 2.303185734836128930e-26 2.190096413781827389e-27
8.749471046662279963e+07 1.513228353181072008e-26 1.541268150008431743e-26 9.941869628796797031e-28 1.032478323242009785e-26 1.032005241194250523e-26 9.923846857028350376e-28
1.166760716081662029e+08 6.857203590361513492e-27 6.893842369442784201e-27 4.470017400797559004e-28 4.645395661390728274e-27 4.604396344418741013e-27 4.461855578823345658e-28
1.555900421101123393e+08 3.085960959830553807e-27 3.071966359074118307e-27 1.989761803050073634e-28 2.071678019464370354e-27 2.040409010045681603e-27 1.986097873865468238e-28
2.074826557850289047e+08 1.376822170467658212e-27 1.360325757245155161e-27 8.744840168045518532e-29 9.137556128888777830e-28 8.956692287161307792e-28 8.728581038489444738e-29
2.766825682915017605e+08 6.077471477908350612e-28 5.970230476460146206e-28 3.783013120082238191e-29 3.975945416561648002e-28 3.883196382111225095e-28 3.775906065656936724e-29
3.689621347227101326e+08 2.647747588664667988e-28 2.589591630969130395e-28 1.604517629826196506e-29 1.701594669228935849e-28 1.657376608839845219e-28 1.601470837402289552e-29
4.920189143094656467e+08 1.135245373188064060e-28 1.106460348951418324e-28 6.639829728220340744e-30 7.137617272002900362e-29 6.938004767885087026e-29 6.627085076732753832e-30
6.561177672614024878e+08 4.774521795462205422e-29 4.640521634290821820e-29 2.664921300073952038e-30 2.923076398543420684e-29 2.837116106535305051e-29 2.659753561031088493e-30
8.749471046662279367e+08 1.963353551519822363e-29 1.903856794941818048e-29 1.030346448651301616e-30 1.164722986720514591e-29 1.129313224484701546e-29 1.028331101798439621e-30
1.166760716081662178e+09 7.871098678582151887e-30 7.616858504393039492e-30 3.814833455934304641e-31 4.502368455785694485e-30 4.362326863561191344e-30 3.807312770067843403e-31
1.555900421101123333e+09 3.064990820407064946e-30 2.960234068271384536e-30 1.343744147937320839e-31 1.681031937164783934e-30 1.628005510484079258e-30 1.341077964035146481e-31
2.074826557850289106e+09 1.153599246207256584e-30 1.111958853673246234e-30 4.470567441598997119e-32 6.028641688193062484e-31 5.837231967823239727e-31 4.461655334008362544e-32
2.766825682915017128e+09 4.170770272444569849e-31 4.011548195534052868e-31 1.394648453564392112e-32 2.061670192409651962e-31 1.996264028535816637e-31 1.391861181206704234e-32
3.689621347227100849e+09 1.436915430073267096e-31 1.378623703661374601e-31 4.048859772080014089e-33 6.656236287207596188e-32 6.447030792114465964e-32 4.040775532845620469e-33
4.920189143094656944e+09 4.667730024455565159e-32 4.464996464847889623e-32 1.084038605393543916e-33 2.000153715506620468e-32 1.938752808736013915e-32 1.081889701877287935e-33
6.561177672614025116e+09 1.409497788598449766e-32 1.343269830583086027e-32 2.642319001869705180e-34 5.479468276208114132e-33 5.319666953929628531e-33 2.637172070584743000e-34
8.749471046662279129e+09 3.880602557834775309e-33 3.680473412905885515e-33 5.740350522712536533e-35 1.327247167711779504e-33 1.292687919021022995e-33 5.729521267029062781e-35
1.166760716081661987e+10 9.485940003072167117e-34 8.938551966407780062e-34 1.073684239726538487e-35 2.713813244101790153e-34 2.660897867378409841e-34 1.071762620812062816e-35
1.555900421101123428e+10 1.984548571133892330e-34 1.853388245339781166e-34 1.638960182300797382e-36 4.354430831912008688e-35 4.333207863555875266e-35 1.636279865613887669e-36
2.074826557850289154e+10 3.374243067157436066e-35 3.113752701610059410e-35 1.873859642142671041e-37 4.846220040220930166e-36 5.002099723486220744e-36 1.871273987057404515e-37
2.766825682915017319e+10 4.318357945082613735e-36 3.939169534356957023e-36 1.380523030659514800e-38 2.948384279855190353e-37 3.402823682553201562e-37 1.379186798713978585e-38
3.689621347227101135e+10 3.665784517397550579e-37 3.416440664336398874e-37 4.726773240042123363e-40 5.441470599759241867e-39 1.069665079061610793e-38 4.724814748263496938e-40
4.920189143094656372e+10 1.630419603226925040e-38 2.019221522337644768e-38 0.000000000000000000e+00 3.876194727854456299e-41 3.433565380750341526e-40 0.000000000000000000e+00
6.561177672614024353e+10 2.577086774270179866e-40 1.236807849590732162e-39 0.000000000000000000e+00 1.533441615382239400e-42 1.760739340849905783e-41 0.000000000000000000e+00
8.749471046662280273e+10 1.985050204077016239e-44 3.990044773070985067e-41 0.000000000000000000e+00 1.048218622927747779e-44 3.354158620584262584e-43 0.000000000000000000e+00
