1.166760716081661986e+00 9.495385174909627213e-04 1.764831106135779761e-03 5.403409154170361930e-13 8.153450961429310534e-04 1.765925298812640216e-03 5.433655242840593044e-13
1.555900421101123365e+00 6.412910568980498532e-04 1.203928750989084230e-03 5.817673134306838258e-13 5.472733467853026527e-04 1.202276405747051578e-03 5.832787228080862709e-13
2.074826557850288911e+00 4.225182598752071647e-04 7.964335611890867739e-04 6.060831940428404194e-13 3.570774028462599006e-04 7.960207090543525979e-04 6.071488045995880882e-13
2.766825682915017293e+00 2.696698651850663810e-04 5.090567682463014538e-04 6.067160043394571228e-13 2.251819247907333561e-04 5.095660391501878996e-04 6.067642183376335448e-13
3.689621347227101111e+00 1.660682161118939067e-04 3.134629878660027329e-04 6.063711612522697727e-13 1.367182951961400485e-04 3.142260386736251440e-04 6.067368759908591894e-13
4.920189143094656714e+00 9.852559003766190042e-05 1.854375729659270028e-04 6.064318085789376215e-13 7.975401578647233120e-05 1.862804322210718253e-04 6.064748819510865917e-13
6.561177672614024736e+00 5.619309847343035349e-05 1.051629037450467827e-04 6.061692453251334366e-13 4.461905334091046554e-05 1.059658384689318782e-04 6.062517689984615269e-13
8.749471046662279150e+00 3.071779572646537516e-05 5.700209377063087540e-05 6.055349954380621714e-13 2.389889962314848489e-05 5.771106047620654539e-05 6.061275360029218929e-13
1.166760716081661897e+01 1.605154385329062136e-05 2.948018770092837362e-05 6.014200586354472281e-13 1.225177316458285672e-05 3.005243838060810648e-05 6.022310702791015847e-13
1.555900421101123499e+01 8.019018471018126917e-06 1.462487957875397259e-05 5.941236429974311191e-13 6.028619219228059935e-06 1.498912686279874235e-05 5.948990411062004782e-13
2.074826557850288822e+01 3.853556198714333772e-06 7.049752039968516124e-06 5.652971714143604720e-13 2.869580657020262350e-06 7.212167798184380895e-06 5.659704398773229479e-13
2.766825682915017381e+01 1.803658557265935416e-06 3.340616005704287328e-06 4.933710976171330504e-13 1.336967026464247640e-06 3.385407451809589270e-06 4.939086439086207554e-13
3.689621347227100756e+01 8.326076361514791800e-07 1.568389392981029055e-06 4.129234317494200723e-13 6.164879599340664210e-07 1.567148854440289181e-06 4.132910259659558971e-13
4.920189143094656714e+01 3.815352979868512997e-07 7.295598207963736123e-07 3.373942896234198786e-13 2.828038395607012092e-07 7.202096268964423725e-07 3.376047993672637197e-13
6.561177672614024914e+01 1.735828669329613596e-07 3.367199505860439818e-07 2.700035345803714485e-13 1.289684284294497653e-07 3.292003928315102767e-07 2.700964494946413160e-13
8.749471046662279150e+01 7.816841072051664589e-08 1.545168653178075491e-07 2.098100223933398305e-13 5.827802681342902850e-08 1.494944708735924720e-07 2.098197789431131618e-13
1.166760716081661968e+02 3.473069534956106797e-08 7.032763349346691442e-08 1.557358031414119939e-13 2.600224659714454873e-08 6.732164882691327361e-08 1.557063585014335520e-13
1.555900421101123356e+02 1.517147496201801350e-08 3.170628656313038448e-08 1.109016714111264681e-13 1.141311077895187144e-08 2.999922665118301033e-08 1.108584218397562489e-13
2.074826557850288964e+02 6.493487847643989249e-09 1.413711140646515788e-08 7.617944891733550709e-14 4.908782801040425027e-09 1.319941211513824094e-08 7.613291976032367696e-14
2.766825682915017524e+02 2.715003404459389496e-09 6.226114292555391697e-09 5.058364034969146075e-14 2.061688596855894877e-09 5.723546897087589701e-09 5.054272035229349253e-14
3.689621347227101182e+02 1.106342267822101800e-09 2.709076156995951509e-09 3.250231583035633313e-14 8.435671375630619040e-10 2.442253607455860103e-09 3.246940410688083241e-14
4.920189143094656856e+02 4.388690425690843464e-10 1.165238904280601417e-09 2.022870932257610242e-14 3.358472465861873399e-10 1.024888986486307377e-09 2.020427771994075480e-14
6.561177672614023777e+02 1.694373815323834125e-10 4.956561762943405243e-10 1.220262650149240324e-14 1.300518970594330134e-10 4.232283292106147179e-10 1.218585189618180460e-14
8.749471046662279150e+02 6.370172211987445462e-11 2.086343686451408512e-10 7.126271828096175118e-15 4.899846860474433977e-11 1.720851192649344767e-10 7.115613072320055611e-15
1.166760716081661940e+03 2.335570394718886929e-11 8.703140599618119746e-11 4.011898803906381409e-15 1.798216453607075952e-11 6.900160939483703519e-11 4.005483415583539279e-15
1.555900421101123356e+03 8.371095561763243403e-12 3.603995274476762956e-11 2.166679177667620011e-15 6.442457599342161417e-12 2.733200522477450044e-11 2.163087267270305309e-15
2.074826557850288737e+03 2.943376611945555122e-12 1.482517269667196227e-11 1.122160590875093429e-15 2.261557492035059786e-12 1.072104760030357213e-11 1.120264928675415849e-15
2.766825682915017296e+03 1.020072790943614997e-12 6.075903518300815686e-12 5.613783963907968367e-16 7.815329224408571454e-13 4.172608563944219289e-12 5.604240052038901845e-16
3.689621347227101069e+03 3.507044070461081556e-13 2.486830345611668331e-12 2.748469637676237182e-16 2.674042312259927494e-13 1.616082890596194555e-12 2.743765221449719844e-16
4.920189143094656174e+03 1.205065509260203261e-13 1.018310473821034580e-12 1.333046172246077691e-16 9.119767934941806222e-14 6.253934022330616765e-13 1.330755339688144849e-16
6.561177672614025141e+03 4.165040152685175693e-14 4.174317189570868697e-13 6.441029407610997483e-17 3.119327619501945508e-14 2.426754004722116351e-13 6.429953422525477656e-17
8.749471046662278241e+03 1.455000351234465191e-14 1.711334736088810890e-13 3.103849237599809297e-17 1.074960276956037617e-14 9.448775854509962557e-14 3.098515556076772426e-17
1.166760716081662031e+04 5.150272813552688981e-15 7.009897771068246745e-14 1.491988130934164613e-17 3.743422809949399190e-15 3.686765832586830189e-14 1.489425478527296889e-17
1.555900421101123356e+04 1.846364725234676482e-15 2.861843820434311393e-14 7.155394197246341166e-18 1.318476312098588081e-15 1.439986028569476519e-14 7.143129489391898131e-18
2.074826557850289100e+04 6.690240210158075483e-16 1.157943513928033675e-14 3.424445987571848049e-18 4.694465586882956888e-16 5.612751585994136764e-15 3.418568587775200558e-18
2.766825682915017387e+04 2.445038702046290619e-16 4.617677611047235100e-15 1.635780682795875362e-18 1.687861188016567924e-16 2.172852666303365956e-15 1.632964524454962597e-18
3.689621347227100341e+04 8.993473441002807380e-17 1.813416984497085338e-15 7.800588657174160874e-19 6.125330011798556891e-17 8.332218390584410865e-16 7.787135336146426641e-19
4.920189143094656174e+04 3.328173562915420046e-17 6.986805763775199966e-16 3.714357378353449211e-19 2.245024660698301465e-17 3.152352969882421460e-16 3.707950046894669166e-19
6.561177672614024777e+04 1.241197927895043372e-17 2.638745385979778829e-16 1.766319034990053149e-19 8.330461173884074408e-18 1.174073022921693302e-16 1.763268923466002319e-19
8.749471046662278241e+04 4.674567399007221440e-18 9.785392165498322884e-17 8.389514351536049479e-20 3.136045337371816022e-18 4.313776743791841382e-17 8.375024961510063570e-20
1.166760716081661958e+05 1.785544751734209365e-18 3.564269271363462693e-17 3.980370936834933327e-20 1.201738130167230559e-18 1.565520576854172990e-17 3.973491694122075798e-20
1.555900421101123211e+05 6.946673504219955962e-19 1.279383860086780840e-17 1.886501777101315122e-20 4.701815167556730314e-19 5.618561964872530373e-18 1.883236767892724956e-20
2.074826557850289100e+05 2.760760783447314379e-19 4.551498232090457451e-18 8.932420694013912349e-21 1.882935393788015939e-19 2.001010836416143162e-18 8.916941621213726381e-21
2.766825682915017242e+05 1.123567059779331341e-19 1.606489025929945834e-18 4.225726127294337860e-21 7.729480535535372649e-20 7.092513251738444412e-19 4.218392673577237314e-21
3.689621347227101214e+05 4.689344057287533894e-20 5.637386107412830470e-19 1.997515641972617547e-21 3.251155141992370634e-20 2.512981647972542691e-19 1.994046428115249188e-21
4.920189143094656756e+05 2.002518423495088594e-20 1.987493050830408637e-19 9.435544556822841222e-22 1.397185717019842298e-20 8.972291337310826133e-20 9.419153199499181587e-22
6.561177672614024486e+05 8.716415658105356858e-21 7.059999755575174844e-20 4.453881399497243732e-22 6.111331854810132571e-21 3.232199251977879312e-20 4.446137357553466563e-22
8.749471046662279405e+05 3.854995137643379326e-21 2.524348810075840864e-20 2.100843377444142868e-22 2.712525597429150296e-21 1.175160921552369757e-20 2.097188638144727129e-22
1.166760716081662104e+06 1.727866187274060462e-21 9.085467417043235244e-21 9.901690237454344628e-23 1.218335758141041804e-21 4.333044110844734277e-21 9.884447995396843018e-23
1.555900421101123560e+06 7.826792662579458353e-22 3.306539126862913728e-21 4.662794134738531629e-23 5.523063003819482211e-22 1.623453465420019691e-21 4.654664773077117302e-23
2.074826557850289159e+06 3.573820056220349569e-22 1.222026441561185708e-21 2.193539647801356733e-23 2.521452806296672355e-22 6.194623676305923387e-22 2.189709582891903430e-23
2.766825682915017474e+06 1.641459065452062862e-22 4.596498262499441869e-22 1.030693901783742716e-23 1.157092577384698388e-22 2.412810443535184710e-22 1.028891074940788981e-23
3.689621347227101214e+06 7.570626251899677611e-23 1.764750461934905381e-22 4.836207175637008456e-24 5.329512417731848682e-23 9.608389051372071836e-23 4.827734246902590276e-24
4.920189143094656989e+06 3.500978526435585014e-23 6.930516951285215784e-23 2.265512392017838940e-24 2.460555990087936109e-23 3.912599341854570783e-23 2.261535591278676155e-24
6.561177672614024952e+06 1.621389433731256019e-23 2.785799126241738407e-23 1.059288647514692704e-24 1.137508956765614617e-23 1.626765145961465444e-23 1.057425543762885459e-24
8.749471046662278473e+06 7.513493163172464103e-24 1.144513296660803996e-23 4.942809500682460580e-25 5.261289545490195458e-24 6.896307290685714993e-24 4.934096443126507371e-25
1.166760716081662104e+07 3.481179174953818940e-24 4.798472538526247268e-24 2.301335649530125029e-25 2.432812399391157730e-24 2.973524701164761446e-24 2.297269490551917136e-25
1.555900421101123467e+07 1.611476645314366803e-24 2.049135394869416031e-24 1.068839950733409919e-25 1.123708359622768036e-24 1.300066682857689095e-24 1.066947092041132366e-25
2.074826557850288972e+07 7.448280198538445469e-25 8.883531680938368795e-25 4.949708588050482836e-26 5.181047506072001416e-25 5.741515441284185305e-25 4.940920593260152220e-26
2.766825682915017009e+07 3.435616615454286557e-25 3.897037870174486559e-25 2.284417429652824252e-26 2.383221522919221852e-25 2.554623106641940848e-25 2.280350467138370453e-26
3.689621347227101028e+07 1.580998864118160698e-25 1.725149663145969875e-25 1.050395696087748096e-26 1.093310392153661901e-25 1.142616300528332990e-25 1.048519766222667836e-26
4.920189143094656616e+07 7.256091694464599489e-26 7.686744292134104190e-26 4.810387828324395929e-27 4.999866529672023631e-26 5.125178468305757865e-26 4.801762833151606036e-27
6.561177672614024580e+07 3.319426210913528614e-26 3.437584705375336866e-26 2.192529963908514985e-27 2.277210641073388804e-26 2.300514934487068181e-26 2.188578922607328083e-27
8.749471046662279963e+07 1.512152623259394456e-26 1.539378543397961249e-26 9.932926794039387203e-28 1.031557563898149610e-26 1.030734847393571921e-26 9.914917237934138180e-28
1.166760716081662029e+08 6.851077514334754282e-27 6.885002291957614719e-27 4.464826664526942937e-28 4.640184885450607646e-27 4.598058572326952055e-27 4.456672828974837662e-28
1.555900421101123393e+08 3.082511578740021081e-27 3.067630375907837604e-27 1.986799395767298936e-28 2.068769522053710477e-27 2.037154506150351769e-27 1.983140217636189590e-28
2.074826557850289047e+08 1.374912458160704717e-27 1.358136602368630018e-27 8.728274651424370329e-29 9.121637821811624641e-28 8.939806468171850362e-28 8.712043210106933991e-29
2.766825682915017605e+08 6.067124572407482260e-28 5.959057814311101212e-28 3.773970885421334955e-29 3.967447496688505976e-28 3.874481135162866348e-28 3.766879556064329552e-29
3.689621347227101326e+08 2.642284814281004034e-28 2.583913017035746949e-28 1.599721630884852121e-29 1.697191502375853069e-28 1.652956146812305649e-28 1.596683493199558463e-29
4.920189143094656467e+08 1.132446120450042410e-28 1.103620443953301585e-28 6.615243833266194730e-30 7.115580148311332834e-29 6.916178930705220257e-29 6.602545063789744823e-30
6.561177672614024878e+08 4.760650917073410860e-29 4.626667359360688783e-29 2.652817895458048493e-30 2.912472001112879580e-29 2.826704575657131260e-29 2.647673415089169954e-30
8.749471046662279367e+08 1.956727202559682610e-29 1.897305403055730360e-29 1.024666839684049438e-30 1.159835632336712144e-29 1.124541807064786761e-29 1.022662672957367046e-30
1.166760716081662178e+09 7.840663319760319679e-30 7.586974827963276996e-30 3.789623785434396602e-31 4.480868798954751714e-30 4.341414321461689680e-30 3.782153683446799006e-31
1.555900421101123333e+09 3.051596524204729476e-30 2.947146903127181251e-30 1.333252065205495901e-31 1.672042908963421737e-30 1.619282336209053498e-30 1.330607227431310845e-31
2.074826557850289106e+09 1.147976392329457852e-30 1.106485686925921472e-30 4.429995921452629493e-32 5.993103642171546083e-31 5.802792564232293396e-31 4.421167050982869423e-32
2.766825682915017128e+09 4.148386244187644824e-31 3.989831053220855791e-31 1.380199590222173338e-32 2.048472504107850815e-31 1.983482950135412612e-31 1.377442041911739035e-32
3.689621347227100849e+09 1.428530478622353576e-31 1.370514678461920309e-31 4.001864107437330560e-33 6.610612870626181112e-32 6.402851791314380620e-32 3.993876208843847985e-33
4.920189143094656944e+09 4.638475031775612494e-32 4.436803114211479533e-32 1.070204275106640221e-33 1.985661492041980941e-32 1.924711639401887650e-32 1.068083417894838684e-33
6.561177672614025116e+09 1.400119777351646360e-32 1.334268916182984557e-32 2.605907688597534678e-34 5.437969397456735149e-33 5.279398774473581749e-33 2.600833036436201582e-34
8.749471046662279129e+09 3.853487692183817703e-33 3.654579032145193645e-33 5.656317825042405204e-35 1.316839697392234020e-33 1.282556244643704526e-33 5.645649760943972146e-35
1.166760716081661987e+10 9.416999064230505907e-34 8.873137143797046616e-34 1.057210099519012851e-35 2.691950991345516321e-34 2.639468850297795753e-34 1.055318414383780881e-35
1.555900421101123428e+10 1.969668441939020449e-34 1.839388629273534341e-34 1.612881862678966443e-36 4.318613426682528000e-35 4.297562962461786123e-35 1.610244783010964993e-36
2.074826557850289154e+10 3.348309156878490900e-35 3.089613547852734152e-35 1.843201328132194229e-37 4.805712489443240989e-36 4.960240821087164797e-36 1.840658499665047869e-37
2.766825682915017319e+10 4.284488686069688810e-36 3.907902285671425852e-36 1.357449849799549628e-38 2.923436166344751747e-37 3.373871568586831149e-37 1.356136174423586770e-38
3.689621347227101135e+10 3.636519108997437565e-37 3.388554698231972826e-37 4.646445057460989409e-40 5.394999951872901145e-39 1.060236457512709932e-38 4.644519891186669113e-40
4.920189143094656372e+10 1.617194109929348074e-38 2.001945202380161677e-38 0.000000000000000000e+00 3.840756383686630274e-41 3.400527946812433783e-40 0.000000000000000000e+00
6.561177672614024353e+10 2.555827140257183639e-40 1.225718956331539381e-39 0.000000000000000000e+00 1.519478236123829367e-42 1.743276069968032512e-41 0.000000000000000000e+00
8.749471046662280273e+10 1.967085134289601074e-44 3.953968367042399782e-41 0.000000000000000000e+00 1.038710838445999100e-44 3.319273333356449233e-43 0.000000000000000000e+00
