1.166760716081661986e+00 9.494093868882032402e-04 1.764414083317045927e-03 5.368077491499892484e-13 8.152112893015246156e-04 1.765519410008361796e-03 5.398118774271297424e-13
1.555900421101123365e+00 6.412423133868474893e-04 1.203687089703502381e-03 5.779631666274570772e-13 5.472158562984418603e-04 1.202041477457094307e-03 5.794650592871410689e-13
2.074826557850288911e+00 4.225176524114668307e-04 7.963073991182035519e-04 6.021199043087424174e-13 3.570653361013920494e-04 7.959006840025388465e-04 6.031787332954945020e-13
2.766825682915017293e+00 2.696922777670124403e-04 5.090014720097542269e-04 6.027481145734692182e-13 2.251925543094924662e-04 5.095165218830943624e-04 6.027968103836654649e-13
3.689621347227101111e+00 1.660973843723944059e-04 3.134465685419913659e-04 6.024058246268162025e-13 1.367368677574423588e-04 3.142144437590154251e-04 6.027695225201473534e-13
4.920189143094656714e+00 9.855312370078906292e-05 1.854395172204158270e-04 6.024661144450271954e-13 7.977260155679696417e-05 1.862862395056088117e-04 6.025093202825719409e-13
6.561177672614024736e+00 5.621549467413104007e-05 1.051712800790533876e-04 6.022056315796627944e-13 4.463419933810488073e-05 1.059773827734287219e-04 6.022873850305996610e-13
8.749471046662279150e+00 3.073423582501405847e-05 5.701077344097781985e-05 6.015755332605904057e-13 2.390973499291679019e-05 5.772241920066529695e-05 6.021638886989152501e-13
1.166760716081661897e+01 1.606262181079330849e-05 2.948674544290388197e-05 5.974896887579671606e-13 1.225878033183738711e-05 3.006123853482345375e-05 5.982951070092413239e-13
1.555900421101123499e+01 8.025982577562155979e-06 1.462904939208091839e-05 5.902440393939603958e-13 6.032835986350279423e-06 1.499501834229722412e-05 5.910142647931196057e-13
2.074826557850288822e+01 3.857822062379914103e-06 7.052229396765691016e-06 5.616201601623220334e-13 2.872091461451524297e-06 7.215819617094948923e-06 5.622890284406175326e-13
2.766825682915017381e+01 1.806427018272423311e-06 3.342209868619772908e-06 4.901971592157209279e-13 1.338612782945371117e-06 3.387755979855315309e-06 4.907312861080529448e-13
3.689621347227100756e+01 8.346518244107770702e-07 1.569620772253254742e-06 4.102985755904305695e-13 6.177689603845945602e-07 1.568889517211518854e-06 4.106639421408837406e-13
4.920189143094656714e+01 3.832260755687854570e-07 7.306514076145802825e-07 3.352723176012933845e-13 2.839325302621801440e-07 7.216899688432289641e-07 3.354816187908921014e-13
6.561177672614024914e+01 1.750353135219829180e-07 3.377317557406878624e-07 2.683214972126769642e-13 1.299855386066199316e-07 3.305358374588361397e-07 2.684139602317817311e-13
8.749471046662279150e+01 7.937895428143645499e-08 1.554248862426346661e-07 2.085164155710245262e-13 5.915198438608033125e-08 1.506753879557694703e-07 2.085262331483046248e-13
1.166760716081661968e+02 3.566925716564389622e-08 7.108462698640546644e-08 1.547891889039865181e-13 2.669272066995103785e-08 6.829785662653750035e-08 1.547600223590085002e-13
1.555900421101123356e+02 1.583342325614894666e-08 3.228012842649091218e-08 1.102393101689444238e-13 1.190615997451843877e-08 3.073412233324364773e-08 1.101963959092553536e-13
2.074826557850288964e+02 6.915035479723904755e-09 1.452956728452216310e-08 7.573352938343607767e-14 5.225585424460042691e-09 1.369819827106422789e-08 7.568733071678024040e-14
2.766825682915017524e+02 2.958079671970245540e-09 6.468975538605488997e-09 5.029420443905689456e-14 2.245666746420645931e-09 6.029276788153481883e-09 5.025356165209046381e-14
3.689621347227101182e+02 1.234384305052133139e-09 2.846499335557882533e-09 3.232108705168177544e-14 9.410932772799429438e-10 2.613094684782777619e-09 3.228838995994997997e-14
4.920189143094656856e+02 5.011864846245426781e-10 1.237367751125155621e-09 2.011921150675983777e-14 3.835967545049188257e-10 1.113097940778899670e-09 2.009493386022474748e-14
6.561177672614023777e+02 1.977813605014585209e-10 5.313047315616635336e-10 1.213880571174799715e-14 1.518927836171321991e-10 4.659299590201363123e-10 1.212213304636317991e-14
8.749471046662279150e+02 7.587039524660184430e-11 2.254548245463447816e-10 7.090500053646096500e-15 5.842423056270690750e-11 1.917282060143564222e-10 7.079903506622213455e-15
1.166760716081661940e+03 2.832664886222721904e-11 9.469116324517074110e-11 3.992779620608975610e-15 2.185009831461359894e-11 7.768341171388154981e-11 3.986399763769139831e-15
1.555900421101123356e+03 1.031477324790245287e-11 3.942809816913282543e-11 2.157047377918214505e-15 7.960310412464761087e-12 3.104650007916026801e-11 2.153474044936230384e-15
2.074826557850288737e+03 3.673876926191896919e-12 1.628596254368103812e-11 1.117624187928550699e-15 2.833793029315639872e-12 1.226639385443626414e-11 1.115737479474053144e-15
2.766825682915017296e+03 1.284905175533011545e-12 6.691402538001496617e-12 5.593793061148138499e-16 9.896392427641580069e-13 4.798728121445364810e-12 5.584289111063567941e-16
3.689621347227101069e+03 4.437555118097379271e-13 2.740881914907576041e-12 2.740131398544434445e-16 3.407340293296617951e-13 1.863590986650262866e-12 2.735443895897177347e-16
4.920189143094656174e+03 1.524036224161066878e-13 1.121607922147264616e-12 1.329704348947848285e-16 1.163817999002675433e-13 7.212856865407540086e-13 1.327420417712188552e-16
6.561177672614025141e+03 5.240643146955861774e-14 4.592170854189646070e-13 6.428086602195102167e-17 3.969191956357993989e-14 2.793389741231019282e-13 6.417037921962587838e-17
8.749471046662278241e+03 1.815382444597218785e-14 1.881574326700705303e-13 3.099039602547595170e-17 1.359388104098551183e-14 1.084508494415872320e-13 3.093716363430227859e-17
1.166760716081662031e+04 6.362443775576444538e-15 7.716938715262034267e-14 1.490305091751654632e-17 4.695746679576959571e-15 4.222105282163099705e-14 1.487746264645972018e-17
1.555900421101123356e+04 2.259098909970796139e-15 3.163192979777179579e-14 7.150072047307076356e-18 1.639612879609989246e-15 1.648536168297927818e-14 7.137820457995887648e-18
2.074826557850289100e+04 8.119317417605612734e-16 1.289224076785689653e-14 3.423093712901134920e-18 5.788996099309130122e-16 6.441553810833131802e-15 3.417220343329138703e-18
2.766825682915017387e+04 2.948060542900591777e-16 5.195224038620859034e-15 1.635651335260570241e-18 2.064930008186167444e-16 2.507536567640104403e-15 1.632836122320788564e-18
3.689621347227100341e+04 1.078504116809137333e-16 2.066404077787653660e-15 7.802194138325189922e-19 7.434951095866203638e-17 9.694510130952539489e-16 7.788741057554960986e-19
4.920189143094656174e+04 3.969683561244709009e-17 8.073940132466706106e-16 3.716070561566529233e-19 2.701896001815041556e-17 3.704022686442976179e-16 3.709661476918862745e-19
6.561177672614024777e+04 1.470765518025140997e-17 3.092747041060458472e-16 1.767532677722734019e-19 9.926187173146532150e-18 1.394090415756895387e-16 1.764480918924018328e-19
8.749471046662278241e+04 5.491408419797946587e-18 1.162018368807893609e-16 8.396924006944364321e-20 3.692120810305803163e-18 5.173309518392654571e-17 8.382423327706183977e-20
1.166760716081661958e+05 2.074027263428336693e-18 4.280901941515013926e-17 3.984542408660868911e-20 1.394834273017711595e-18 1.893558940125875284e-17 3.977656365059805697e-20
1.555900421101123211e+05 7.957898498046367097e-19 1.550762822833634447e-17 1.888726564990487835e-20 5.369823275202918907e-19 6.841264538865646405e-18 1.885457754232194215e-20
2.074826557850289100e+05 3.112789777386017193e-19 5.554343808697241377e-18 8.943806343875156223e-21 2.113508569520957988e-19 2.447327394385627728e-18 8.928307146036703811e-21
2.766825682915017242e+05 1.245618081880818915e-19 1.968999252163891743e-18 4.231351927917489962e-21 8.526178747385216007e-20 8.692746206020551293e-19 4.224008292017256110e-21
3.689621347227101214e+05 5.113145682220945695e-20 6.923560551293903606e-19 2.000214115843616197e-21 3.527904224591393726e-20 3.078961634347431556e-19 1.996739934848229051e-21
4.920189143094656756e+05 2.150130583213901372e-20 2.440535692855406763e-19 9.448143414654966520e-22 1.493968923095658453e-20 1.096353281888967638e-19 9.431728705951351055e-22
6.561177672614024486e+05 9.231166428818730187e-21 8.649851035455691425e-20 4.459640993778782282e-22 6.451638837050064741e-21 3.929709213992297884e-20 4.451886277436219696e-22
8.749471046662279405e+05 4.034706257018336434e-21 3.079278301969346037e-20 2.103441467340116964e-22 2.832962595518629362e-21 1.418160714855149244e-20 2.099781958951632860e-22
1.166760716081662104e+06 1.790854440069977930e-21 1.100899878362909149e-20 9.913365880049403614e-23 1.261298034078619374e-21 5.177887889419927247e-21 9.896102632212008446e-23
1.555900421101123560e+06 8.048813242062686904e-22 3.970518940622690286e-21 4.668087035170999424e-23 5.677603218392871807e-22 1.916574070845698364e-21 4.659948456440882478e-23
2.074826557850289159e+06 3.652589564876097571e-22 1.450799198252210811e-21 2.195995987626860245e-23 2.577520250187055715e-22 7.209648234900451681e-22 2.192161836453731624e-23
2.766825682915017474e+06 1.669624442816494085e-22 5.383108378379422815e-22 1.031877955245145590e-23 1.177610405961796804e-22 2.763856630919939122e-22 1.030073267238022872e-23
3.689621347227101214e+06 7.672423246165478715e-23 2.034967642299526348e-22 4.842197350405250539e-24 5.405394728584772107e-23 1.082229098981558852e-22 4.833715570094301214e-24
4.920189143094656989e+06 3.538292362892495193e-23 7.859084543152228924e-23 2.268701572206863814e-24 2.488991206136490373e-23 4.332575501802626394e-23 2.264720322333964835e-24
6.561177672614024952e+06 1.635344690813130097e-23 3.105325607285230310e-23 1.061066104248038046e-24 1.148376990898948341e-23 1.772079271524540118e-23 1.059200631519244000e-24
8.749471046662278473e+06 7.567392509556377276e-24 1.254539193375051068e-23 4.953074941929238918e-25 5.304181589327686193e-24 7.400500746316184994e-24 4.944348605488262004e-25
1.166760716081662104e+07 3.503026045735803206e-24 5.178086627465690825e-24 2.307410376834360138e-25 2.450564900475428694e-24 3.149562400349997765e-24 2.303336476525936572e-25
1.555900421101123467e+07 1.620910795967984871e-24 2.180932848098094448e-24 1.072487091701402425e-25 1.131521486366859379e-24 1.362251582944167853e-24 1.070589597691332427e-25
2.074826557850288972e+07 7.492128300970163811e-25 9.345716347529191674e-25 4.971756095174149255e-26 5.217947475980845328e-25 5.964655907371959082e-25 4.962939879480900011e-26
2.766825682915017009e+07 3.457521844218142982e-25 4.061793098379928168e-25 2.297764734695139888e-26 2.401873870866014474e-25 2.636915496048237135e-25 2.293680434675794895e-26
3.689621347227101028e+07 1.592610725403824704e-25 1.785502567751966868e-25 1.058457513660492214e-26 1.103268685476836677e-25 1.174286879371729575e-25 1.056570886476175550e-26
4.920189143094656616e+07 7.320234199009982085e-26 7.917088848370555794e-26 4.858836218639741128e-27 5.055047527413479844e-26 5.254021071875331134e-26 4.850145156906906010e-27
6.561177672614024580e+07 3.355708496265590139e-26 3.530263575992897439e-26 2.221425626498700116e-27 2.308414001212563198e-26 2.356568161296011450e-26 2.217433870531366011e-27
8.749471046662279963e+07 1.532868721022526988e-26 1.579140230123752174e-26 1.010352366940156618e-27 1.049318354743321748e-26 1.056780961174851641e-26 1.008526463862866316e-27
1.166760716081662029e+08 6.969203797125717699e-27 7.066903180711003325e-27 4.564252651160585756e-28 4.740899195879103429e-27 4.725764844279139941e-27 4.555947489131914023e-28
1.555900421101123393e+08 3.149251965888214622e-27 3.155365658545216564e-27 2.043827444465563543e-28 2.125220031338620071e-27 2.102061244894506223e-27 2.040077779953922485e-28
2.074826557850289047e+08 1.412048554299913506e-27 1.401983748098711539e-27 9.049094021152816873e-29 9.432412519760376827e-28 9.275231182822369992e-28 9.032331772166956523e-29
2.766825682915017605e+08 6.269598638802315142e-28 6.181898441158290016e-28 3.950343092886119349e-29 4.134566328187165516e-28 4.047762370170469835e-28 3.942947874859904967e-29
3.689621347227101326e+08 2.749966809051700998e-28 2.697226920719266046e-28 1.694057259723214699e-29 1.784521902328585647e-28 1.741241843699690155e-28 1.690850265076758623e-29
4.920189143094656467e+08 1.188073151614169924e-28 1.160501694285468960e-28 7.103603399605648120e-30 7.556826563687710358e-29 7.355154011914590329e-29 7.089999382017890753e-30
6.561177672614024878e+08 5.038691016360088876e-29 4.905808432658302216e-29 2.895997301640549151e-30 3.126998692775669645e-29 3.037943001093844418e-29 2.890387922308523927e-30
8.749471046662279367e+08 2.090752270379049508e-29 2.030270958048046615e-29 1.140310253166414971e-30 1.259781987491240349e-29 1.222302532054007098e-29 1.138079236443263219e-30
1.166760716081662178e+09 8.461905075576390212e-30 8.198398016075332993e-30 4.310868162097682184e-31 4.925422585589519564e-30 4.774358514229079889e-30 4.302354021746000425e-31
1.555900421101123333e+09 3.327514488998347784e-30 3.217196277318635523e-30 1.553994706060983698e-31 1.859973758470642983e-30 1.801795587463131173e-30 1.550900821744923158e-31
2.074826557850289106e+09 1.264865055314463081e-30 1.220411790994021441e-30 5.300027980265133617e-32 6.744144789805596754e-31 6.530949693143467022e-31 5.289411645866622215e-32
2.766825682915017128e+09 4.617912654907358702e-31 4.445874067872396161e-31 1.696344751173577352e-32 2.330273526194365535e-31 2.256455847406148896e-31 1.692935103440141842e-32
3.689621347227100849e+09 1.605964249844796680e-31 1.542285574949822381e-31 5.051174291307984136e-33 7.594154307550594539e-32 7.355354488240910356e-32 5.041027680311866274e-33
4.920189143094656944e+09 5.262773609319026206e-32 5.039056464378120920e-32 1.385148675757531335e-33 2.300794971272447387e-32 2.230040826011088062e-32 1.382386744433441023e-33
6.561177672614025116e+09 1.601828218138192046e-32 1.528068852541047929e-32 3.449670576896844550e-34 6.347223484031111781e-33 6.161650436082000016e-33 3.442913831417226898e-34
8.749471046662279129e+09 4.440886106418278222e-33 4.216157395090274685e-33 7.634154738608736147e-35 1.546348983624326319e-33 1.505967992268854227e-33 7.619676232610532665e-35
1.166760716081661987e+10 1.091998929095267320e-33 1.030096206703833585e-33 1.450108144756642726e-35 3.176672812718746767e-34 3.114551637550101851e-34 1.447499442530893403e-35
1.555900421101123428e+10 2.295858012881706241e-34 2.146691467763868149e-34 2.241669670323963524e-36 5.116269480911916906e-35 5.091355204092628964e-35 2.237985624199620109e-36
2.074826557850289154e+10 3.919500697792987658e-35 3.622151715114994806e-35 2.589001768119681532e-37 5.711063032155905983e-36 5.895921846785207090e-36 2.585412893878063763e-37
2.766825682915017319e+10 5.033550527505176479e-36 4.601026728459916099e-36 1.922730266310068403e-38 3.482611350816427768e-37 4.023334045125106541e-37 1.920862054177452646e-38
3.689621347227101135e+10 4.286216298836482684e-37 4.010267959145684519e-37 6.625818796745476875e-40 6.438598668221769278e-39 1.273051185342276404e-38 6.623072100905980066e-40
4.920189143094656372e+10 1.911810062010955391e-38 2.390610466012975041e-38 0.000000000000000000e+00 4.646966223220923271e-41 4.155771748629101097e-40 0.000000000000000000e+00
6.561177672614024353e+10 3.031132176232088444e-40 1.477318757576911870e-39 0.000000000000000000e+00 1.837018513779494810e-42 2.143288242245744336e-41 0.000000000000000000e+00
8.749471046662280273e+10 2.375424758069573520e-44 4.773906992602541848e-41 0.000000000000000000e+00 1.254858088379546983e-44 4.120497297853230980e-43 0.000000000000000000e+00
