1.166760716081661986e+00 9.495016695108620623e-04 1.764716207415238354e-03 5.394735235860842227e-13 8.153072503368027522e-04 1.765813148629328654e-03 5.424930968947645015e-13
1.555900421101123365e+00 6.412766030094038889e-04 1.203861977881266494e-03 5.808333934597690612e-13 5.472567243066071840e-04 1.202211229960945373e-03 5.823424741746788631e-13
2.074826557850288911e+00 4.225173804943140282e-04 7.963986416620900260e-04 6.051102052540349115e-13 3.570735571058074645e-04 7.959872783213976745e-04 6.061741530319972174e-13
2.766825682915017293e+00 2.696756048112025671e-04 5.090414606508866921e-04 6.057418778918633808e-13 2.251845595969341029e-04 5.095521725223444223e-04 6.057902245147237856e-13
3.689621347227101111e+00 1.660760278966659617e-04 3.134584727346255537e-04 6.053976676098736897e-13 1.367232852388458337e-04 3.142227463748675786e-04 6.057628919261598375e-13
4.920189143094656714e+00 9.853309808237215310e-05 1.854381744566247197e-04 6.054582288347055307e-13 7.975911921836852808e-05 1.862820285339267571e-04 6.055013391236700774e-13
6.561177672614024736e+00 5.619928675063931458e-05 1.051653112643760092e-04 6.051961830407450550e-13 4.462327488964042469e-05 1.059690787989177638e-04 6.052785101431966063e-13
8.749471046662279150e+00 3.072240038359842898e-05 5.700460048207097325e-05 6.045629515772365156e-13 2.390196786795949143e-05 5.771428853885143877e-05 6.051544579640781208e-13
1.166760716081661897e+01 1.605470007147595093e-05 2.948211188786760631e-05 6.004552038288128702e-13 1.225379965185528898e-05 3.005498077338548030e-05 6.012648391532169555e-13
1.555900421101123499e+01 8.021050267960295934e-06 1.462613864616627112e-05 5.931713066710549576e-13 6.029876781506110672e-06 1.499087163738476751e-05 5.939454345011382766e-13
2.074826557850288822e+01 3.854842003778324950e-06 7.050532756602715938e-06 5.643948653369749059e-13 2.870361725882206883e-06 7.213288970440886204e-06 5.650670546824947097e-13
2.766825682915017381e+01 1.804524129681168660e-06 3.341140538542024389e-06 4.925929350696252242e-13 1.337501356844965288e-06 3.386158617431312982e-06 4.931296443357939581e-13
3.689621347227100756e+01 8.332635142117041591e-07 1.568802770859126045e-06 4.122803499367710049e-13 6.169127403838839309e-07 1.567721136618463916e-06 4.126474003700197158e-13
4.920189143094656714e+01 3.820803847076597183e-07 7.299242124316033552e-07 3.368746679781149034e-13 2.831757784981698376e-07 7.206983657425726485e-07 3.370848835961023761e-13
6.561177672614024914e+01 1.740443875407244137e-07 3.370505060928678450e-07 2.695918034342484657e-13 1.292956831428575693e-07 3.296347647896587909e-07 2.696846095447828629e-13
8.749471046662279150e+01 7.854229626924828649e-08 1.548045129813516126e-07 2.094935232738991222e-13 5.854972651276380583e-08 1.498681175731143009e-07 2.095032963327751323e-13
1.166760716081661968e+02 3.500987427976704157e-08 7.055854905653808129e-08 1.555043759212020231e-13 2.620829114858904642e-08 6.761939374416020130e-08 1.554750004244212038e-13
1.555900421101123356e+02 1.536021362206343661e-08 3.187413461049402813e-08 1.107398788924486792e-13 1.155390208623089610e-08 3.021413103653179697e-08 1.106967120546705691e-13
2.074826557850288964e+02 6.608646207140835525e-09 1.424712808642168095e-08 7.607062362171708758e-14 4.995388407192782063e-09 1.333908405145523969e-08 7.602417571602263895e-14
2.766825682915017524e+02 2.778808152929463109e-09 6.291566411573182497e-09 5.051307080976366207e-14 2.110001052932122706e-09 5.805740470894819665e-09 5.047221882637961888e-14
3.689621347227101182e+02 1.138795529506037495e-09 2.744888362541292561e-09 3.245817390494086178e-14 8.682952038358402042e-10 2.486586652090409443e-09 3.242531475444208193e-14
4.920189143094656856e+02 4.542072384710234689e-10 1.183543999990053011e-09 2.020206864898691324e-14 3.476050083456131878e-10 1.047133368871442129e-09 2.017767469895969235e-14
6.561177672614023777e+02 1.762491413559916528e-10 5.045298203075183912e-10 1.218711835463380940e-14 1.353035467831718695e-10 4.337658418870173734e-10 1.217036864023529200e-14
8.749471046662279150e+02 6.657058467608605415e-11 2.127664143799579344e-10 7.117592220518330672e-15 5.122194163449945593e-11 1.768577126540299141e-10 7.106948626589185828e-15
1.166760716081661940e+03 2.450959895294576857e-11 8.889674801164359594e-11 4.007268522802073776e-15 1.888053396958425708e-11 7.108825908694960070e-11 4.000861774689475721e-15
1.555900421101123356e+03 8.816536103502029554e-12 3.686006744555738844e-11 2.164352628550169183e-15 6.790492949597105854e-12 2.821786282779138590e-11 2.160765222744906086e-15
2.074826557850288737e+03 3.108997416719928438e-12 1.517707048172154924e-11 1.121068798343393983e-15 2.391355854194263369e-12 1.108735724887044302e-11 1.119175299289714604e-15
2.766825682915017296e+03 1.079582643585810951e-12 6.223586394109615841e-12 5.608996109048704686e-16 8.283149905461975007e-13 4.320261547781897514e-12 5.599461806522402098e-16
3.689621347227101069e+03 3.714710425261465788e-13 2.547626755547840856e-12 2.746485009565267429e-16 2.837754659952446954e-13 1.674209350050532961e-12 2.741784637621335984e-16
4.920189143094656174e+03 1.275956283128746660e-13 1.043024811648340904e-12 1.332256863515292434e-16 9.679621651732411552e-14 6.478585614356465577e-13 1.329967670801306389e-16
6.561177672614025141e+03 4.403895223694089861e-14 4.274612700283186315e-13 6.438002613941194949e-17 3.308034139045756416e-14 2.512661952443834371e-13 6.426933068567549962e-17
8.749471046662278241e+03 1.535255916351167949e-14 1.752476833575056077e-13 3.102740308371666672e-17 1.138240902821212691e-14 9.777043510403556951e-14 3.097409065240040953e-17
1.166760716081662031e+04 5.421883573552069282e-15 7.182349640932694104e-14 1.491608939319321470e-17 3.956288589847354329e-15 3.813408762787795943e-14 1.489047166996089582e-17
1.555900421101123356e+04 1.939620592503411865e-15 2.936009903222869312e-14 7.154247965008997282e-18 1.390713165591679100e-15 1.489709630800331939e-14 7.141986200237595979e-18
2.074826557850289100e+04 7.016008995287158951e-16 1.190445481835220005e-14 3.424189566689941905e-18 4.942339978510153117e-16 5.811806232676934750e-15 3.418313024919504660e-18
2.766825682915017387e+04 2.560598985675333488e-16 4.760829470878029592e-15 1.635784517932864355e-18 1.773775920269288908e-16 2.253611161478437097e-15 1.632968528988624578e-18
3.689621347227100341e+04 9.407375776679572338e-17 1.875902566118045761e-15 7.801150163497833921e-19 6.425152400995676619e-17 8.661255387268418535e-16 7.787696601375849088e-19
4.920189143094656174e+04 3.476867669420048847e-17 7.253439409117128265e-16 3.714856282342094803e-19 2.349964450100598406e-17 3.285262489975106514e-16 3.708448376994590040e-19
6.561177672614024777e+04 1.294481701203998499e-17 2.749106498041699597e-16 1.766653240927937144e-19 8.697741347936766912e-18 1.226813149680065267e-16 1.763602656801504486e-19
8.749471046662278241e+04 4.864178495025462766e-18 1.022727919839934832e-16 8.391498520975873679e-20 3.264189370917744499e-18 4.518540848829904462e-17 8.377006040656374674e-20
1.166760716081661958e+05 1.852475678437304947e-18 3.735367918625199614e-17 3.981468497458397706e-20 1.246270792048997278e-18 1.643177868922350255e-17 3.974587439824270050e-20
1.555900421101123211e+05 7.181149066454950576e-19 1.343690649989640850e-17 1.887079708596847588e-20 4.855984661405447754e-19 5.906356659448049855e-18 1.883813702049550592e-20
2.074826557850289100e+05 2.842353558987791658e-19 4.787686938644639557e-18 8.935348379496901302e-21 1.936197293874512845e-19 2.105556713665252476e-18 8.919864095225425257e-21
2.766825682915017242e+05 1.151853566310014538e-19 1.691463085660353784e-18 4.227160392303444309e-21 7.913742889066052203e-20 7.465923767751130707e-19 4.219824330479620166e-21
3.689621347227101214e+05 4.787594963188647498e-20 5.937804026156633580e-19 1.998198656224266596e-21 3.315265530698777272e-20 2.644677598128727957e-19 1.994728181744170373e-21
4.920189143094656756e+05 2.036764213512576102e-20 2.093044654420414572e-19 9.438714648488159138e-22 1.419651064713230137e-20 9.434705350921057914e-20 9.422317412794428847e-22
6.561177672614024486e+05 8.835975232088807148e-21 7.429758291226172366e-20 4.455324570479999765e-22 6.190515900878304032e-21 3.393962987228712843e-20 4.447577859162462037e-22
8.749471046662279405e+05 3.896802961902795691e-21 2.653262990054493822e-20 2.101493262862107946e-22 2.740627668095255052e-21 1.231470850464701041e-20 2.097837336452145471e-22
1.166760716081662104e+06 1.742549343995771290e-21 9.532015018895556824e-21 9.904615425495698736e-23 1.228390793376549798e-21 4.528740752710553993e-21 9.887367964705882346e-23
1.555900421101123560e+06 7.878671527032028776e-22 3.460633687052104774e-21 4.664127740636230809e-23 5.559346133983078258e-22 1.691344565195253471e-21 4.655996085107296214e-23
2.074826557850289159e+06 3.592276369905062079e-22 1.275118080157059195e-21 2.194164782653446863e-23 2.534658439009733792e-22 6.429749912348775415e-22 2.190333694407030639e-23
2.766825682915017474e+06 1.648079616321847047e-22 4.779085264082102686e-22 1.030999374671035172e-23 1.161941450822866283e-22 2.494155223904811925e-22 1.029196076504207675e-23
3.689621347227101214e+06 7.594651797800509718e-23 1.827498273961985757e-22 4.837776420200355363e-24 5.347517169064725955e-23 9.889818323056405190e-23 4.829301215501698989e-24
4.920189143094656989e+06 3.509835319675747916e-23 7.146275291617347616e-23 2.266360139616227646e-24 2.467340472933458021e-23 4.010039714846072237e-23 2.262382175209508170e-24
6.561177672614024952e+06 1.624730224345572593e-23 2.860108942100626706e-23 1.059766848264734785e-24 1.140123972361065371e-23 1.660519057773077875e-23 1.057903114838462437e-24
8.749471046662278473e+06 7.526561101474771643e-24 1.170133941787276587e-23 4.945595603910575647e-25 5.271741053602058810e-24 7.013636556336057175e-24 4.936878970016297853e-25
1.166760716081662104e+07 3.486569512133531424e-24 4.887039663212699220e-24 2.302993865890120406e-25 2.437213658172813085e-24 3.014611620536494628e-24 2.298925601871959095e-25
1.555900421101123467e+07 1.613854576299353575e-24 2.079976626184365360e-24 1.069838863039613036e-25 1.125686166723479285e-24 1.314650363730040199e-24 1.067944735775647139e-25
2.074826557850288972e+07 7.459580467423399854e-25 8.992191158190093493e-25 4.955757056943914768e-26 5.190589011345080232e-25 5.794246265183656138e-25 4.946961307577026729e-26
2.766825682915017009e+07 3.441372857260319801e-25 3.936052773509631356e-25 2.288080614113179819e-26 2.388133610923448486e-25 2.574293703743761327e-25 2.284008876409490360e-26
3.689621347227101028e+07 1.584094759858913078e-25 1.739596090847087266e-25 1.052607187129510983e-26 1.095968181897936858e-25 1.150307498611006718e-25 1.050728307685920767e-26
4.920189143094656616e+07 7.273351021773598959e-26 7.742704510646083218e-26 4.823661888480610646e-27 5.014715890160052458e-26 5.157086646306119446e-26 4.815018674879144622e-27
6.561177672614024580e+07 3.329235364853737740e-26 3.460517632410902633e-26 2.200432179514740526e-27 2.285641231827736606e-26 2.314687606590672943e-26 2.196469920260899715e-27
8.749471046662279963e+07 1.517761435001756709e-26 1.549412370212407731e-26 9.979464487781586517e-28 1.036360221371576432e-26 1.037443770504828039e-26 9.961386320257091253e-28
1.166760716081662029e+08 6.883030944787546489e-27 6.931726199699482243e-27 4.491864094942755597e-28 4.667378953714349358e-27 4.631412620779599532e-27 4.483668760044238303e-28
1.555900421101123393e+08 3.100518321874434845e-27 3.090471031797941650e-27 2.002247551295913027e-28 2.083963527104381417e-27 2.054248777339730585e-27 1.998563656236133902e-28
2.074826557850289047e+08 1.384893282587193819e-27 1.369646023473555950e-27 8.814777457098681618e-29 9.204907676734520886e-28 9.028443189206559137e-28 8.798401753818627681e-29
2.766825682915017605e+08 6.121278325107038339e-28 6.017757025572679648e-28 3.821264523127714367e-29 4.011974215243527919e-28 3.920246357926408633e-28 3.814091113214512658e-29
3.689621347227101326e+08 2.670922799099134685e-28 2.613755380735210215e-28 1.624853710345764755e-29 1.720306840183905113e-28 1.676194452840799748e-28 1.621770299646398610e-29
4.920189143094656467e+08 1.147147298815688307e-28 1.118558617188010791e-28 6.744363963777059391e-30 7.231513212187275615e-29 7.031102717147061508e-29 6.731424578696514231e-30
6.561177672614024878e+08 4.833637445641441390e-29 4.699641584090430735e-29 2.716545932912905041e-30 2.968386412956767059e-29 2.881633783766339947e-29 2.711279121977207032e-30
8.749471046662279367e+08 1.991662817786330219e-29 1.931869602358379687e-29 1.054660903492193361e-30 1.185666504436911442e-29 1.149769395932182971e-29 1.052597736481636032e-30
1.166760716081662178e+09 8.001444954016797858e-30 7.744916886819000297e-30 3.923211924441029172e-31 4.594772646333571264e-30 4.452234363837054401e-30 3.915473864838822094e-31
1.555900421101123333e+09 3.122495424761815275e-30 3.016443846693250537e-30 1.389063947118071224e-31 1.719779550557694742e-30 1.665614079515816644e-30 1.386305557837030658e-31
2.074826557850289106e+09 1.177797908300786153e-30 1.135521079319877558e-30 4.646712205507836165e-32 6.182265572385428865e-31 5.986122680534777873e-31 4.637438564666339848e-32
2.766825682915017128e+09 4.267332296192213495e-31 4.105259781710183030e-31 1.457713584218844854e-32 2.118874611447766423e-31 2.051665796382504771e-31 1.454796479362575493e-32
3.689621347227100849e+09 1.473170727604072870e-31 1.413695166076493682e-31 4.255063748225847515e-33 6.854476903259268802e-32 6.638999444819762532e-32 4.246556393411469095e-33
4.920189143094656944e+09 4.794502442834348156e-32 4.587200286702083002e-32 1.145041513287414417e-33 2.063263606971509982e-32 1.999898510405450710e-32 1.142768809234460999e-33
6.561177672614025116e+09 1.450218898310150805e-32 1.382363993729943746e-32 2.803593727342899243e-34 5.660530585860057378e-33 5.495357563777981691e-33 2.798126308926648820e-34
8.749471046662279129e+09 3.998556433216773063e-33 3.793149714808663393e-33 6.113989078833319062e-35 1.372728843652257072e-33 1.336963570573765873e-33 6.102442336857918123e-35
1.166760716081661987e+10 9.786325188022012415e-34 9.223659777873708644e-34 1.147170681757705483e-35 2.809480680345911080e-34 2.754667981491529935e-34 1.145115395183896764e-35
1.555900421101123428e+10 2.049472449393157837e-34 1.914491115351610313e-34 1.755595584784716118e-36 4.511334681705696557e-35 4.489355433621285583e-35 1.752721692163585963e-36
2.074826557850289154e+10 3.487528237067819124e-35 3.219241480394042106e-35 2.011269940781143890e-37 5.023824413566568431e-36 5.185636460033829777e-36 2.008492152155186607e-37
2.766825682915017319e+10 4.466456731576239795e-36 4.075970220216219586e-36 1.484110901240101558e-38 3.057843457215860961e-37 3.529878870586930971e-37 1.482673318435665590e-38
3.689621347227101135e+10 3.793870427164762716e-37 3.538619701816743366e-37 5.087898932995308261e-40 5.645456970272125366e-39 1.111107921822081407e-38 5.085790606894437897e-40
4.920189143094656372e+10 1.688352029905056943e-38 2.095086701386621829e-38 0.000000000000000000e+00 4.032260237238993759e-41 3.579272466724633812e-40 0.000000000000000000e+00
6.561177672614024353e+10 2.670293995210717909e-40 1.285606710214860543e-39 0.000000000000000000e+00 1.594927167349494670e-42 1.837811042469664517e-41 0.000000000000000000e+00
8.749471046662280273e+10 2.064143861842810918e-44 4.148872004603358719e-41 0.000000000000000000e+00 1.090080369649448653e-44 3.508266955692922691e-43 0.000000000000000000e+00
