1.166760716081661986e+00 8.514652013923035842e-04 1.581292911958005190e-03 5.231086923864505505e-13 7.300285128562593838e-04 1.582138264339209453e-03 5.260351587855871441e-13
1.555900421101123365e+00 5.753475575510232868e-04 1.079068095803018164e-03 5.632133662785662915e-13 4.900838994834845388e-04 1.077486101233071517e-03 5.646781090037421078e-13
2.074826557850288911e+00 3.793128517187423308e-04 7.141456029635897705e-04 5.867539546547772013e-13 3.198378727863822367e-04 7.137054394142671506e-04 5.877860420321007630e-13
2.766825682915017293e+00 2.422895927049725827e-04 4.567215614652338912e-04 5.873651026846606708e-13 2.017691960464842484e-04 4.571430716950506366e-04 5.874145775289985320e-13
3.689621347227101111e+00 1.493564700041270191e-04 2.814435603980334610e-04 5.870322577355954418e-13 1.225673755583875238e-04 2.821229807068690600e-04 5.873874937416343398e-13
4.920189143094656714e+00 8.871926776599106342e-05 1.666536594901837681e-04 5.870913106078232642e-13 7.155291975594085157e-05 1.674244135383218604e-04 5.871339672273701271e-13
6.561177672614024736e+00 5.067591905509785921e-05 9.462662364019535104e-05 5.868385880262348413e-13 4.007373286973169187e-05 9.537016074105179289e-05 5.869169207869861036e-13
8.749471046662279150e+00 2.775332709877747687e-05 5.137400235141208779e-05 5.862245403976941564e-13 2.149669497478888088e-05 5.203360243310414947e-05 5.867966273907343845e-13
1.166760716081661897e+01 1.453653353057798135e-05 2.662644210401534229e-05 5.822497611066479150e-13 1.104328888228279626e-05 2.715920044226726818e-05 5.830340041992693966e-13
1.555900421101123499e+01 7.283924601087416797e-06 1.324607793593442579e-05 5.751972231814276978e-13 5.449232864010980993e-06 1.358655042349087075e-05 5.759477036772264347e-13
2.074826557850288822e+01 3.513545888486065541e-06 6.407280444053367569e-06 5.473468288866081433e-13 2.603167441181225946e-06 6.561465947955077101e-06 5.479988282082519295e-13
2.766825682915017381e+01 1.652093386666625060e-06 3.048536258674755060e-06 4.778405007734963660e-13 1.218166319908080673e-06 3.093466008176439131e-06 4.783614267518002215e-13
3.689621347227100756e+01 7.667601149721414688e-07 1.437779228542987354e-06 4.000217794352314342e-13 5.645609863481112689e-07 1.439159111448838664e-06 4.003783257135861556e-13
4.920189143094656714e+01 3.535535308595095107e-07 6.721944990796956896e-07 3.269053643054595331e-13 2.604857812370611958e-07 6.650780264596366152e-07 3.271097194521474423e-13
6.561177672614024914e+01 1.620325790616673476e-07 3.120068104338930192e-07 2.616378659428965698e-13 1.195996958466551881e-07 3.058994197517126930e-07 2.617282781763666863e-13
8.749471046662279150e+01 7.361397824775803659e-08 1.440917000476653111e-07 2.033314835234467425e-13 5.449144048537338659e-08 1.399088117673840983e-07 2.033412377835884297e-13
1.166760716081661968e+02 3.305781215584411983e-08 6.606225572032330156e-08 1.509518851973105819e-13 2.455762572945368682e-08 6.353111207996219743e-08 1.509235430851636832e-13
1.555900421101123356e+02 1.462184542782672690e-08 3.002945451105381773e-08 1.075131298509837890e-13 1.090669549347884409e-08 2.858159152114959999e-08 1.074713148388755436e-13
2.074826557850288964e+02 6.345090994231691530e-09 1.350979121575180303e-08 7.386149796210092160e-14 4.752597967920369673e-09 1.270797246542757589e-08 7.381643931833196800e-14
2.766825682915017524e+02 2.691255068730678353e-09 6.005017109180069791e-09 4.904803054599427109e-14 2.023388692863429346e-09 5.570199697588326350e-09 4.900837006623310953e-14
3.689621347227101182e+02 1.112284815047189262e-09 2.636460706313316261e-09 3.151532529222327049e-14 8.390578240675062934e-10 2.401751443356020335e-09 3.148340682010992059e-14
4.920189143094656856e+02 4.471808128303219642e-10 1.143519992095216804e-09 1.961200986438519473e-14 3.383110274789181336e-10 1.017575066407799523e-09 1.958830195043179057e-14
6.561177672614023777e+02 1.747919550780359822e-10 4.900922273719990290e-10 1.182724084603624051e-14 1.325402863301323956e-10 4.237394211769148275e-10 1.181095491980046302e-14
8.749471046662279150e+02 6.645054001623399033e-11 2.076666491911689259e-10 6.903518238914240378e-15 5.046136600243988513e-11 1.735146304326884859e-10 6.893164002985810369e-15
1.166760716081661940e+03 2.460257159762908949e-11 8.712669330127252820e-11 3.883236516515144831e-15 1.868919632907521785e-11 6.997206300846981283e-11 3.877000943166883205e-15
1.555900421101123356e+03 8.890131463932916576e-12 3.624925350112872960e-11 2.094344311083184161e-15 6.746728431458161105e-12 2.783262199213440150e-11 2.090851435604854546e-15
2.074826557850288737e+03 3.145068609887991882e-12 1.496390086889156499e-11 1.082276071481154215e-15 2.381728790201582278e-12 1.094337418161056577e-11 1.080432166167286840e-15
2.766825682915017296e+03 1.093863061018470951e-12 6.146098351241522258e-12 5.394518933206446771e-16 8.256683817110683018e-13 4.259842065124912807e-12 5.385237887121879546e-16
3.689621347227101069e+03 3.762494157024164143e-13 2.517165123802714103e-12 2.625996713535914661e-16 2.825412921601928055e-13 1.645744640998172523e-12 2.621428341481981394e-16
4.920189143094656174e+03 1.288958339160289160e-13 1.029855736977521927e-12 1.262823915900436123e-16 9.602991915528746251e-14 6.333919139631781806e-13 1.260606317054655636e-16
6.561177672614025141e+03 4.425995430496986561e-14 4.213185309901024934e-13 6.028546436272648802e-17 3.260801851749192360e-14 2.436803625928033992e-13 6.017882438535956876e-17
8.749471046662278241e+03 1.531093939302939585e-14 1.722404301998842691e-13 2.857541613278356473e-17 1.111168637203187572e-14 9.378425218582116890e-14 2.852450433161831576e-17
1.166760716081662031e+04 5.351012280320773461e-15 7.031691177269081347e-14 1.343648244702775851e-17 3.810346375074751613e-15 3.606531582658219746e-14 1.341233350398988483e-17
1.555900421101123356e+04 1.888569181064308246e-15 2.859980277717953838e-14 6.260310417817849856e-18 1.315311513214256153e-15 1.384212606147749534e-14 6.248963584944491944e-18
2.074826557850289100e+04 6.713680689314480208e-16 1.151985182209998174e-14 2.886167022642857169e-18 4.563387137239432052e-16 5.283512833920107030e-15 2.880866299065545668e-18
2.766825682915017387e+04 2.395424006156835084e-16 4.566383957869238513e-15 1.314467966782793915e-18 1.586607451578489594e-16 1.993999947639635153e-15 1.312015069860373167e-18
3.689621347227100341e+04 8.540276581003389489e-17 1.777961757377996234e-15 5.902647951417671196e-19 5.511469900152195964e-17 7.409509589968318802e-16 5.891459782894354600e-19
4.920189143094656174e+04 3.031625190460717816e-17 6.763626527223145373e-16 2.607604482012433038e-19 1.907577337965074364e-17 2.693533919034387899e-16 2.602591050202484860e-19
6.561177672614024777e+04 1.068982747505069729e-17 2.507027934313378635e-16 1.130339155835743028e-19 6.568672945826149493e-18 9.528596249620867626e-17 1.128134177600044045e-19
8.749471046662278241e+04 3.733275492994077405e-18 9.048918543613120888e-17 4.793433715855083379e-20 2.243852748311849229e-18 3.278075069747280556e-17 4.783960193776918540e-20
1.166760716081661958e+05 1.289772046296133455e-18 3.173466812238807296e-17 1.981885472457355997e-20 7.588073837071643500e-19 1.094295445720425826e-17 1.977921008705140614e-20
1.555900421101123211e+05 4.400475034804993689e-19 1.082003109162337429e-17 7.959297729834908326e-21 2.533112446604635462e-19 3.533134205846433561e-18 7.943207251789877136e-21
2.074826557850289100e+05 1.477235236271348178e-19 3.597612737672987901e-18 3.092526944070865747e-21 8.320677790436158192e-20 1.102090027611970526e-18 3.086223465578903726e-21
2.766825682915017242e+05 4.862350647145732285e-20 1.162185031540338084e-18 1.157909773415210074e-21 2.679991195929277709e-20 3.311985654790008940e-19 1.155536277730012551e-21
3.689621347227101214e+05 1.566661120044322584e-20 3.632113124875422050e-19 4.162428751122714075e-22 8.431191165838393455e-21 9.579730262223401380e-20 4.153878669007000619e-22
4.920189143094656756e+05 4.916931178171070398e-21 1.106480650387737052e-19 1.432163878584054509e-22 2.578491872843891466e-21 2.678603664374738561e-20 1.429225981233558547e-22
6.561177672614024486e+05 1.493413487891991433e-21 3.277466577171302250e-20 4.706884133157421266e-23 7.626999812843954986e-22 7.201375797087911792e-21 4.697259838366183048e-23
8.749471046662279405e+05 4.369074480517767827e-22 9.360418908088652332e-21 1.476996574697870015e-23 2.176344574546143868e-22 1.849905171599620175e-21 1.473993666935380769e-23
1.166760716081662104e+06 1.230872835341703079e-22 2.552397926497052038e-21 4.432445767053058829e-24 5.992618686178219870e-23 4.567190651455139991e-22 4.423493877202535072e-24
1.555900421101123560e+06 3.344191753854325160e-23 6.629020383807518235e-22 1.277109216849807500e-24 1.595796983928418076e-23 1.081775777534725257e-22 1.274548077984311862e-24
2.074826557850289159e+06 8.798955879904591036e-24 1.637837719499610412e-22 3.553828075983556572e-25 4.132571221868755928e-24 2.459367875524798213e-23 3.546745770546822943e-25
2.766825682915017474e+06 2.254880104935103163e-24 3.843763322868624087e-23 9.618569301754544666e-26 1.046120265984584504e-24 5.396582067512644052e-24 9.599499256718102445e-26
3.689621347227101214e+06 5.676269037051262311e-25 8.604489117182725283e-24 2.550039241836149540e-26 2.613072065039258793e-25 1.153433048056865672e-24 2.545004827930610462e-26
4.920189143094656989e+06 1.413886776164106230e-25 1.845325263486177057e-24 6.662984769683435495e-27 6.476842747821187377e-26 2.432444739766582054e-25 6.649867649260245601e-27
6.561177672614024952e+06 3.505615350724700611e-26 3.825619146475615931e-25 1.723890312125022465e-27 1.599715448764639096e-26 5.088028850350632904e-26 1.720503549805452963e-27
8.749471046662278473e+06 8.689102263382551978e-27 7.761053825376766014e-26 4.430817138137438572e-28 3.954189000408803640e-27 1.063476881156883113e-26 4.422123369263173580e-28
1.166760716081662104e+07 2.159606165575377962e-27 1.549305090965877044e-26 1.133832215260286092e-28 9.809390897874570218e-28 2.241273177766305448e-27 1.131609045604849570e-28
1.555900421101123467e+07 5.382751605644419032e-28 3.083028557975897721e-27 2.892994234240660544e-29 2.439259399019617125e-28 4.833307140689281077e-28 2.887324546319948442e-29
2.074826557850288972e+07 1.345426418080307623e-28 6.154838827557369596e-28 7.363949949788853307e-30 6.079644077981488857e-29 1.052721421586132220e-28 7.349519774657094274e-30
2.766825682915017009e+07 3.366951892151918255e-29 1.239570851691773140e-28 1.867718636246922776e-30 1.514614856471188798e-29 2.340066998642005427e-29 1.864060399725054621e-30
3.689621347227101028e+07 8.415440997339751364e-30 2.524460433216590840e-29 4.707204616701121202e-31 3.760330644564021776e-30 5.276554328783107490e-30 4.698001150800898206e-31
4.920189143094656616e+07 2.096976887592517786e-30 5.253613268408222307e-30 1.177966927668220645e-31 9.308761818173879110e-31 1.206032564241624042e-30 1.175668471345282381e-31
6.561177672614024580e+07 5.212968416319486462e-31 1.102263865700306161e-30 2.934777547874233100e-32 2.302511233657783658e-31 2.800303614755037378e-31 2.929054118085173410e-32
8.749471046662279963e+07 1.293901179276596215e-31 2.362491825070551105e-31 7.288733492954306432e-33 5.685061224171616477e-32 6.583129358509796924e-32 7.274528629854843774e-33
1.166760716081662029e+08 3.206041134609291192e-32 5.186117393069158923e-32 1.802706581141834966e-33 1.399479458797914274e-32 1.556423020370853461e-32 1.799196355747216775e-33
1.555900421101123393e+08 7.922824312358682849e-33 1.154412763579507676e-32 4.433975349443405801e-34 3.429172045358892720e-33 3.695805947455709916e-33 4.425352209293009872e-34
2.074826557850289047e+08 1.950360280807516189e-33 2.604024370228344970e-33 1.082601356932810000e-34 8.349011587054921104e-34 8.785752657860357776e-34 1.080499487641128240e-34
2.766825682915017605e+08 4.776500103063552660e-34 5.928267766648505742e-34 2.617842442150494053e-35 2.015811005704900559e-34 2.082169723316474953e-34 2.612771512678291693e-35
3.689621347227101326e+08 1.161972431767913147e-34 1.362241474386468226e-34 6.250689262841957067e-36 4.815702451624321423e-35 4.905167930642193829e-35 6.238618666351390672e-36
4.920189143094656467e+08 2.803076709641568203e-35 3.140943002971878138e-35 1.468217800877315684e-36 1.135568435010009779e-35 1.145377605779254218e-35 1.465394365171261730e-36
6.561177672614024878e+08 6.693355107720817408e-36 7.231942606268907031e-36 3.377230331988415159e-37 2.636844972157572795e-36 2.640936551996501059e-36 3.370771637187706631e-37
8.749471046662279367e+08 1.579047354013504416e-36 1.659040409834933952e-36 7.567771663707676457e-38 6.016351291804844984e-37 5.996435847200281999e-37 7.553402617660553864e-38
1.166760716081662178e+09 3.673352744507206061e-37 3.772384052115029659e-37 1.642643186109002292e-38 1.346402059654469636e-37 1.337209800499392287e-37 1.639552513946324272e-38
1.555900421101123333e+09 8.409862882905241884e-38 8.488368069242756206e-38 3.434107780633911231e-39 2.950998647585226871e-38 2.924074317995085994e-38 3.427717592072103210e-39
2.074826557850289106e+09 1.890934122940054763e-38 1.881822718287435326e-38 6.878996572906083146e-40 6.326005823129977944e-39 6.260589635338677193e-39 6.866361032717713152e-40
2.766825682915017128e+09 4.166056220131252934e-39 4.101404024691297928e-39 1.314791147017193233e-40 1.324225206081277827e-39 1.310145985905081289e-39 1.312410748485809031e-40
3.689621347227100849e+09 8.967875268855675901e-40 8.750224516409991042e-40 2.390331263635303576e-41 2.699079178244898782e-40 2.670666905964640218e-40 2.386070219843920969e-41
4.920189143094656944e+09 1.878287627217193106e-40 1.819043240404401381e-40 4.121085276341732511e-42 5.323660035753980825e-41 5.271028710676707519e-41 4.113861445433943873e-42
6.561177672614025116e+09 3.800839863309451163e-41 3.658174216584400539e-41 6.701455723555129855e-43 1.003138375858374277e-41 9.948984526401318723e-42 6.689940622644478081e-43
8.749471046662279129e+09 7.338083032039973214e-42 7.023192792511729850e-42 1.015183238359177943e-43 1.761915238185896834e-42 1.753768266857370211e-42 1.013486378980845140e-43
1.166760716081661987e+10 1.322732753617238082e-42 1.259643909482514852e-42 1.395314952828789581e-44 2.762155488579039273e-43 2.770578798701160524e-43 1.393082954128771291e-44
1.555900421101123428e+10 2.149610616301292021e-43 2.038355461930293958e-43 1.656299284861988489e-45 3.591803773791340116e-44 3.663863814918826143e-44 1.653849206583629890e-45
2.074826557850289154e+10 2.985353479900938906e-44 2.825172961962149971e-44 1.557396059238669769e-46 3.416340923263436610e-45 3.630988246819044975e-45 1.555419400294520589e-46
2.766825682915017319e+10 3.267393160709610373e-45 3.125295937168134993e-45 9.936428865913846880e-48 1.872971913141222194e-46 2.252774005691173408e-46 9.927334336223253758e-48
3.689621347227101135e+10 2.474188158752497976e-46 2.546346779818487169e-46 3.078030879792737720e-49 3.340432351981640210e-48 7.096595979504663561e-48 3.076755293392250074e-49
4.920189143094656372e+10 1.025701419991656034e-47 1.540794295035422842e-47 0.000000000000000000e+00 2.204706268681606020e-50 2.328911209668835650e-49 0.000000000000000000e+00
6.561177672614024353e+10 1.564019610351373415e-49 9.101463123066536456e-49 0.000000000000000000e+00 7.838045609110953603e-52 1.090894858945023351e-50 0.000000000000000000e+00
8.749471046662280273e+10 1.262895267125302599e-53 2.770568248824821274e-50 0.000000000000000000e+00 5.289592678620361395e-54 1.895047455869128127e-52 0.000000000000000000e+00
