1.166760716081661986e+00 8.513878714497195681e-04 1.581065928761673676e-03 5.211545190221019704e-13 7.299500602376229842e-04 1.581915867498324404e-03 5.240696350131234939e-13
1.555900421101123365e+00 5.753144448324315789e-04 1.078934088156806867e-03 5.611093129384459388e-13 4.900471285654645548e-04 1.077354941863776193e-03 5.625687999822956984e-13
2.074826557850288911e+00 3.793065428920780707e-04 7.140732133758904889e-04 5.845618734493553866e-13 3.198262748858899805e-04 7.136358029574448991e-04 5.855902157816049750e-13
2.766825682915017293e+00 2.422966991807846114e-04 4.566873969123716221e-04 5.851704660840418068e-13 2.017706728169497651e-04 4.571116020313193361e-04 5.852202270587328226e-13
3.689621347227101111e+00 1.493682825110280909e-04 2.814308526823827033e-04 5.848390397273128542e-13 1.225740365803328611e-04 2.821125752421570752e-04 5.851931718842575838e-13
4.920189143094656714e+00 8.873116914076683713e-05 1.666515741013281909e-04 5.848978948576105494e-13 7.156042995137383296e-05 1.674241996433871915e-04 5.849406381417323072e-13
6.561177672614024736e+00 5.068586054774326004e-05 9.462876596095468615e-05 5.846463319724704122e-13 4.008010329333820687e-05 9.537384905506225653e-05 5.847242361310560509e-13
8.749471046662279150e+00 2.776069777824386186e-05 5.137699612173475045e-05 5.840345817323707029e-13 2.150130711790100563e-05 5.203790272607484405e-05 5.846043470279788735e-13
1.166760716081661897e+01 1.454149618657434843e-05 2.662885010367256540e-05 5.800759395651819764e-13 1.104625624913905361e-05 2.716269493354296350e-05 5.808570792565774642e-13
1.555900421101123499e+01 7.287013666993002226e-06 1.324760676645010674e-05 5.730515552684367652e-13 5.450984778767107380e-06 1.358890452128369867e-05 5.737991704740053125e-13
2.074826557850288822e+01 3.515407418874411019e-06 6.408165213557559253e-06 5.453135216704758972e-13 2.604183187483227304e-06 6.562904677886242324e-06 5.459630861506841362e-13
2.766825682915017381e+01 1.653285297190479118e-06 3.049104985338072803e-06 4.760861994952591476e-13 1.218823462660304180e-06 3.094382942691343345e-06 4.766052359191810111e-13
3.689621347227100756e+01 7.676422660328210159e-07 1.438243130190452835e-06 3.985718783107235154e-13 5.650829661547094437e-07 1.439853263220265780e-06 3.989271969911373344e-13
4.920189143094656714e+01 3.542975682132474880e-07 6.726360565067205796e-07 3.257339906182020616e-13 2.609648268410063197e-07 6.656945168614330872e-07 3.259376820015610847e-13
6.561177672614024914e+01 1.626905789657719203e-07 3.124414852125683154e-07 2.607098941891379856e-13 1.200502750586147970e-07 3.064817536904700591e-07 2.608000610643347419e-13
8.749471046662279150e+01 7.418107046931730216e-08 1.445009751310520310e-07 2.026182450010854026e-13 5.489465152145485747e-08 1.404460660352401576e-07 2.026280368247615143e-13
1.166760716081661968e+02 3.351339593494413499e-08 6.641803875783718674e-08 1.504303849595124739e-13 2.488878541955627334e-08 6.399342363043423002e-08 1.504021994142780763e-13
1.555900421101123356e+02 1.495474550916722303e-08 3.030971493570627837e-08 1.071486053494590149e-13 1.115199470389595732e-08 2.894323633858246726e-08 1.071069775570677903e-13
2.074826557850288964e+02 6.564256874998892065e-09 1.370826180863178865e-08 7.361639507877805305e-14 4.915564371252738318e-09 1.296231835828417109e-08 7.357152014374383603e-14
2.766825682915017524e+02 2.821424245581937021e-09 6.131621061657245330e-09 4.888917032880247437e-14 2.120829509301001048e-09 5.731075824071163787e-09 4.884966353378977340e-14
3.689621347227101182e+02 1.182603256137362128e-09 2.709925871929479817e-09 3.141602252510281617e-14 8.919925406517869736e-10 2.494049221071867178e-09 3.138422277785332143e-14
4.920189143094656856e+02 4.821264641619152227e-10 1.182853793270685618e-09 1.955212807184967333e-14 3.647515265047151295e-10 1.066244694237047644e-09 1.952850513868716266e-14
6.561177672614023777e+02 1.909582746346203373e-10 5.098264520214182708e-10 1.179241788545642429e-14 1.448288482691964820e-10 4.476810011579100212e-10 1.177618809766408476e-14
8.749471046662279150e+02 7.348649137018465633e-11 2.170804609317218912e-10 6.884052805285920070e-15 5.583169228195731725e-11 1.846565940238831313e-10 6.873732734073300712e-15
1.166760716081661940e+03 2.750843313588194217e-11 9.144731060120510842e-11 3.872868537555430125e-15 2.091459439455473602e-11 7.493597998537328304e-11 3.866652405145650730e-15
1.555900421101123356e+03 1.003633149117454384e-11 3.817129139324924151e-11 2.089145660377640366e-15 7.626579258568912573e-12 2.996734648035176963e-11 2.085662896585019883e-15
2.074826557850288737e+03 3.578802888763030588e-12 1.579605792688779868e-11 1.079843800975165314e-15 2.715252828094425098e-12 1.183404220607777739e-11 1.078004732622014793e-15
2.766825682915017296e+03 1.251881151916074598e-12 6.497694435317971952e-12 5.383898839680244691e-16 9.473780867628032032e-13 4.621008700564123419e-12 5.374639144678944320e-16
3.689621347227101069e+03 4.319188722541528007e-13 2.662406463969109259e-12 2.621619404983187005e-16 3.254737231281249636e-13 1.788292080893584753e-12 2.617059930842367450e-16
4.920189143094656174e+03 1.479755734270129320e-13 1.088791905596039750e-12 1.261093015219585593e-16 1.107472785826946123e-13 6.883546175827523622e-13 1.258878976330471547e-16
6.561177672614025141e+03 5.066980617038669525e-14 4.450245753430106778e-13 6.021925908731631239e-17 3.754767613746845097e-14 2.645034837592950236e-13 6.011275670308545461e-17
8.749471046662278241e+03 1.744153676765197011e-14 1.818060761860281532e-13 2.855097916580302341e-17 1.274906758928109838e-14 1.015997154315361329e-13 2.850011864617145685e-17
1.166760716081662031e+04 6.058716096839490985e-15 7.423891577713234284e-14 1.342785048682248641e-17 4.350808856818169375e-15 3.900024635366932585e-14 1.340371986811057949e-17
1.555900421101123356e+04 2.125456201706373904e-15 3.024758024176275455e-14 6.257434751916465060e-18 1.494073006984519324e-15 1.495532031086028926e-14 6.246094108720850086e-18
2.074826557850289100e+04 7.516693995801441208e-16 1.222768823585104762e-14 2.885288344386333636e-18 5.157712547171658225e-16 5.712058152164658295e-15 2.879989560483352859e-18
2.766825682915017387e+04 2.671107708509885580e-16 4.873793952597046002e-15 1.314237180864754718e-18 1.785091909363993303e-16 2.160953872244215236e-15 1.311784817232017021e-18
3.689621347227100341e+04 9.494129903565043703e-17 1.910951866791656628e-15 5.902234009983991979e-19 6.174835705175542115e-17 8.062607421293235047e-16 5.891046931432816652e-19
4.920189143094656174e+04 3.361757146417888304e-17 7.327143721119530393e-16 2.607642859271469654e-19 2.128261245637198174e-17 2.946295071824861057e-16 2.602629435783467173e-19
6.561177672614024777e+04 1.182389524201626111e-17 2.738122361050277259e-16 1.130431439269087392e-19 7.295590674452955275e-18 1.048383592738528890e-16 1.128226299472259422e-19
8.749471046662278241e+04 4.116963537352893422e-18 9.959669676967104234e-17 4.794074024445749657e-20 2.479449410200376481e-18 3.627536204086160864e-17 4.784599267061185910e-20
1.166760716081661958e+05 1.417027945853794692e-18 3.516992866591303021e-17 1.982228742223921936e-20 8.336161857721146175e-19 1.217248435983828316e-17 1.978263591925316850e-20
1.555900421101123211e+05 4.812828888451353669e-19 1.206092316159852451e-17 7.960913122506586184e-21 2.764925900567135628e-19 3.947228048872290688e-18 7.944819350634220719e-21
2.074826557850289100e+05 1.607273865519485294e-19 4.028674459144286775e-18 3.093222492459538943e-21 9.019775189635749497e-20 1.235379008393524748e-18 3.086917579072616052e-21
2.766825682915017242e+05 5.260509473845221725e-20 1.305944927117975575e-18 1.158187523743404139e-21 2.884859340205127799e-20 3.721235243287878684e-19 1.155813453593443670e-21
3.689621347227101214e+05 1.685238494037853872e-20 4.091559178759124717e-19 4.163468840068376754e-22 9.014262978781722022e-21 1.077829555234059838e-19 4.154916598575716885e-22
4.920189143094656756e+05 5.259526134136955529e-21 1.248548694554420960e-19 1.432528719358260493e-22 2.739337005189664549e-21 3.015461162273759566e-20 1.429590069274410294e-22
6.561177672614024486e+05 1.588731865608842478e-21 3.702309683085543472e-20 4.708089886322389489e-23 8.054904223134115393e-22 8.106194777436255434e-21 4.698463117732820148e-23
8.749471046662279405e+05 4.622655538742653244e-22 1.058021045835138830e-20 1.477375758547445973e-23 2.285832517482903694e-22 2.080881105449002292e-21 1.474372078433983098e-23
1.166760716081662104e+06 1.295288831159473877e-22 2.885610657757422865e-21 4.433591146914297144e-24 6.262065835192031995e-23 5.131169268925035915e-22 4.424636939966257038e-24
1.555900421101123560e+06 3.500281878462702311e-23 7.493459798002551821e-22 1.277445650305892881e-24 1.659586426351746439e-23 1.213240846157536824e-22 1.274883834601093288e-24
2.074826557850289159e+06 9.160101546790722198e-24 1.850601111730962208e-22 3.554803206736425836e-25 4.278507425836113398e-24 2.751821571738861337e-23 3.547718945379954164e-25
2.766825682915017474e+06 2.334764018172485208e-24 4.339778118904568823e-23 9.621401895189928689e-26 1.078338646165260997e-24 6.019986499036391100e-24 9.602326169700717869e-26
3.689621347227101214e+06 5.846516432408935283e-25 9.704043024435800554e-24 2.550875462576953696e-26 2.682595472627022248e-25 1.281716285687230515e-24 2.545839368318053329e-26
4.920189143094656989e+06 1.449084041117453829e-25 2.077919827572782105e-24 6.665517359049138724e-27 6.623862311679743204e-26 2.690194081695817518e-25 6.652395129221804635e-27
6.561177672614024952e+06 3.576616671543665947e-26 4.298883439072037503e-25 1.724679709769416515e-27 1.630115165340646747e-26 5.594401073105581793e-26 1.721291347845001416e-27
8.749471046662278473e+06 8.829937537700735574e-27 8.697735513525566602e-26 4.433343930962279816e-28 4.016295111718101111e-27 1.161159222708002910e-26 4.424645019576063808e-28
1.166760716081662104e+07 2.187439561345652121e-27 1.730247363040943539e-26 1.134658466377004563e-28 9.936611787636977594e-28 2.427444432125584695e-27 1.132433608919647750e-28
1.555900421101123467e+07 5.437639501814170840e-28 3.428112288495158846e-27 2.895737521754038950e-29 2.465168520519607191e-28 5.190870800671399332e-28 2.890062215033445521e-29
2.074826557850288972e+07 1.356369578676211146e-28 6.807353981171496834e-28 7.373142999446283109e-30 6.133159102308356810e-29 1.120308967633634551e-28 7.358693954232389322e-30
2.766825682915017009e+07 3.389341865609969415e-29 1.362371254192945391e-28 1.870809272639216647e-30 1.526030374361789879e-29 2.468556510227634784e-29 1.867144683427450420e-30
3.689621347227101028e+07 8.463343582388151426e-30 2.754628928484837717e-29 4.717572271907116344e-31 3.785895402853845170e-30 5.521179000964876060e-30 4.708347496809028339e-31
4.920189143094656616e+07 2.107800453748838462e-30 5.689277650335501279e-30 1.181430265260491445e-31 9.369766289416333423e-31 1.252899209049744726e-30 1.179124694837766040e-31
6.561177672614024580e+07 5.239314908671083786e-31 1.183774166399537909e-30 2.946311388749009635e-32 2.318156737247023673e-31 2.892205342289809732e-31 2.940564259056131530e-32
8.749471046662279963e+07 1.300821141223603849e-31 2.516350247079199816e-31 7.327015184236768182e-33 5.727914240289841607e-32 6.769608561306730560e-32 7.312731642455627136e-33
1.166760716081662029e+08 3.225419512546326673e-32 5.482531906537917475e-32 1.815346607800717099e-33 1.411860716105693947e-32 1.595487703087626759e-32 1.811810401282630689e-33
1.555900421101123393e+08 7.979666745795544386e-33 1.212045079428356019e-32 4.475402415795558757e-34 3.466146930493470166e-33 3.782059574609822657e-33 4.466694141785764810e-34
2.074826557850289047e+08 1.967496190043990193e-33 2.718261971112048218e-33 1.096043431740197243e-34 8.461104184863294774e-34 8.988299254971378829e-34 1.093913953893985225e-34
2.766825682915017605e+08 4.828752370714045255e-34 6.160339302263568554e-34 2.660883756357695808e-35 2.049805785815558094e-34 2.132426263897980192e-34 2.655724522634871546e-35
3.689621347227101326e+08 1.177876251217256462e-34 1.411562644744350012e-34 6.386136527800507481e-36 4.917632159442862152e-35 5.035613049187355920e-35 6.373788573758100830e-36
4.920189143094656467e+08 2.850933959371731986e-35 3.250600494660760042e-35 1.509896507645377670e-36 1.165503335524484826e-35 1.180201769367968915e-35 1.506987984086647727e-36
6.561177672614024878e+08 6.834780541766659899e-36 7.486031783194729072e-36 3.501855542001200932e-37 2.722333868870166982e-36 2.734391127785339703e-36 3.495143594046719499e-37
8.749471046662279367e+08 1.619891574647962164e-36 1.720270587040010205e-36 7.927235894514654158e-38 6.252485446171359190e-37 6.244583745610189580e-37 7.912141189929059303e-38
1.166760716081662178e+09 3.788262206438684267e-37 3.923111634070144117e-37 1.741827199965001943e-38 1.409256096184629188e-37 1.401600636060114097e-37 1.738538120468896902e-38
1.555900421101123333e+09 8.723973767785474608e-38 8.864160179960405276e-38 3.693577687094154436e-39 3.111842859980557163e-38 3.086276490883011100e-38 3.686674689087368217e-39
2.074826557850289106e+09 1.974153263141672494e-38 1.975112295506411894e-38 7.517016785630921913e-40 6.721066885541039204e-39 6.655367348791480049e-39 7.503139459671822366e-40
2.766825682915017128e+09 4.379077744250648437e-39 4.329866488126107597e-39 1.461185773423478581e-40 1.417211537446263511e-39 1.402628775241057224e-39 1.458525650329860921e-40
3.689621347227100849e+09 9.492575998447402794e-40 9.295420621402398241e-40 2.702167851005091360e-41 2.908278620009831037e-40 2.878229249517887005e-40 2.697323333266049503e-41
4.920189143094656944e+09 2.001966850377505721e-40 1.944617894211296632e-40 4.735521293260730146e-42 5.771119679470720038e-41 5.714681651390931954e-41 4.727174230885627132e-42
6.561177672614025116e+09 4.077593872420370973e-41 3.934458828615350019e-41 7.816198149807952177e-43 1.093090081681681314e-41 1.084185487750629093e-41 7.802698662618990756e-43
8.749471046662279129e+09 7.918558655712860083e-42 7.595208505585392264e-42 1.199459546248476100e-43 1.928065088860232137e-42 1.919272462784484448e-42 1.197445489958607006e-43
1.166760716081661987e+10 1.434515008637556301e-42 1.368733514798657326e-42 1.666427827266796478e-44 3.032814060314025107e-43 3.042338786467452979e-43 1.663751414885132038e-44
1.555900421101123428e+10 2.340829064276295170e-43 2.223747848351081725e-43 1.995349781451583649e-45 3.954063370426071783e-44 4.034043017846644302e-44 1.992387786526187277e-45
2.074826557850289154e+10 3.261538650950640637e-44 3.092501740059418073e-44 1.889047978349824415e-46 3.768441740545987867e-45 4.006625182049832059e-45 1.886643094918578289e-46
2.766825682915017319e+10 3.578995908502979511e-45 3.431631633672044532e-45 1.211654298413995895e-47 2.069158955223127882e-46 2.491302077975147801e-46 1.210542641093038547e-47
3.689621347227101135e+10 2.716052293549304533e-46 2.806036832842102870e-46 3.769099269480225779e-49 3.694754404667372526e-48 7.884230935245205393e-48 3.767536808507697839e-49
4.920189143094656372e+10 1.128095024474550551e-47 1.706929939099109642e-47 0.000000000000000000e+00 2.458737825093554909e-50 2.612580167042974628e-49 0.000000000000000000e+00
6.561177672614024353e+10 1.723481768875076483e-49 1.012761475636575460e-48 0.000000000000000000e+00 8.737208034808647968e-52 1.227434674715556013e-50 0.000000000000000000e+00
8.749471046662280273e+10 1.406542901125223781e-53 3.085387219845047340e-50 0.000000000000000000e+00 5.893672650034930134e-54 2.143748870496076271e-52 0.000000000000000000e+00
