1.166760716081661986e+00 8.513293199404401964e-04 1.580890992449480396e-03 5.194012102056035162e-13 7.298902804698540131e-04 1.581744882555351011e-03 5.223061659927878363e-13
1.555900421101123365e+00 5.752895983947192877e-04 1.078830616090980556e-03 5.592215378087261735e-13 4.900191654360882892e-04 1.077253995379995897e-03 5.606762845746316052e-13
2.074826557850288911e+00 3.793021259204599127e-04 7.140171946805112455e-04 5.825951156667203861e-13 3.198175406101795787e-04 7.135821760763857166e-04 5.836200912411753837e-13
2.766825682915017293e+00 2.423024368960626071e-04 4.566608331012236496e-04 5.832014420096031098e-13 2.017718866467906318e-04 4.570873297451230892e-04 5.832514139364248531e-13
3.689621347227101111e+00 1.493774868772376806e-04 2.814208156553032266e-04 5.828712694265994550e-13 1.225791404700547435e-04 2.821044734916080990e-04 5.832243961274622054e-13
4.920189143094656714e+00 8.874031154381702407e-05 1.666497113927609391e-04 5.829299415848794741e-13 7.156610886941402528e-05 1.674238892808477578e-04 5.829727490034888528e-13
6.561177672614024736e+00 5.069339934084833696e-05 9.463015685513300173e-05 5.826793974920864833e-13 4.008485440267762730e-05 9.537649577229558842e-05 5.827569416616761022e-13
8.749471046662279150e+00 2.776620047098151851e-05 5.137905212665583993e-05 5.820697109908118990e-13 2.150468215691789337e-05 5.204099205051581517e-05 5.826374152513704860e-13
1.166760716081661897e+01 1.454512044642457837e-05 2.663047584155108234e-05 5.781253969134049798e-13 1.104836359018916895e-05 2.716515629782831240e-05 5.789037622169517979e-13
1.555900421101123499e+01 7.289193315957376796e-06 1.324858277740856653e-05 5.711260944353348669e-13 5.452166754170575887e-06 1.359049738680975523e-05 5.718711398153770006e-13
2.074826557850288822e+01 3.516651253238824566e-06 6.408673027364568732e-06 5.434879291683833851e-13 2.604812771250871554e-06 6.563811688996550984e-06 5.441353052217592237e-13
2.766825682915017381e+01 1.654026470725212088e-06 3.049393484091734571e-06 4.745088822443898672e-13 1.219190973806333527e-06 3.094908849768980580e-06 4.750262153431205185e-13
3.689621347227100756e+01 7.681592284626069611e-07 1.438470136939767550e-06 3.972667767027245720e-13 5.653596100897661591e-07 1.440226182174345950e-06 3.976209839598187330e-13
4.920189143094656714e+01 3.547259554140980413e-07 6.728621610288446567e-07 3.246788025115521258e-13 2.612231340271574568e-07 6.660250179740624440e-07 3.248818901437743055e-13
6.561177672614024914e+01 1.630771008203303565e-07 3.126792065675626813e-07 2.598734765389123470e-13 1.203057339963127928e-07 3.068057922419874806e-07 2.599634165262979823e-13
8.749471046662279150e+01 7.452912748184680460e-08 1.447396911937389361e-07 2.019749121533110612e-13 5.513777099910886535e-08 1.407610540489110801e-07 2.019847329156835056e-13
1.166760716081661968e+02 3.380991600845581347e-08 6.663965686423510382e-08 1.499594542260802744e-13 2.510249732736175501e-08 6.428165881651952136e-08 1.499314064902348303e-13
1.555900421101123356e+02 1.518639586328277603e-08 3.049676395549102847e-08 1.068189926403563610e-13 1.132202072607998270e-08 2.918461647201736144e-08 1.067775316084157731e-13
2.074826557850288964e+02 6.727616401104146394e-09 1.385028163694954126e-08 7.339446766148732196e-14 5.036819480367989229e-09 1.314448312064767738e-08 7.334975726602118659e-14
2.766825682915017524e+02 2.924981434675287611e-09 6.228364512044505735e-09 4.874513135073990881e-14 2.198282300663814811e-09 5.854332211271726197e-09 4.870576263240474697e-14
3.689621347227101182e+02 1.241880611511753100e-09 2.769383288756782466e-09 3.132585181943134771e-14 9.365905430163851331e-10 2.569122358362545606e-09 3.129415900840475823e-14
4.920189143094656856e+02 5.130642662575883893e-10 1.216210072005237781e-09 1.949766651028012864e-14 3.881469319459461363e-10 1.107844896348953695e-09 1.947412029959266156e-14
6.561177672614023777e+02 2.058555724268524965e-10 5.271638020544910683e-10 1.176069143563932556e-14 1.561457967059792414e-10 4.689520395302838428e-10 1.174451245467557934e-14
8.749471046662279150e+02 8.018200383060008749e-11 2.255596389182746582e-10 6.866282228138680735e-15 6.093864581904712471e-11 1.948421554833355964e-10 6.855993162591605119e-15
1.166760716081661940e+03 3.034577779085534012e-11 9.540398277249259984e-11 3.863378790305863754e-15 2.308596663747977901e-11 7.956612768891182508e-11 3.857180361302733604e-15
1.555900421101123356e+03 1.117907825105268251e-11 3.995067173414061157e-11 2.084370542770721568e-15 8.503181756196625976e-12 3.198671924045112598e-11 2.080897025683993773e-15
2.074826557850288737e+03 4.018724664085403454e-12 1.657236900822258709e-11 1.077598910224870911e-15 3.053323491456616262e-12 1.268521901687074580e-11 1.075764288487851826e-15
2.766825682915017296e+03 1.414448191560160965e-12 6.827616741847433579e-12 5.374035628068830295e-16 1.072515717335242777e-12 4.968931143413194881e-12 5.364795690586599447e-16
3.689621347227101069e+03 4.898407861929090386e-13 2.799252693920736816e-12 2.617523666649103972e-16 3.701137564507973087e-13 1.926487210200715182e-12 2.612972488646262998e-16
4.920189143094656174e+03 1.679822224396184989e-13 1.144389031595008612e-12 1.259459928288982855e-16 1.261680248501870115e-13 7.418641077275795197e-13 1.257249234701284957e-16
6.561177672614025141e+03 5.741389398776176128e-14 4.673151295503887930e-13 6.015620546239900972e-17 4.274130242339962931e-14 2.847955333656718893e-13 6.004983347278011776e-17
8.749471046662278241e+03 1.967939717618968110e-14 1.907227265604852144e-13 2.852743474651228497e-17 1.446862876272216139e-14 1.091903070816243605e-13 2.847662332403284849e-17
1.166760716081662031e+04 6.796919491585309968e-15 7.784589935178540600e-14 1.341940223506326897e-17 4.915275497302856651e-15 4.182799285374297162e-14 1.339528940086650437e-17
1.555900421101123356e+04 2.369794366431355967e-15 3.173991914115135610e-14 6.254553626221960500e-18 1.679136887272086522e-15 1.601534780825760249e-14 6.243219111598773293e-18
2.074826557850289100e+04 8.333795224476290355e-16 1.286063332052136240e-14 2.884372801865598520e-18 5.766589886193582949e-16 6.114879805165227423e-15 2.879076002407701438e-18
2.766825682915017387e+04 2.947868921347195071e-16 5.146920858956465080e-15 1.313976970482950922e-18 1.986341008109454475e-16 2.316192388143189296e-15 1.311525188210523362e-18
3.689621347227100341e+04 1.044093869213102683e-16 2.029236303695632782e-15 5.901642661637191864e-19 6.841446078409494979e-17 8.666197892390024579e-16 5.890456990852308440e-19
4.920189143094656174e+04 3.686822586753052828e-17 7.832112523494255157e-16 2.607587148034914580e-19 2.348499338818374947e-17 3.179788468417590309e-16 2.602573909879326389e-19
6.561177672614024777e+04 1.293517098597092292e-17 2.947614979141038625e-16 1.130477770307977161e-19 8.017486494364230111e-18 1.137013196608502943e-16 1.128272558390562636e-19
8.749471046662278241e+04 4.492077082397246299e-18 1.079616386166298469e-16 4.794503525332926260e-20 2.712645742290243704e-18 3.954133959488640145e-17 4.785027952676291028e-20
1.166760716081661958e+05 1.541347423779509914e-18 3.836580021880538134e-17 1.982480433785821401e-20 9.074952981126820700e-19 1.333116286930523374e-17 1.978514782453828730e-20
1.555900421101123211e+05 5.215645223550065718e-19 1.322859311693075753e-17 7.962150545331696580e-21 2.993456667530151099e-19 4.340646043328584001e-18 7.946054254222949833e-21
2.074826557850289100e+05 1.734320083948473984e-19 4.438144460686721723e-18 3.093769705724602235e-21 9.707847287245920947e-20 1.362917649365856998e-18 3.087463663856649185e-21
2.766825682915017242e+05 5.649512248187273668e-20 1.443515383785595198e-18 1.158410168208894797e-21 3.086142786256163933e-20 4.115110667549895530e-19 1.156035637365956567e-21
3.689621347227101214e+05 1.801058190081840729e-20 4.533676836306653900e-19 4.164314524720761640e-22 9.586004937441889017e-21 1.193692196473620410e-19 4.155760526253711444e-22
4.920189143094656756e+05 5.593964747621502869e-21 1.385805692036072830e-19 1.432828828855536581e-22 2.896702936258622725e-21 3.342119783227378335e-20 1.429889558856592489e-22
6.561177672614024486e+05 1.681695165023029982e-21 4.113914805975532413e-20 4.709091091081942478e-23 8.472425509446322439e-22 8.985498848163851174e-21 4.699462265552531870e-23
8.749471046662279405e+05 4.869649164604735529e-22 1.176417386560607851e-20 1.477692741589109608e-23 2.392315246245655859e-22 2.305645515237653596e-21 1.474688414968519753e-23
1.166760716081662104e+06 1.357925193322835127e-22 3.209394833139472851e-21 4.434551865337831285e-24 6.523100580058007986e-23 5.680337792685481096e-22 4.425595712942577766e-24
1.555900421101123560e+06 3.651749423149931011e-23 8.333904539807024260e-22 1.277727619060282468e-24 1.721109781607579695e-23 1.341269632832407205e-22 1.275165235882525057e-24
2.074826557850289159e+06 9.509745817898113764e-24 2.057486609017075201e-22 3.555615993834019675e-25 4.418593464005087688e-24 3.036561090478859828e-23 3.548530102952023312e-25
2.766825682915017474e+06 2.411918200915500520e-24 4.822005048415340688e-23 9.623739215441361399e-26 1.109122398634784339e-24 6.626640777801348437e-24 9.604658808924669342e-26
3.689621347227101214e+06 6.010561802930707328e-25 1.077261018964194408e-23 2.551556158883027280e-26 2.748763853317396898e-25 1.406474246703469585e-24 2.546518699501823233e-26
4.920189143094656989e+06 1.482927599491262732e-25 2.303832304245753122e-24 6.667547952091526191e-27 6.763400901711739138e-26 2.940695295325485565e-25 6.654421634941192062e-27
6.561177672614024952e+06 3.644751345990454009e-26 4.758234175308320649e-25 1.725303542437281831e-27 1.658910526593685880e-26 6.086194170100381581e-26 1.721913919161828389e-27
8.749471046662278473e+06 8.964794657458957641e-27 9.606182176475116293e-26 4.435316656366369840e-28 4.075025036289963776e-27 1.255967148355805844e-26 4.426613737455542238e-28
1.166760716081662104e+07 2.214011485417366288e-27 1.905587029236146597e-26 1.135297683124837019e-28 1.005662075212273740e-27 2.608000813036511445e-27 1.133071521737676689e-28
1.555900421101123467e+07 5.489777188621673125e-28 3.762204045375591465e-27 2.897846693037408740e-29 2.489479311323777794e-28 5.537311187556861415e-28 2.892167070538966602e-29
2.074826557850288972e+07 1.366676667522811662e-28 7.438447662725595504e-28 7.380184080998518177e-30 6.182882134022585663e-29 1.185701130405530431e-28 7.365720592442558854e-30
2.766825682915017009e+07 3.410144141962017233e-29 1.481006297259453526e-28 1.873171571643971536e-30 1.536468771886544195e-29 2.592599574031535315e-29 1.869502128935531675e-30
3.689621347227101028e+07 8.506960440605434322e-30 2.976695762633316638e-29 4.725490416905658130e-31 3.808742128161176848e-30 5.756514737536384498e-30 4.716249372041384884e-31
4.920189143094656616e+07 2.117392343782748224e-30 6.108907632141444230e-30 1.184075742741885551e-31 9.422756210356851042e-31 1.297729764183128278e-30 1.181764739304754428e-31
6.561177672614024580e+07 5.261951691141651858e-31 1.262106210504258359e-30 2.955129881237548897e-32 2.331347430254584444e-31 2.979330359492877564e-31 2.949364633578557282e-32
8.749471046662279963e+07 1.306591718351306881e-31 2.663728053216564063e-31 7.356334428637453158e-33 5.763101896518882903e-32 6.944061810667301827e-32 7.341990632126897764e-33
1.166760716081662029e+08 3.241190262553224553e-32 5.765126286397657787e-32 1.825051782588368075e-33 1.421834510149248373e-32 1.631353462120796775e-32 1.821495626949094400e-33
1.555900421101123393e+08 8.025167233643282429e-33 1.266607567817706016e-32 4.507320226835986660e-34 3.495599708180592928e-33 3.859408358453507166e-33 4.498546351269050364e-34
2.074826557850289047e+08 1.981090950046871705e-33 2.825328311897341800e-33 1.106446880805541349e-34 8.550011431446377344e-34 9.165401617079402805e-34 1.104296028706995580e-34
2.766825682915017605e+08 4.870098279257527111e-34 6.374838082241431301e-34 2.694389617575194440e-35 2.076802204432716513e-34 2.175369469523598894e-34 2.689161604783785911e-35
3.689621347227101326e+08 1.190485670505170425e-34 1.456381381185325881e-34 6.492357943584813006e-36 4.999018337177479326e-35 5.145231807872237756e-35 6.479792285522160410e-36
4.920189143094656467e+08 2.889079032904601233e-35 3.348424787379178602e-35 1.542886929692442959e-36 1.189612004829936373e-35 1.209224260927021549e-35 1.539910964837983889e-36
6.561177672614024878e+08 6.948368904742853157e-36 7.708775109434845025e-36 3.601647371220603428e-37 2.791950783791123623e-36 2.812204433560335875e-36 3.594732237630573911e-37
8.749471046662279367e+08 1.653000492429788915e-36 1.773232915808916251e-36 8.219188007033924732e-38 6.447264812159710241e-37 6.452199854668299181e-37 8.203502318091798651e-38
1.166760716081662178e+09 3.882374868068155538e-37 4.052395776234670287e-37 1.823780497304787450e-38 1.461832397833084992e-37 1.455941954985653741e-37 1.820326869845562386e-38
1.555900421101123333e+09 8.984101994212046438e-38 9.185625800327594926e-38 3.912380019026827140e-39 3.248359968308538435e-38 3.224693830619554260e-38 3.905042477374084382e-39
2.074826557850289106e+09 2.043885169204148812e-38 2.055068908536787734e-38 8.067710332334797210e-40 7.061343429012372460e-39 6.996503435597129129e-39 8.052754617935076990e-40
2.766825682915017128e+09 4.559802198899480047e-39 4.526824117583699090e-39 1.590798473159343592e-40 1.498470047357819705e-39 1.483600711071491062e-39 1.587888896746567780e-40
3.689621347227100849e+09 9.943524969718587250e-40 9.769459844444360385e-40 2.985632147089091313e-41 3.093638398337324756e-40 3.062330308580841648e-40 2.980253001442040559e-41
4.920189143094656944e+09 2.109674013620685171e-40 2.054926824010864174e-40 5.308693802921740638e-42 6.172688778514575276e-41 6.113043123703220944e-41 5.299290307265066873e-42
6.561177672614025116e+09 4.321754419344088311e-41 4.179844306611814029e-41 8.881452540115828336e-43 1.174741483086639389e-41 1.165252589731192056e-41 8.866041567745709362e-43
8.749471046662279129e+09 8.436957996197886800e-42 8.108811724071820622e-42 1.379369364040498445e-43 2.080370451431918805e-42 2.070999133928681255e-42 1.377043307254266223e-43
1.166760716081661987e+10 1.535445157247475916e-42 1.467683084044185431e-42 1.936007358717750117e-44 3.282965401777355124e-43 3.293515518902682466e-43 1.932886013196715952e-44
1.555900421101123428e+10 2.515134313140985908e-43 2.393447125286395416e-43 2.337633972572958783e-45 4.291134845215796387e-44 4.378498708860400727e-44 2.334151952644963543e-45
2.074826557850289154e+10 3.515333100270829179e-44 3.339191314833764133e-44 2.227997741652695759e-46 4.097840227864794537e-45 4.358109184708126869e-45 2.225152756760622237e-46
2.766825682915017319e+10 3.867295956538436994e-45 3.716467312975268079e-45 1.436657314200733016e-47 2.253472177227180636e-46 2.715575211844857646e-46 1.435336013274101313e-47
3.689621347227101135e+10 2.941144256998754731e-46 3.049477429586198238e-46 4.487989846200098092e-49 4.028519410920340723e-48 8.629101871292689675e-48 4.486128799577041113e-49
4.920189143094656372e+10 1.223862560284020624e-47 1.864238308386880870e-47 0.000000000000000000e+00 2.701321508325337277e-50 2.882709407704356449e-49 0.000000000000000000e+00
6.561177672614024353e+10 1.873360602915763609e-49 1.110672023283174010e-48 0.000000000000000000e+00 9.596056633728174281e-52 1.357085429570690216e-50 0.000000000000000000e+00
8.749471046662280273e+10 1.543853925980017608e-53 3.386344127993797957e-50 0.000000000000000000e+00 6.470888744798528950e-54 2.378651099165027903e-52 0.000000000000000000e+00
