1.166760716081661986e+00 8.515201265487169595e-04 1.581470303493347392e-03 5.245021113600359066e-13 7.300852965047722326e-04 1.582310731657552870e-03 5.274366864170042192e-13
1.555900421101123365e+00 5.753698465364375739e-04 1.079172646326148621e-03 5.647136620488683135e-13 4.901096419153560136e-04 1.077587803033415448e-03 5.661821360855633989e-13
2.074826557850288911e+00 3.793152578112148911e-04 7.142017773915699825e-04 5.883170165192137009e-13 3.198448524037398872e-04 7.137591123485515854e-04 5.893517700363937052e-13
2.766825682915017293e+00 2.422821912336295131e-04 4.567476641361605861e-04 5.889300041197661703e-13 2.017665302387854206e-04 4.571668540691762282e-04 5.889792449274035002e-13
3.689621347227101111e+00 1.493458617064331515e-04 2.814528049017533907e-04 5.885961350300125669e-13 1.225610489973211279e-04 2.821303003794246866e-04 5.889521484620074551e-13
4.920189143094656714e+00 8.870891546245416627e-05 1.666546048171752589e-04 5.886553252890600071e-13 7.154620334872587441e-05 1.674238179300755434e-04 5.886979112641555237e-13
6.561177672614024736e+00 5.066732820774871334e-05 9.462432780077962408e-05 5.884017616619644641e-13 4.006810563191408737e-05 9.536659362086837087e-05 5.884804161153990247e-13
8.749471046662279150e+00 2.774691764992192952e-05 5.137113756034309412e-05 5.877860776115285642e-13 2.149259198264905147e-05 5.202965136765102567e-05 5.883598343584501622e-13
1.166760716081661897e+01 1.453214172001145262e-05 2.662414034857401814e-05 5.837996927834267530e-13 1.104058628136109471e-05 2.715597832393574858e-05 5.845861551253508591e-13
1.555900421101123499e+01 7.281103840462501168e-06 1.324455702447631051e-05 5.767269639081123949e-13 5.447565353412134197e-06 1.358431305146112274e-05 5.774794881143617287e-13
2.074826557850288822e+01 3.511762723925736257e-06 6.406333597754900093e-06 5.487958313836239606e-13 2.602133885951433602e-06 6.560020985045676332e-06 5.494495643661383403e-13
2.766825682915017381e+01 1.650885987616202741e-06 3.047883123657776087e-06 4.790892143932651437e-13 1.217450535489019670e-06 3.092483399221866367e-06 4.796114825150713283e-13
3.689621347227100756e+01 7.658313878321798785e-07 1.437237737971248603e-06 4.010528663641874885e-13 5.639763904755313168e-07 1.438386653225800177e-06 4.014102814663829700e-13
4.920189143094656714e+01 3.527667214027961604e-07 6.716932461560219043e-07 3.277378619659113828e-13 2.599588366366940921e-07 6.643944158437897739e-07 3.279426850637372642e-13
6.561177672614024914e+01 1.613537769155857703e-07 3.115354293963263830e-07 2.622970569324082738e-13 1.191247284029917095e-07 3.052735382570578792e-07 2.623876397202291057e-13
8.749471046662279150e+01 7.305432928905129280e-08 1.436707941830215162e-07 2.038378322473138557e-13 5.408913439594832904e-08 1.393576987737409193e-07 2.038475566123737836e-13
1.166760716081661968e+02 3.263283473214752453e-08 6.571738626213152713e-08 1.513217561344794458e-13 2.424707594165135100e-08 6.308318403708743246e-08 1.512933006412594926e-13
1.555900421101123356e+02 1.432984745854572875e-08 2.977428784004278598e-08 1.077713814575228806e-13 1.069100653333282270e-08 2.825247457639771764e-08 1.077294321483404719e-13
2.074826557850288964e+02 6.164188563375951747e-09 1.333986286367913787e-08 7.403494820034071225e-14 4.617925242402093506e-09 1.249055426836839105e-08 7.398975836815458276e-14
2.766825682915017524e+02 2.589618814626779615e-09 5.902490510864370189e-09 4.916031870590658489e-14 1.947254837441436815e-09 5.440372894020038378e-09 4.912054875780557715e-14
3.689621347227101182e+02 1.059949040804445459e-09 2.579682315658271161e-09 3.158542839640609848e-14 7.996377397712631621e-10 2.330838777218421692e-09 3.155342553373868523e-14
4.920189143094656856e+02 4.221821094416539908e-10 1.114206836536784414e-09 1.965422609206490790e-14 3.193847959193344219e-10 9.816220942432973403e-10 1.963045789084208562e-14
6.561177672614023777e+02 1.635901447539518701e-10 4.757680634951653868e-10 1.185175376608374999e-14 1.240193600735069083e-10 4.065682265756150535e-10 1.183542809517794361e-14
8.749471046662279150e+02 6.169752606167862953e-11 2.009546447150986028e-10 6.917196413630058158e-15 4.683075040772007825e-11 1.656904056261491438e-10 6.906818046065596507e-15
1.166760716081661940e+03 2.267917178289320661e-11 8.408195820523103353e-11 3.890505546330234252e-15 1.721506465720312655e-11 6.653707910206832083e-11 3.884256280712434100e-15
1.555900421101123356e+03 8.144022767391197163e-12 3.490562714328555176e-11 2.097977787177296950e-15 6.173582744636793559e-12 2.637082254311277787e-11 2.094477815600012402e-15
2.074826557850288737e+03 2.866643712892576883e-12 1.438580544246859996e-11 1.083968769840092930e-15 2.167487143507169836e-12 1.033840807761720377e-11 1.082121485628608396e-15
2.766825682915017296e+03 9.935924571451829109e-13 5.903104448605806367e-12 5.401868037574481202e-16 7.483860187409122505e-13 4.016198196520038605e-12 5.392572163296411474e-16
3.689621347227101069e+03 3.412375221790333050e-13 2.417133269524482472e-12 2.629004744358711261e-16 2.555210489955958463e-13 1.550110889391992134e-12 2.624430235272303924e-16
4.920189143094656174e+03 1.169623765829704453e-13 9.892791428433277666e-13 1.264003748457790976e-16 8.681840906225315908e-14 5.966412250544670671e-13 1.261783712582803364e-16
6.561177672614025141e+03 4.025630258885018329e-14 4.049291789330475194e-13 6.033015966340651854e-17 2.952130135998113917e-14 2.297572678627144075e-13 6.022342629215482343e-17
8.749471046662278241e+03 1.397574249595119401e-14 1.655667523871123977e-13 2.859171039429808413e-17 1.008603411018407949e-14 8.853688340878766443e-14 2.854076415695974115e-17
1.166760716081662031e+04 4.904094316557610977e-15 6.754598442826934520e-14 1.344213803705676899e-17 3.469802434263717121e-15 3.407866194166654391e-14 1.341797697157721162e-17
1.555900421101123356e+04 1.737355501281193251e-15 2.742067850769425499e-14 6.262143441487751830e-18 1.201753973625257354e-15 1.308048332571171514e-14 6.250792606650931863e-18
2.074826557850289100e+04 6.195004798985236162e-16 1.100878896971195587e-14 2.886700016946892961e-18 4.182494589615826919e-16 4.987173949070624251e-15 2.881398088523166773e-18
2.766825682915017387e+04 2.215442179564550374e-16 4.343867220044073489e-15 1.314592715590970453e-18 1.458368185827745784e-16 1.877669089906124927e-15 1.312139515090723562e-18
3.689621347227100341e+04 7.912477628816571403e-17 1.682075370875624715e-15 5.902775370190563100e-19 5.080086158627617506e-17 6.953154878593756926e-16 5.891586751390962483e-19
4.920189143094656174e+04 2.813238281098195107e-17 6.360919151310072136e-16 2.607507243190731215e-19 1.763406217652835449e-17 2.517267607699240939e-16 2.602493943246272175e-19
6.561177672614024777e+04 9.937782784579671504e-18 2.343787669600206668e-16 1.130244707098977305e-19 6.092359506584788919e-18 8.866224183123531406e-17 1.128039901336702299e-19
8.749471046662278241e+04 3.478678995568456838e-18 8.413403501080111964e-17 4.792862155635226158e-20 2.089192839711563338e-18 3.037575000009406659e-17 4.783389747185640836e-20
1.166760716081661958e+05 1.205359971598636240e-18 2.936495895954403627e-17 1.981595812426595479e-20 7.096391267710331074e-19 1.010345672008398257e-17 1.977631930008050205e-20
1.555900421101123211e+05 4.127117600300306921e-19 9.972526643250774092e-18 7.957976545483816637e-21 2.380599059988317573e-19 3.252476006205293120e-18 7.941888764746261192e-21
2.074826557850289100e+05 1.391074887657196086e-19 3.305576779994865272e-18 3.091969620519679520e-21 7.860224657960277237e-20 1.012315220404855336e-18 3.085667292095726410e-21
2.766825682915017242e+05 4.598607340045951489e-20 1.065395838497137189e-18 1.157690558835225295e-21 2.544871943556582418e-20 3.037716078543515744e-19 1.155317516332774757e-21
3.689621347227101214e+05 1.488105632412958522e-20 3.324214714525946337e-19 4.161617452060444232e-22 8.045981305795594201e-21 8.779462996931418781e-20 4.153069053204190568e-22
4.920189143094656756e+05 4.689862467278906135e-21 1.011586650855103229e-19 1.431882016691600809e-22 2.472012006545663401e-21 2.454275840690796417e-20 1.428944700216965881e-22
6.561177672614024486e+05 1.430183557209540997e-21 2.994338671097389916e-20 4.705959641719356561e-23 7.343009542152507295e-22 6.599869171308341221e-21 4.696337241309505874e-23
8.749471046662279405e+05 4.200650604588237542e-22 8.548706285359019048e-21 1.476707243731407169e-23 2.103453925081118938e-22 1.696519294582247778e-21 1.473704924641215617e-23
1.166760716081662104e+06 1.188019204572609029e-22 2.330848165003730062e-21 4.431573003791736940e-24 5.812573232773267300e-23 4.192840841440519424e-22 4.422622878280765751e-24
1.555900421101123560e+06 3.240148429688662985e-23 6.054479127440136393e-22 1.276852147865555814e-24 1.552994951934299514e-23 9.945162246843989446e-23 1.274291526150541606e-24
2.074826557850289159e+06 8.557713843889344127e-24 1.496429454857623733e-22 3.553077576653312226e-25 4.034228261157753540e-24 2.265199619322379589e-23 3.545996777722410195e-25
2.766825682915017474e+06 2.201401932732233211e-24 3.514018033196136975e-23 9.616364644164845490e-26 1.024321610754608622e-24 4.982489503444238196e-24 9.597299027031217140e-26
3.689621347227101214e+06 5.562060161997442400e-25 7.873201684115613968e-24 2.549379340506317529e-26 2.565881781448941196e-25 1.068173781138315339e-24 2.544346255311617995e-26
4.920189143094656989e+06 1.390230739876880085e-25 1.690542458599755360e-24 6.660957159060314106e-27 6.376833992777143730e-26 2.261041248221870071e-25 6.647844138001756656e-27
6.561177672614024952e+06 3.457805726816472936e-26 3.510461021177452217e-25 1.723249991557244628e-27 1.579001509105209609e-26 4.751085184040374410e-26 1.719864529268114015e-27
8.749471046662278473e+06 8.594053194516287235e-27 7.136815553913659586e-26 4.428745810838449318e-28 3.911794157688194017e-27 9.984390737387991532e-27 4.420056264065010186e-28
1.166760716081662104e+07 2.140756894596937265e-27 1.428616192585211994e-26 1.133149674728313514e-28 9.722275463730781812e-28 2.117225569809811479e-27 1.130927900904774890e-28
1.555900421101123467e+07 5.345362120506582506e-28 2.852642037167760932e-27 2.890716422795225776e-29 2.421402017847191137e-28 4.594810618585449261e-28 2.885051403961333331e-29
2.074826557850288972e+07 1.337898658475087071e-28 5.718749075241494511e-28 7.356292773497202074e-30 6.042332726015675426e-29 1.007568888662844254e-28 7.341878324091402666e-30
2.766825682915017009e+07 3.351311657513172578e-29 1.157402783057988388e-28 1.865140011345591988e-30 1.506512472528439467e-29 2.254012987310326272e-29 1.861487076941100988e-30
3.689621347227101028e+07 8.381243291582064428e-30 2.370228934938783326e-29 4.698548979188241820e-31 3.741741357810653735e-30 5.112061542381041483e-30 4.689363307919155589e-31
4.920189143094656616e+07 2.089033062883133370e-30 4.961143599139727076e-30 1.175075969403097489e-31 9.263136422843064449e-31 1.174311863252499964e-30 1.172783452418842041e-31
6.561177672614024580e+07 5.193048618778597412e-31 1.047403943582895867e-30 2.925158354825075139e-32 2.290482653400793177e-31 2.737470418460431523e-31 2.919454692697402926e-32
8.749471046662279963e+07 1.288526873505788552e-31 2.258553930019275807e-31 7.256857771600564130e-33 5.651354728815227067e-32 6.453757436173285676e-32 7.242718423439206410e-33
1.166760716081662029e+08 3.190679351621870329e-32 4.984803388015418564e-32 1.792206890416235305e-33 1.389589608854486930e-32 1.528777418426093963e-32 1.788718245520866230e-33
1.555900421101123393e+08 7.877173143396609428e-33 1.114963112003162849e-32 4.399676877262167126e-34 3.399394436883739502e-33 3.633304183695194891e-33 4.391124208588439771e-34
2.074826557850289047e+08 1.936511043446642301e-33 2.524958469232242040e-33 1.071521197146060875e-34 8.258540490224348173e-34 8.635441280151797244e-34 1.069442077071100679e-34
2.766825682915017605e+08 4.734228156577737954e-34 5.765262806474979311e-34 2.582566220782100949e-35 1.988441672059084288e-34 2.044114233260115832e-34 2.577567620161584240e-35
3.689621347227101326e+08 1.149142780435210599e-34 1.326997500008837549e-34 6.140487214922023747e-36 4.734133985946409728e-35 4.805068172337661557e-35 6.128642062929838791e-36
4.920189143094656467e+08 2.764683952629568975e-35 3.061181724413318325e-35 1.434619100127066863e-36 1.111822747665658837e-35 1.118509164120463991e-35 1.431864157692836120e-36
6.561177672614024878e+08 6.580741349953044401e-36 7.044177135400904967e-36 3.277915133305804027e-37 2.569762101501277528e-36 2.568904800410454892e-36 3.271657841378592258e-37
8.749471046662279367e+08 1.546806308089346601e-36 1.613276688681518017e-36 7.285333258263576481e-38 5.833313096386452950e-37 5.806270993309553383e-37 7.271532747525393262e-38
1.166760716081662178e+09 3.583510604673908450e-37 3.658996877553551543e-37 1.566029776958146752e-38 1.298314190405710497e-37 1.288296325547909605e-37 1.563091775202570735e-38
1.555900421101123333e+09 8.166767562298493971e-38 8.205297484107719053e-38 3.237647884082886642e-39 2.829582556060089539e-38 2.802165956250270666e-38 3.231644054208195881e-39
2.074826557850289106e+09 1.827221246091834682e-38 1.811739022322086605e-38 6.406652207921249470e-40 6.031753429277950074e-39 5.967316637172855335e-39 6.394930421257965617e-40
2.766825682915017128e+09 4.004810192083322784e-39 3.930797773900055855e-39 1.208986453633038738e-40 1.255860302076380631e-39 1.242256498531789977e-39 1.206806814539298178e-40
3.689621347227100849e+09 8.575362769464126089e-40 8.346410802518358963e-40 2.170376120409918401e-41 2.547138555492046802e-40 2.520047691721925847e-40 2.166523570384320083e-41
4.920189143094656944e+09 1.786859780843040756e-40 1.726907225157991707e-40 3.697682242621120336e-42 5.002242202949045873e-41 4.952498706395712609e-41 3.691226671417569696e-42
6.561177672614025116e+09 3.598587427154518193e-41 3.457445222894031116e-41 5.949425293683315089e-43 9.391422429054140796e-42 9.313924101025245645e-42 5.939239517279616040e-43
8.749471046662279129e+09 6.918322765660100882e-42 6.611513085442886018e-42 8.931365679037718981e-44 1.644655637099904882e-42 1.636985143877509791e-42 8.916484495433000293e-44
1.166760716081661987e+10 1.242643909085924271e-42 1.181801405492133246e-42 1.218499491217849891e-44 2.572385389327171396e-43 2.580068697776926275e-43 1.216555682885845914e-44
1.555900421101123428e+10 2.013671760060458757e-43 1.907051116089732297e-43 1.437918213150561370e-45 3.339129068769028187e-44 3.405728583755068416e-44 1.435796193871377874e-45
2.074826557850289154e+10 2.790265968765701740e-44 2.637064810650475743e-44 1.345884515088460567e-46 3.171756976659581025e-45 3.370188820894229117e-45 1.344179745680748002e-46
2.766825682915017319e+10 3.048448905985264220e-45 2.911051264456269249e-45 8.556812359959866200e-48 1.737122684970187425e-46 2.087853012096516459e-46 8.548992865636755473e-48
3.689621347227101135e+10 2.305007968339022177e-46 2.365973218783413668e-46 2.643400521657050495e-49 3.095638515834293253e-48 6.555855230091753364e-48 2.642305277686215915e-49
4.920189143094656372e+10 9.543554028511699091e-48 1.426459282064162804e-47 0.000000000000000000e+00 2.031553770980802243e-50 2.136453067969311838e-49 0.000000000000000000e+00
6.561177672614024353e+10 1.453341867984549965e-49 8.400296796343227273e-49 0.000000000000000000e+00 7.224931631875833851e-52 9.983892081546421278e-51 0.000000000000000000e+00
8.749471046662280273e+10 1.164889053696528084e-53 2.555761743578408800e-50 0.000000000000000000e+00 4.877557220348662737e-54 1.726912094337804363e-52 0.000000000000000000e+00
