1.166760716081661986e+00 8.515220716982934172e-04 1.581477017644946238e-03 5.245522004468593643e-13 7.300873239662518605e-04 1.582317256637671152e-03 5.274870672077461142e-13
1.555900421101123365e+00 5.753704993674042681e-04 1.079176488237644374e-03 5.647675931013833167e-13 4.901104450522179336e-04 1.077591523069339283e-03 5.662362010307087921e-13
2.074826557850288911e+00 3.793151758613257422e-04 7.142037689329581648e-04 5.883732037894305827e-13 3.198449633094898031e-04 7.137609925717322947e-04 5.894080530846989737e-13
2.766825682915017293e+00 2.422817816111875089e-04 4.567485394987166273e-04 5.889862577725760228e-13 2.017663159857861809e-04 4.571676269538690516e-04 5.890354897292953742e-13
3.689621347227101111e+00 1.493453738561764047e-04 2.814530746201133961e-04 5.886523516827141375e-13 1.225607348384823733e-04 2.821304865094978465e-04 5.890083929211233371e-13
4.920189143094656714e+00 8.870846970539693745e-05 1.666545885516350475e-04 5.887115468281860475e-13 7.154590322470697557e-05 1.674237361512681847e-04 5.887541301347448053e-13
6.561177672614024736e+00 5.066697019466055068e-05 9.462420872910792563e-05 5.884579527629015137e-13 4.006786533786683367e-05 9.536642168243893440e-05 5.885366190138691022e-13
8.749471046662279150e+00 2.774665483910770787e-05 5.137100954072514346e-05 5.878422099140081441e-13 2.149242041259199066e-05 5.202947897099501322e-05 5.884160268899262071e-13
1.166760716081661897e+01 1.453196254303497920e-05 2.662404112825949752e-05 5.838554064560389290e-13 1.104047391624836979e-05 2.715584188717818620e-05 5.846419486649271952e-13
1.555900421101123499e+01 7.280988243609702002e-06 1.324449164872958355e-05 5.767819500911534525e-13 5.447495545961378347e-06 1.358421875243170362e-05 5.775345477719573799e-13
2.074826557850288822e+01 3.511688703382287543e-06 6.406292337901913503e-06 5.488479062321262869e-13 2.602089881537162958e-06 6.559959471957614713e-06 5.495017014984590892e-13
2.766825682915017381e+01 1.650835047482871788e-06 3.047854278131097856e-06 4.791340698868319441e-13 1.217419532448367892e-06 3.092440949678348901e-06 4.796563861791829311e-13
3.689621347227100756e+01 7.657918191530424533e-07 1.437213848491728062e-06 4.010898905534445330e-13 5.639509616084217636e-07 1.438353053312193391e-06 4.014473367925509526e-13
4.920189143094656714e+01 3.527332780224547793e-07 6.716714063989128102e-07 3.277677476920694481e-13 2.599361468812174294e-07 6.643648337503581752e-07 3.279725875336033483e-13
6.561177672614024914e+01 1.613253008605543195e-07 3.115152736107879722e-07 2.623207164232866406e-13 1.191046612852635653e-07 3.052468447264233404e-07 2.624113052779290767e-13
8.749471046662279150e+01 7.303133239352970792e-08 1.436532022701876688e-07 2.038560014634670238e-13 5.407254315667817284e-08 1.393346806962860971e-07 2.038657247084650547e-13
1.166760716081661968e+02 3.261580546150962668e-08 6.570333960430105977e-08 1.513350228855240729e-13 2.423461029479893793e-08 6.306494273293550884e-08 1.513065632911001577e-13
1.555900421101123356e+02 1.431845446933213372e-08 2.976417135893546494e-08 1.077806403845903603e-13 1.068258412687714475e-08 2.823943075579620322e-08 1.077386862360265645e-13
2.074826557850288964e+02 6.157308816602741747e-09 1.333329757494555447e-08 7.404116391060362964e-14 4.612801536080456231e-09 1.248216231796837394e-08 7.399596935961569868e-14
2.766825682915017524e+02 2.585841137514949208e-09 5.898618497273444353e-09 4.916434068207998951e-14 1.944424276603159479e-09 5.435479110125655245e-09 4.912456680052092708e-14
3.689621347227101182e+02 1.058041179701796511e-09 2.577577450055989084e-09 3.158793806604646407e-14 7.982003295649883173e-10 2.328217904926817805e-09 3.155593217360901220e-14
4.920189143094656856e+02 4.212851007867940768e-10 1.113135268436858357e-09 1.965573655845067956e-14 3.187054724735156649e-10 9.803135350672127973e-10 1.963196619454071028e-14
6.561177672614023777e+02 1.631932339784425617e-10 4.752495438594057483e-10 1.185263026372672351e-14 1.237173341041615936e-10 4.059502397445637971e-10 1.183630316825577143e-14
8.749471046662279150e+02 6.153078993681735683e-11 2.007132428002316577e-10 6.917685133378071104e-15 4.670334030689162636e-11 1.654110150069132638e-10 6.907305901695052018e-15
1.166760716081661940e+03 2.261223989079654024e-11 8.397291316516279425e-11 3.890765018402182769e-15 1.716374763045672278e-11 6.641508482706179022e-11 3.884515263070663483e-15
1.555900421101123356e+03 8.118231320377580028e-12 3.485765192906257854e-11 2.098107313715005320e-15 6.153763294310897831e-12 2.631911227180232152e-11 2.094607088722632307e-15
2.074826557850288737e+03 2.857072838779251462e-12 1.436521659686041752e-11 1.084028999666819438e-15 2.160120105517148016e-12 1.031707703808165600e-11 1.082181595023025345e-15
2.766825682915017296e+03 9.901614959691041951e-13 5.894468816967179352e-12 5.402128886317225628e-16 7.457407578578292293e-13 4.007631585019248252e-12 5.392832484850929798e-16
3.689621347227101069e+03 3.400436244228277154e-13 2.413582991041895303e-12 2.629111178497479041e-16 2.545993443669287799e-13 1.546755938216264136e-12 2.624536451882158413e-16
4.920189143094656174e+03 1.165562190632111245e-13 9.878387482837686991e-13 1.264045339137872357e-16 8.650479397121099982e-14 5.953535312562086019e-13 1.261825217174912500e-16
6.561177672614025141e+03 4.012003954978382481e-14 4.043460712156853459e-13 6.033172805000905381e-17 2.941623292142824116e-14 2.292692543813896221e-13 6.022499139275066362e-17
8.749471046662278241e+03 1.393020895650388739e-14 1.653282856080790151e-13 2.859227871549791335e-17 1.005107052184433328e-14 8.835255759801871325e-14 2.854133127281732540e-17
1.166760716081662031e+04 4.888796128157642954e-15 6.744642551989971264e-14 1.344233356032216381e-17 3.458160819097457553e-15 3.400860999502295924e-14 1.341817207366860434e-17
1.555900421101123356e+04 1.732154403876194621e-15 2.737809557765114901e-14 6.262205906811764819e-18 1.197858078155629254e-15 1.305350201609878230e-14 6.250854934561936420e-18
2.074826557850289100e+04 6.177076189590489957e-16 1.099027555695161426e-14 2.886717685327525167e-18 4.169379243312098437e-16 4.976631649386673534e-15 2.881415716421499193e-18
2.766825682915017387e+04 2.209194730494996213e-16 4.335804894810584907e-15 1.314596557997806881e-18 1.453938468758056533e-16 1.873519640647959882e-15 1.312143347817942208e-18
3.689621347227100341e+04 7.890621393706979778e-17 1.678609724853703897e-15 5.902777216702646523e-19 5.065149189722335531e-17 6.936868903469102655e-16 5.891588587039125460e-19
4.920189143094656174e+04 2.805622849722456794e-17 6.346427150533648609e-16 2.607502598366189769e-19 1.758406212700988634e-17 2.510986425605876983e-16 2.602489305429025571e-19
6.561177672614024777e+04 9.911542019384677001e-18 2.337944166812679813e-16 1.130240837421111001e-19 6.075824530926261068e-18 8.842688399964880963e-17 1.128036038808395190e-19
8.749471046662278241e+04 3.469795989448143614e-18 8.390775502830036194e-17 4.792839696502645542e-20 2.083820963144551967e-18 3.029059038313454369e-17 4.783367331962735449e-20
1.166760716081661958e+05 1.202415860812136712e-18 2.928099767037778129e-17 1.981584651705044742e-20 7.079307509737784094e-19 1.007383417376400461e-17 1.977620791715195594e-20
1.555900421101123211e+05 4.117587301823725589e-19 9.942624596327970905e-18 7.957926231192548262e-21 2.375298199385214619e-19 3.242604022681513596e-18 7.941838553227459567e-21
2.074826557850289100e+05 1.388071921877848560e-19 3.295307750588576299e-18 3.091948565622580792e-21 7.844214267805124064e-20 1.009165790216297616e-18 3.085646280651357148e-21
2.766825682915017242e+05 4.589416451967808412e-20 1.062001166125885716e-18 1.157682327507306988e-21 2.540171079751992283e-20 3.028114369692190425e-19 1.155309302017702118e-21
3.689621347227101214e+05 1.485368066616694322e-20 3.313436481074006925e-19 4.161587133981238450e-22 8.032569930849407337e-21 8.751490101017873091e-20 4.153038798009326498e-22
4.920189143094656756e+05 4.681947842760047965e-21 1.008269295842394220e-19 1.431871524731601161e-22 2.468301488596788080e-21 2.446442994949012687e-20 1.428934229868471721e-22
6.561177672614024486e+05 1.427978808976946627e-21 2.984450136189868704e-20 4.705925331853680469e-23 7.333102091665256810e-22 6.578881250840832374e-21 4.696303001710505709e-23
8.749471046662279405e+05 4.194774612132127923e-22 8.520373293035690058e-21 1.476696524615057401e-23 2.100907470206979290e-22 1.691169569303533523e-21 1.473694227324040067e-23
1.166760716081662104e+06 1.186523038803165768e-22 2.323117556875474290e-21 4.431540673962580509e-24 5.806272925825125870e-23 4.179786740462470223e-22 4.422590613791963130e-24
1.555900421101123560e+06 3.236512814774886870e-23 6.034434424951332661e-22 1.276842608620633107e-24 1.551494445784530571e-23 9.914733518911043858e-23 1.274282006097074135e-24
2.074826557850289159e+06 8.549276237695957121e-24 1.491495984892424721e-22 3.553049624799138781e-25 4.030774322771363911e-24 2.258427841618136432e-23 3.545968882000620233e-25
2.766825682915017474e+06 2.199529772486408555e-24 3.502512608172162587e-23 9.616282097516934850e-26 1.023554739189196653e-24 4.968044776431396763e-24 9.597216646293055572e-26
3.689621347227101214e+06 5.558058490788216722e-25 7.847681020143195430e-24 2.549354478758747312e-26 2.564219524262459005e-25 1.065199007311662898e-24 2.544321443668315544e-26
4.920189143094656989e+06 1.389401228120354196e-25 1.685139485888752258e-24 6.660880292653238124e-27 6.373308310477075382e-26 2.255059427258029931e-25 6.647767427143290782e-27
6.561177672614024952e+06 3.456127878021503350e-26 3.499456638216364312e-25 1.723225584481142980e-27 1.578270760691918732e-26 4.739323229144778134e-26 1.719840171784879249e-27
8.749471046662278473e+06 8.590713931195663374e-27 7.115011938298167950e-26 4.428666520730860604e-28 3.910297235980594418e-27 9.961681688901020247e-27 4.419977135679662943e-28
1.166760716081662104e+07 2.140093555689888065e-27 1.424399205876241446e-26 1.133123467765702081e-28 9.719194480169622289e-28 2.112892790415042622e-27 1.130901747561023918e-28
1.555900421101123467e+07 5.344042455142926449e-28 2.844588883878914193e-27 2.890628789804802601e-29 2.420768353548779661e-28 4.586476276028500702e-28 2.884963950657467795e-29
2.074826557850288972e+07 1.337631670252392284e-28 5.703498644883672718e-28 7.355997834959898918e-30 6.041001118382437832e-29 1.005989810943641051e-28 7.341583991400916722e-30
2.766825682915017009e+07 3.350752775456670326e-29 1.154527769712383037e-28 1.865040628148121146e-30 1.506220801378168452e-29 2.250999787356992032e-29 1.861387898121165657e-30
3.689621347227101028e+07 8.380008632425583283e-30 2.364828923300587726e-29 4.698215318824162248e-31 3.741064614659056299e-30 5.106290302227996811e-30 4.689030333572371756e-31
4.920189143094656616e+07 2.088742624458815384e-30 4.950894703965239247e-30 1.174964543771776674e-31 9.261454533324598054e-31 1.173195340145570652e-30 1.172672255720869732e-31
6.561177672614024580e+07 5.192310840911112404e-31 1.045479151980880668e-30 2.924787769079608901e-32 2.290034033051344284e-31 2.735247807135674743e-31 2.919084868542614912e-32
8.749471046662279963e+07 1.288325591779297133e-31 2.254900659482899499e-31 7.255630666802177957e-33 5.650085972924223323e-32 6.449148887029447106e-32 7.241493840755920108e-33
1.166760716081662029e+08 3.190099316793235194e-32 4.977709070315009947e-32 1.791803134623403172e-33 1.389215138504447571e-32 1.527783420708807874e-32 1.788315319557806450e-33
1.555900421101123393e+08 7.875440980409408599e-33 1.113567620795076143e-32 4.398359952249318696e-34 3.398263695229971628e-33 3.631032899756875618e-33 4.389809989152623552e-34
2.074826557850289047e+08 1.935984437721034930e-33 2.522146783389692002e-33 1.071096613685261094e-34 8.255103621460724455e-34 8.629922894120987447e-34 1.069018365191514204e-34
2.766825682915017605e+08 4.732620832190287144e-34 5.759426137790076306e-34 2.581217974797469772e-35 1.987403497215589252e-34 2.042705618326315378e-34 2.576222137753975888e-35
3.689621347227101326e+08 1.148655710449169966e-34 1.325725675583104525e-34 6.136289348165848379e-36 4.731049047718815971e-35 4.801344456344859183e-35 6.124452779973054949e-36
4.920189143094656467e+08 2.763230237894647895e-35 3.058281146925475463e-35 1.433344630938588299e-36 1.110928333665141205e-35 1.117508052278134560e-35 1.430592284823502852e-36
6.561177672614024878e+08 6.576491768697804447e-36 7.037303767895507628e-36 3.274167693987830773e-37 2.567247719912640645e-36 2.566223715512652116e-36 3.267917994142271748e-37
8.749471046662279367e+08 1.545594393036293038e-36 1.611593965914541040e-36 7.274744913137466901e-38 5.826489985382123617e-37 5.799213674135825839e-37 7.260965687569774663e-38
1.166760716081662178e+09 3.580147786904924395e-37 3.654818014188777634e-37 1.563179937066673296e-38 1.296531975510195226e-37 1.286488523201250009e-37 1.560247604088040206e-38
1.555900421101123333e+09 8.157709363057601559e-38 8.194863664514948511e-38 3.230406194302459287e-39 2.825109186795659472e-38 2.797682009315784579e-38 3.224416573147248190e-39
2.074826557850289106e+09 1.824858492377954564e-38 1.809159750303756923e-38 6.389416836511901137e-40 6.020975532230256520e-39 5.956585391779997660e-39 6.377728298713290138e-40
2.766825682915017128e+09 3.998860475647274163e-39 3.924537149167811613e-39 1.205166921086042371e-40 1.253370327061987305e-39 1.239785297442291398e-39 1.202994506517286600e-40
3.689621347227100849e+09 8.560954819931457748e-40 8.331647971044976973e-40 2.162520392477372866e-41 2.541633629570241038e-40 2.514592457567962095e-40 2.158682383545392808e-41
4.920189143094656944e+09 1.783521151432332737e-40 1.723553078288690667e-40 3.682712780209825580e-42 4.990651716072559685e-41 4.941014455353684714e-41 3.676284282626361414e-42
6.561177672614025116e+09 3.591238506459057151e-41 3.450169301566904029e-41 5.923078106003559879e-43 9.368438373762850140e-42 9.291118470541147476e-42 5.912938761553569965e-43
8.749471046662279129e+09 6.903139439040657952e-42 6.596651379940361251e-42 8.888939703185691120e-44 1.640458384015532656e-42 1.632805258115606058e-42 8.874130886152952887e-44
1.166760716081661987e+10 1.239758306624577324e-42 1.179001471419862340e-42 1.212392553247129495e-44 2.565610926421022887e-43 2.573268343455093632e-43 1.210458674885438567e-44
1.555900421101123428e+10 2.008789811072425549e-43 1.902342946905151694e-43 1.430414602184122556e-45 3.330128124865087580e-44 3.396534189438394723e-44 1.428303831568495865e-45
2.074826557850289154e+10 2.783278331034992646e-44 2.630337936159448381e-44 1.338646435297459439e-46 3.163058617372610152e-45 3.360916004937662947e-45 1.336950953300949817e-46
2.766825682915017319e+10 3.040623654087223192e-45 2.903408888387634895e-45 8.509749946011752613e-48 1.732297469871369299e-46 2.081999239806435993e-46 8.501973884024473484e-48
3.689621347227101135e+10 2.298972320699654118e-46 2.359557376126977930e-46 2.628611059655953976e-49 3.086951832414534857e-48 6.536721914876858907e-48 2.627521951205191389e-49
4.920189143094656372e+10 9.518140560923246195e-48 1.422408174418940306e-47 0.000000000000000000e+00 2.025444657534182482e-50 2.129680800549514922e-49 0.000000000000000000e+00
6.561177672614024353e+10 1.449405756964234543e-49 8.375528567888271499e-49 0.000000000000000000e+00 7.203295312693458789e-52 9.951373896372446822e-51 0.000000000000000000e+00
8.749471046662280273e+10 1.161429210555709073e-53 2.548178241804902653e-50 0.000000000000000000e+00 4.863013923695869378e-54 1.721011309709354152e-52 0.000000000000000000e+00
