1.166760716081661986e+00 8.514825836300113750e-04 1.581358968076176669e-03 5.236795438138353669e-13 7.300471945130949198e-04 1.582201727039974108e-03 5.266093306743883493e-13
1.555900421101123365e+00 5.753536883086179119e-04 1.079106805889827126e-03 5.638280021461596693e-13 4.900917432485832380e-04 1.077523297761771989e-03 5.652942750629811921e-13
2.074826557850288911e+00 3.793122344266224044e-04 7.141662543640279071e-04 5.873943045245691434e-13 3.198392856461207824e-04 7.137248526957069026e-04 5.884274845629564072e-13
2.766825682915017293e+00 2.422858082127808145e-04 4.567310237752864152e-04 5.880062044997879762e-13 2.017674210366200054e-04 4.571514569896332971e-04 5.880555863521258440e-13
3.689621347227101111e+00 1.493518438428699698e-04 2.814467845538589199e-04 5.876729412045140738e-13 1.225645218721758186e-04 2.821253468422067431e-04 5.880284966263928563e-13
4.920189143094656714e+00 8.871498052544530698e-05 1.666538422904282734e-04 5.877320507059908099e-13 7.155011296205856196e-05 1.674239313473793853e-04 5.877746792343756243e-13
6.561177672614024736e+00 5.067245243496598244e-05 9.462564891180585025e-05 5.874789849216735454e-13 4.007145823146767289e-05 9.536865369261364217e-05 5.875574479297414251e-13
8.749471046662279150e+00 2.775078347914612358e-05 5.137286103887088814e-05 5.868642667197288335e-13 2.149506989092006082e-05 5.203201822375659586e-05 5.874370364077957229e-13
1.166760716081661897e+01 1.453481412188759400e-05 2.662554735880641552e-05 5.828847424453632540e-13 1.104223632696218261e-05 2.715793822881757211e-05 5.836698941063885407e-13
1.555900421101123499e+01 7.282835546567761050e-06 1.324549916878134302e-05 5.758239438911701236e-13 5.448595102386336848e-06 1.358569017675513934e-05 5.765752615863559352e-13
2.074826557850288822e+01 3.512868416263037672e-06 6.406928787995088316e-06 5.479405326528174279e-13 2.602780407830481564e-06 6.560921513137942437e-06 5.485932424529821550e-13
2.766825682915017381e+01 1.651642002770492186e-06 3.048298615504828941e-06 4.783522800367785582e-13 1.217903276716510721e-06 3.093102970997389399e-06 4.788737563577957153e-13
3.689621347227100756e+01 7.664163261716312322e-07 1.437583324454743693e-06 4.004444569178752957e-13 5.643476577878426210e-07 1.438876736064445651e-06 4.008013597575430592e-13
4.920189143094656714e+01 3.532623321749401667e-07 6.720120368064650660e-07 3.272466829800386048e-13 2.602925079009841270e-07 6.648279275427826855e-07 3.274512303480141560e-13
6.561177672614024914e+01 1.617794147734725581e-07 3.118331944023028505e-07 2.619081610420055062e-13 1.194234175595254016e-07 3.056684659470836854e-07 2.619986435700605690e-13
8.749471046662279150e+01 7.340257224484131363e-08 1.439344171075263601e-07 2.035391366974869200e-13 5.433984177339916991e-08 1.397027693909099133e-07 2.035488790095510302e-13
1.166760716081661968e+02 3.289476542832157799e-08 6.593128144246532541e-08 1.511036035601551808e-13 2.443861769014955299e-08 6.336098074878886567e-08 1.510752151662299896e-13
1.555900421101123356e+02 1.450797655570230512e-08 2.993091451733049198e-08 1.076190903997167290e-13 1.082262861254890835e-08 2.845447011275952286e-08 1.075772204467971122e-13
2.074826557850288964e+02 6.273444262289151366e-09 1.344312275308570985e-08 7.393268354008965237e-14 4.699274213186496572e-09 1.262262658135319669e-08 7.388757117087213452e-14
2.766825682915017524e+02 2.650447352653084689e-09 5.964234116448197644e-09 4.909412744532172247e-14 1.992825322869942706e-09 5.518502936901260022e-09 4.905442210823241247e-14
3.689621347227101182e+02 1.091029469456328327e-09 2.613622180843137867e-09 3.154411282861402504e-14 8.230503681545836904e-10 2.373179314971930264e-09 3.151215975840321192e-14
4.920189143094656856e+02 4.369336553361211781e-10 1.131629813436714310e-09 1.962935142587094967e-14 3.305543296062497923e-10 1.002956175949365983e-09 1.960561878419891519e-14
6.561177672614023777e+02 1.701665624505042862e-10 4.842477753661949993e-10 1.183731390126333465e-14 1.290225437823426785e-10 4.167107799620915138e-10 1.182101166528714110e-14
8.749471046662279150e+02 6.447662240670446218e-11 2.049174473730779286e-10 6.909141377006825697e-15 4.895388484937281109e-11 1.702970617521923465e-10 6.898777232890054405e-15
1.166760716081661940e+03 2.380010690095320760e-11 8.587645083853720548e-11 3.886226469393064508e-15 1.807429508398608044e-11 6.855497123014199516e-11 3.879985270293265576e-15
1.555900421101123356e+03 8.577670721745053737e-12 3.569654792483497122e-11 2.095839987865952727e-15 6.506747699640472290e-12 2.722816592440934736e-11 2.092344194299515605e-15
2.074826557850288737e+03 3.028099937984973768e-12 1.472575206740885842e-11 1.082973579961826301e-15 2.291740053154534970e-12 1.069275548905366369e-11 1.081128283626436763e-15
2.766825682915017296e+03 1.051629275125157737e-12 6.045873242387696156e-12 5.397551496936243751e-16 7.931229665119423444e-13 4.158746323573195964e-12 5.388264337727781342e-16
3.689621347227101069e+03 3.614737908685168840e-13 2.475874076112206898e-12 2.627240121832236587e-16 2.711403838390485205e-13 1.606012245595381606e-12 2.622669215390326522e-16
4.920189143094656174e+03 1.238541186495444349e-13 1.013107446524275170e-12 1.263312622240550435e-16 9.213886141779873003e-14 6.181123945666183553e-13 1.261094015083371568e-16
6.561177672614025141e+03 4.256831986993811846e-14 4.145618574917135269e-13 6.030402415209009873e-17 3.130391353124211873e-14 2.378924800788993352e-13 6.019734544867570291e-17
8.749471046662278241e+03 1.474735943239129693e-14 1.694957039907695203e-13 2.858220452323703857e-17 1.067868433568215900e-14 9.160543928064489807e-14 2.853127840271950723e-17
1.166760716081662031e+04 5.162747172823454115e-15 6.918084938055559485e-14 1.343884975730961873e-17 3.666795372538282620e-15 3.524214392644230720e-14 1.341469575336583848e-17
1.555900421101123356e+04 1.825037675468310624e-15 2.811780867894472290e-14 6.261083477748295487e-18 1.267536856261375825e-15 1.352736191697352905e-14 6.249734963702587490e-18
2.074826557850289100e+04 6.496362410267304015e-16 1.131133529168576161e-14 2.886394973252764321e-18 4.403468786547373211e-16 5.161343504730320532e-15 2.881093737858470393e-18
2.766825682915017387e+04 2.320194059904908240e-16 4.475618102029145381e-15 1.314523192380968576e-18 1.532862834570676954e-16 1.946117433443131162e-15 1.312070163173034747e-18
3.689621347227100341e+04 8.278315508780494951e-17 1.738798232689042525e-15 5.902717647034653333e-19 5.330929000909967287e-17 7.221743456964079505e-16 5.891529259976308615e-19
4.920189143094656174e+04 2.940589209389938553e-17 6.598748987214245170e-16 2.607571984831046896e-19 1.847296058281860708e-17 2.620955270704067388e-16 2.602558592568226530e-19
6.561177672614024777e+04 1.037645836897587480e-17 2.439994977679255748e-16 1.130303487649959683e-19 6.369630571610847907e-18 9.255433555631381048e-17 1.128098574019943722e-19
8.749471046662278241e+04 3.627188953363379350e-18 8.787159785132297028e-17 4.793211747550809007e-20 2.179245056806058205e-18 3.178701034959970631e-17 4.783738657007172345e-20
1.166760716081661958e+05 1.254592671169417597e-18 3.075590018967043560e-17 1.981771570821457486e-20 7.382722318483027907e-19 1.059539731728967042e-17 1.977807335477394327e-20
1.555900421101123211e+05 4.286527836699147178e-19 1.046914994954574251e-17 7.958774445822015364e-21 2.469427454954523128e-19 3.416732834895746417e-18 7.942685035779497288e-21
2.074826557850289100e+05 1.441314145664193334e-19 3.476473741239899229e-18 3.092305128342132999e-21 8.128451839837027454e-20 1.064800913015356922e-18 3.086002107548694430e-21
2.766825682915017242e+05 4.752384702858951908e-20 1.121977335052550750e-18 1.157822206853803302e-21 2.623600602930843811e-20 3.197930121403229795e-19 1.155448892218542481e-21
3.689621347227101214e+05 1.533908553438168016e-20 3.504069057483508401e-19 4.162103747998047979e-22 8.270492800917573906e-21 9.246648414677534450e-20 4.153554340305169877e-22
4.920189143094656756e+05 4.822268566166852255e-21 1.066987443435612789e-19 1.432050703005399422e-22 2.534093671542696220e-21 2.585178858425600403e-20 1.429113038960908700e-22
6.561177672614024486e+05 1.467059072003391373e-21 3.159571828297407715e-20 4.706512257320459660e-23 7.508660167425354633e-22 6.950768667634904382e-21 4.696888724781044677e-23
8.749471046662279405e+05 4.298896500157753524e-22 9.022307055689261180e-21 1.476880067609957607e-23 2.145994185341172021e-22 1.785984364218233700e-21 1.473877396956679838e-23
1.166760716081662104e+06 1.213023972002805597e-22 2.460095570087832779e-21 4.432094272168349479e-24 5.917719264247083299e-23 4.411171267394559467e-22 4.423143092994565126e-24
1.555900421101123560e+06 3.300877534514542888e-23 6.389634356444387346e-22 1.277005781554180493e-24 1.578009334421819285e-23 1.045408249659843299e-22 1.274444850766595682e-24
2.074826557850289159e+06 8.698576599071503848e-24 1.578919081460716678e-22 3.553526722570248094e-25 4.091744057613174303e-24 2.378449120570293735e-23 3.546445021912097836e-25
2.766825682915017474e+06 2.232639717261538787e-24 3.706381196451660960e-23 9.617686725420147624e-26 1.037079069257795438e-24 5.224030411081923241e-24 9.598618452242496032e-26
3.689621347227101214e+06 5.628795293508931708e-25 8.299843749199233118e-24 2.549776019720473318e-26 2.593513766333825974e-25 1.117910318721970451e-24 2.544742135533962462e-26
4.920189143094656989e+06 1.404057896790580890e-25 1.780853565920379498e-24 6.662178958058896238e-27 6.435413422213835884e-26 2.361040061833394103e-25 6.649063465918934224e-27
6.561177672614024952e+06 3.485759960641780196e-26 3.694368020975959723e-25 1.723636664803585838e-27 1.591137916437201051e-26 4.947681981049472724e-26 1.720250417211667355e-27
8.749471046662278473e+06 8.649651389559677924e-27 7.501130453368250398e-26 4.429998746968527206e-28 3.936641880440010878e-27 1.036390623466786626e-26 4.421306645633020625e-28
1.166760716081662104e+07 2.151789808144128841e-27 1.499062283981964559e-26 1.133563039508855574e-28 9.773365475201273411e-28 2.189620707513506140e-27 1.131340420180640440e-28
1.555900421101123467e+07 5.367271575326702744e-28 2.987140205975755227e-27 2.892097022369611462e-29 2.431887967980330536e-28 4.734025443646088895e-28 2.886429173217739703e-29
2.074826557850288972e+07 1.342317979826345936e-28 5.973381604765191824e-28 7.360936060201723174e-30 6.064290228031628859e-29 1.033933045151232986e-28 7.346512073990600091e-30
2.766825682915017009e+07 3.360519991851165597e-29 1.205390760734515647e-28 1.866704067562797515e-30 1.511296507986923476e-29 2.304282971690646859e-29 1.863047917002982909e-30
3.689621347227101028e+07 8.401457766421150306e-30 2.460326788156220044e-29 4.703799458582452585e-31 3.752765267726745974e-30 5.208226378149624729e-30 4.694602992753150047e-31
4.920189143094656616e+07 2.093751801479927513e-30 5.132053979718698177e-30 1.176829532000377331e-31 9.290326037430069661e-31 1.192879218543306552e-30 1.174533412312452241e-31
6.561177672614024580e+07 5.204941489360138426e-31 1.079477652229189651e-30 2.930992089340384478e-32 2.297684006269196000e-31 2.774319132115483565e-31 2.925276438573797020e-32
8.749471046662279963e+07 1.291749745255719778e-31 2.319363065278729122e-31 7.276183873551955196e-33 5.671608616524595626e-32 6.529833804612366465e-32 7.262004803848183044e-33
1.166760716081662029e+08 3.199921552587578676e-32 5.102700702438866613e-32 1.798570137158021803e-33 1.395546497794906535e-32 1.545092963781335148e-32 1.795068413746179830e-33
1.555900421101123393e+08 7.904693075398356187e-33 1.138100171649807692e-32 4.420451213151572094e-34 3.417351518896332519e-33 3.670344552990261397e-33 4.411855861866161920e-34
2.074826557850289047e+08 1.944867227690329819e-33 2.571425066891738241e-33 1.078227246658785658e-34 8.313110032383983659e-34 8.724880976833633149e-34 1.076134358967179222e-34
2.766825682915017605e+08 4.759734703348811505e-34 5.861316181946156192e-34 2.603895258460674746e-35 2.004941231057320889e-34 2.066832697943115375e-34 2.598852930521757632e-35
3.689621347227101326e+08 1.156879680085256005e-34 1.347828882619190826e-34 6.207033742917580771e-36 4.783252697688100442e-35 4.864948082291424493e-35 6.195052477778749708e-36
4.920189143094656467e+08 2.787813462067226919e-35 3.108469302237863957e-35 1.454875269656096561e-36 1.126099605506839297e-35 1.134593310807881330e-35 1.452079044321680507e-36
6.561177672614024878e+08 6.648496495729234673e-36 7.155789224724826278e-36 3.337670123727121312e-37 2.610018740583550825e-36 2.612010047485076636e-36 3.331291698665368641e-37
8.749471046662279367e+08 1.566175284825776727e-36 1.640528812397850703e-36 7.454845903847579218e-38 5.942922180945581700e-37 5.919943928409104297e-37 7.440704347287132599e-38
1.166760716081662178e+09 3.637395220796882140e-37 3.726583479717954054e-37 1.611873396227620986e-38 1.327045944644496976e-37 1.317488723025168056e-37 1.608844103076537121e-38
1.555900421101123333e+09 8.312313954853718895e-38 8.374043811829510423e-38 3.354792268905404287e-39 2.901959786504262814e-38 2.874787080247989431e-38 3.348558266916701568e-39
2.074826557850289106e+09 1.865296807229186114e-38 1.853494426586659970e-38 6.687192379833336823e-40 6.206758327740226322e-39 6.141667888409587283e-39 6.674928473655212924e-40
2.766825682915017128e+09 4.100984347423087669e-39 4.032331817373127106e-39 1.271564358398712919e-40 1.296429912953410476e-39 1.282534284703391275e-39 1.269266126952762030e-40
3.689621347227100849e+09 8.808999940784258399e-40 8.586386235516829840e-40 2.299920973302330841e-41 2.637117661236781527e-40 2.609232090942713692e-40 2.295828150182156291e-41
4.920189143094656944e+09 1.841170169121472624e-40 1.781571078360541642e-40 3.946052245915531510e-42 5.192231298772664425e-41 5.140766656351329571e-41 3.939146590714516719e-42
6.561177672614025116e+09 3.718495821562387788e-41 3.576335447751165670e-41 6.388974923239209902e-43 9.769093965072399975e-42 9.688687096078799983e-42 6.378013113005459361e-43
8.749471046662279129e+09 7.166740321336059942e-42 6.854956772182224330e-42 9.642484408407306029e-44 1.713763708195855223e-42 1.705810307078834683e-42 9.626388289239868569e-44
1.166760716081661987e+10 1.289967661275259755e-42 1.227766792982133051e-42 1.321256452108206748e-44 2.684107865352349132e-43 2.692223363908273348e-43 1.319145321313520529e-44
1.555900421101123428e+10 2.093892777836293415e-43 1.984488938555616910e-43 1.564566740544996350e-45 3.487758663324403578e-44 3.557563211691357108e-44 1.562254626096850778e-45
2.074826557850289154e+10 2.905270668223623405e-44 2.747884177220439446e-44 1.468347620318657527e-46 3.315531929778899722e-45 3.523481236700927608e-45 1.466485545118777074e-46
2.766825682915017319e+10 3.177405879564148757e-45 3.037141887256030255e-45 9.354573341530105845e-48 1.816938871805520898e-46 2.184723444951505236e-46 9.346016991081340939e-48
3.689621347227101135e+10 2.404581410836466837e-46 2.472008405727374600e-46 2.894470181259106771e-49 3.239409549923400838e-48 6.873078173564486678e-48 2.893270767909215412e-49
4.920189143094656372e+10 9.963207169956918969e-48 1.493568559589844244e-47 0.000000000000000000e+00 2.133014966046375015e-50 2.249111878560326543e-49 0.000000000000000000e+00
6.561177672614024353e+10 1.518400493264119930e-49 8.811349334952055289e-49 0.000000000000000000e+00 7.584224052412385065e-52 1.052518594150491226e-50 0.000000000000000000e+00
8.749471046662280273e+10 1.222329958733405558e-53 2.681660813723261330e-50 0.000000000000000000e+00 5.119033287284750881e-54 1.825236679595104583e-52 0.000000000000000000e+00
