1.166760716081661986e+00 8.515149666145989567e-04 1.581450629552806457e-03 5.243485774931960447e-13 7.300797766804928294e-04 1.582291761491729258e-03 5.272822585092498120e-13
1.555900421101123365e+00 5.753682755961361198e-04 1.079161401377452681e-03 5.645483517601639155e-13 4.901075534803037322e-04 1.077577000661039284e-03 5.660164152871140836e-13
2.074826557850288911e+00 3.793157093489127481e-04 7.141959445939872727e-04 5.881447904241587851e-13 3.198446851570110514e-04 7.137536579106254150e-04 5.891792503348929274e-13
2.766825682915017293e+00 2.422835238300428300e-04 4.567451018606064755e-04 5.887575746561922750e-13 2.017672528545220913e-04 4.571646243313053797e-04 5.888068424083420138e-13
3.689621347227101111e+00 1.493473765693813682e-04 2.814520222441496255e-04 5.884238189011142597e-13 1.225620289279492252e-04 2.821297817886581657e-04 5.887797470415346174e-13
4.920189143094656714e+00 8.871027896766256493e-05 1.666546648195234824e-04 5.884829941601309749e-13 7.154712179702436825e-05 1.674240811980631403e-04 5.885255882601051656e-13
6.561177672614024736e+00 5.066841656658853231e-05 9.462469057196200783e-05 5.882295237458002575e-13 4.006883585065946194e-05 9.536711838941137605e-05 5.883081421359504842e-13
8.749471046662279150e+00 2.774771421540008236e-05 5.137152480568095463e-05 5.876140199364282776e-13 2.149311169190172189e-05 5.203017356576204510e-05 5.881875921556904165e-13
1.166760716081661897e+01 1.453268369663371187e-05 2.662443970396093275e-05 5.836289176865536934e-13 1.104092587087226062e-05 2.715639040409014809e-05 5.844151352578651211e-13
1.555900421101123499e+01 7.281452718853485945e-06 1.324475373028563761e-05 5.765584180102331678e-13 5.447775728680465404e-06 1.358459716058095893e-05 5.773107170053537091e-13
2.074826557850288822e+01 3.511985455151731838e-06 6.406457259976800570e-06 5.486362055256385878e-13 2.602265982510867703e-06 6.560205715256955040e-06 5.492897475796867257e-13
2.766825682915017381e+01 1.651038765862152551e-06 3.047969247411282158e-06 4.789517091273211736e-13 1.217543243020237781e-06 3.092610425385324880e-06 4.794738295641959818e-13
3.689621347227100756e+01 7.659498134571868899e-07 1.437308954411514296e-06 4.009393622315626162e-13 5.640523009214449012e-07 1.438486978502318127e-06 4.012966818524201499e-13
4.920189143094656714e+01 3.528668171418928984e-07 6.717584060026631405e-07 3.276462388455355561e-13 2.600266326725098468e-07 6.644827478627673689e-07 3.278510105874890448e-13
6.561177672614024914e+01 1.614391638564384040e-07 3.115957072935411230e-07 2.622245200815159751e-13 1.191848442038619919e-07 3.053533928824731107e-07 2.623150842460784962e-13
8.749471046662279150e+01 7.312349841618090921e-08 1.437235764771271154e-07 2.037821259300467174e-13 5.413901297303996048e-08 1.394267672847216518e-07 2.037918537090841177e-13
1.166760716081661968e+02 3.268424522340653999e-08 6.575969149674004198e-08 1.512810784048199480e-13 2.428470049612482185e-08 6.313812389994921518e-08 1.512526354718173774e-13
1.555900421101123356e+02 1.436437579977244043e-08 2.980487633113266271e-08 1.077429904974632677e-13 1.071652933378860396e-08 2.829191666156867034e-08 1.077010560169959612e-13
2.074826557850288964e+02 6.185115264001399171e-09 1.335978753524346626e-08 7.401588752825222209e-14 4.633509602069547509e-09 1.251602658061406902e-08 7.397071215892506392e-14
2.766825682915017524e+02 2.601146778666642326e-09 5.914279233295021914e-09 4.914798435707109273e-14 1.955892248122404491e-09 5.455276865467774150e-09 4.910822646651877960e-14
3.689621347227101182e+02 1.065786766752437611e-09 2.586107254815162097e-09 3.157773133674659664e-14 8.040357955936956811e-10 2.338842474318239935e-09 3.154573776257650740e-14
4.920189143094656856e+02 4.249327639901694423e-10 1.117483948768602867e-09 1.964959318084418302e-14 3.214678292200765037e-10 9.856265933943541993e-10 1.962583161060326576e-14
6.561177672614023777e+02 1.648093515866235828e-10 4.773559017536753519e-10 1.184906512824830198e-14 1.249470571715161775e-10 4.084622740213722904e-10 1.183274382569033293e-14
8.749471046662279150e+02 6.221039055884051072e-11 2.016945094982306986e-10 6.915697119344528047e-15 4.722263021859126475e-11 1.665475956102530628e-10 6.905321401903663856e-15
1.166760716081661940e+03 2.288527234000332280e-11 8.441635318690100621e-11 3.889709430467182317e-15 1.737307443639969645e-11 6.691163583001052523e-11 3.883461666979280306e-15
1.555900421101123356e+03 8.223512894267848808e-12 3.505280721655430376e-11 2.097580297633587287e-15 6.234663832306652553e-12 2.652967246752049093e-11 2.094081103535319293e-15
2.074826557850288737e+03 2.896163845046476008e-12 1.444899096610275079e-11 1.083783888924097383e-15 2.190208708828159678e-12 1.040396451034240742e-11 1.081936974300661138e-15
2.766825682915017296e+03 1.004181391685089675e-12 5.929614442241017944e-12 5.401067056909521400e-16 7.565496521266385846e-13 4.042536173032632573e-12 5.391772801064503831e-16
3.689621347227101069e+03 3.449239106733615953e-13 2.428033971191913276e-12 2.628677774410506684e-16 2.583668452910059109e-13 1.560428847748139106e-12 2.624103933411007402e-16
4.920189143094656174e+03 1.182167631394591309e-13 9.937014982059712209e-13 1.263875911370526297e-16 8.778694264702732963e-14 6.006020765382830786e-13 1.261656140022978956e-16
6.561177672614025141e+03 4.067712927131076271e-14 4.067188462171419042e-13 6.032533571283908278e-17 2.984578444303201093e-14 2.312582610583148397e-13 6.021861244450930396e-17
8.749471046662278241e+03 1.411632290838705718e-14 1.662981929660507580e-13 2.858996082905343681e-17 1.019398798153265279e-14 8.910363320636891831e-14 2.853901830039208142e-17
1.166760716081662031e+04 4.951300548844401319e-15 6.785112061974325997e-14 1.344153533401048996e-17 3.505732717243318246e-15 3.429393411461134475e-14 1.341737556584704981e-17
1.555900421101123356e+04 1.753393916901229097e-15 2.755109903436711122e-14 6.261950475770887420e-18 1.213772167863741795e-15 1.316334413529370463e-14 6.250600064942922104e-18
2.074826557850289100e+04 6.250253133084509618e-16 1.106546851351838333e-14 2.886645205804856235e-18 4.222933158717688054e-16 5.019531295360060869e-15 2.881343402705913226e-18
2.766825682915017387e+04 2.234683346477682953e-16 4.368550807411837508e-15 1.314580655242842809e-18 1.472020554262032361e-16 1.890400642439987795e-15 1.312127484955037401e-18
3.689621347227100341e+04 7.979765665156835001e-17 1.692689887684442109e-15 5.902768502672552957e-19 5.126107365792959474e-17 7.003122693269971433e-16 5.891579919522832353e-19
4.920189143094656174e+04 2.836678910656095493e-17 6.405333377672104282e-16 2.607520971384774634e-19 1.778808239362628100e-17 2.536543791053130002e-16 2.602507650965836207e-19
6.561177672614024777e+04 1.001854788634693810e-17 2.361710057509277558e-16 1.130256357836059934e-19 6.143287838735211224e-18 8.938483207191961562e-17 1.128051530580552397e-19
8.749471046662278241e+04 3.506020192856519363e-18 8.482857566387092385e-17 4.792930147419108074e-20 2.105737352847363236e-18 3.063733538031022081e-17 4.783457606101111493e-20
1.166760716081661958e+05 1.214422268197116132e-18 2.962284627017493293e-17 1.981629689817365758e-20 7.149004382699499332e-19 1.019449337739038327e-17 1.977665739330802140e-20
1.555900421101123211e+05 4.156454739990807295e-19 1.006442460958465400e-17 7.958129516107577786e-21 2.396923556997036023e-19 3.282828259209456538e-18 7.942041422933391968e-21
2.074826557850289100e+05 1.400319355549289218e-19 3.337151357897296336e-18 3.092033705294644103e-21 7.909527487999024221e-20 1.022001975122373118e-18 3.085731244615747855e-21
2.766825682915017242e+05 4.626901666944592631e-20 1.075837294363715768e-18 1.157715633945591947e-21 2.559346796638561374e-20 3.067256749337967330e-19 1.155342539615328597e-21
3.689621347227101214e+05 1.496533259488180499e-20 3.357375540615178036e-19 4.161709872219678245e-22 8.087273291019391166e-21 8.865542844263064667e-20 4.153161281661677263e-22
4.920189143094656756e+05 4.714227071313261306e-21 1.021794882919928404e-19 1.431914017404319873e-22 2.483434787891944087e-21 2.478383094150582474e-20 1.428976635009284417e-22
6.561177672614024486e+05 1.436970358491468506e-21 3.024771766043753712e-20 4.706064330979761514e-23 7.373504614533122618e-22 6.664470241930729515e-21 4.696441716148908469e-23
8.749471046662279405e+05 4.218737055783208637e-22 8.635911464567598138e-21 1.476739958278324866e-23 2.111290348976709507e-22 1.712986758634327441e-21 1.473737572653352200e-23
1.166760716081662104e+06 1.192623970581623125e-22 2.354643063826030300e-21 4.431671673156567857e-24 5.831957193845416906e-23 4.233024784132133898e-22 4.422721348223700041e-24
1.555900421101123560e+06 3.251336460194323429e-23 6.116178207253952618e-22 1.276881253145283293e-24 1.557610327680137378e-23 1.003882976240046581e-22 1.274320572875807961e-24
2.074826557850289159e+06 8.583675892338031742e-24 1.511615047714810002e-22 3.553162813502761643e-25 4.044849443804140789e-24 2.286044549641697404e-23 3.546081843412212950e-25
2.766825682915017474e+06 2.207161733377755651e-24 3.549432089099345999e-23 9.616616166874143509e-26 1.026679274488576324e-24 5.026952131455680334e-24 9.597550044262545789e-26
3.689621347227101214e+06 5.574370056167176668e-25 7.951753119456700558e-24 2.549455026943175756e-26 2.570991333280874462e-25 1.077330209765124288e-24 2.544421789236509823e-26
4.920189143094656989e+06 1.392782199835017919e-25 1.707172006829143947e-24 6.661190954346945134e-27 6.387670262600937177e-26 2.279452863472014283e-25 6.648077460236969802e-27
6.561177672614024952e+06 3.462965953251885647e-26 3.544329524282462896e-25 1.723324170217054301e-27 1.581247267251487907e-26 4.787286409044958868e-26 1.719938557221009723e-27
8.749471046662278473e+06 8.604321508502685861e-27 7.203918179722149638e-26 4.428986646957766707e-28 3.916393948196418954e-27 1.005428272954619769e-26 4.420296609010193146e-28
1.166760716081662104e+07 2.142796166239287784e-27 1.441593711502945742e-26 1.133229242146393423e-28 9.731740489034818185e-28 2.130560004134617868e-27 1.131007305540055942e-28
1.555900421101123467e+07 5.349417344529452319e-28 2.877423751856724316e-27 2.890982413735181152e-29 2.423347715846138229e-28 4.620458355777775291e-28 2.885316849525056692e-29
2.074826557850288972e+07 1.338718501922630011e-28 5.765675774463113930e-28 7.357187850611379752e-30 6.046418016276131737e-29 1.012427731164675290e-28 7.342771562641655238e-30
2.766825682915017009e+07 3.353025934693393507e-29 1.166248750764460504e-28 1.865441594384144973e-30 1.507406169658305757e-29 2.263282965050155168e-29 1.861788039798076504e-30
3.689621347227101028e+07 8.385024718097496806e-30 2.386842378728675946e-29 4.699561465490486424e-31 3.743811558586910111e-30 5.129811298029986954e-30 4.690373712542118850e-31
4.920189143094656616e+07 2.089920981124173458e-30 4.992671001444645232e-30 1.175414097009981444e-31 9.268272222602511060e-31 1.177744156115623360e-30 1.173120885320424007e-31
6.561177672614024580e+07 5.195299976184926734e-31 1.053323887749658798e-30 2.926282996350637147e-32 2.291850295250355282e-31 2.744297961606747154e-31 2.920577022984606168e-32
8.749471046662279963e+07 1.289140130585176381e-31 2.269787090945527958e-31 7.260582174025946829e-33 5.655217634757938476e-32 6.467899725006175622e-32 7.246435170961713713e-33
1.166760716081662029e+08 3.192444588525217211e-32 5.006608867967606468e-32 1.793432537153641204e-33 1.390728816442565624e-32 1.531823603616810386e-32 1.789941373201476733e-33
1.555900421101123393e+08 7.882441183104647600e-33 1.119249991321773327e-32 4.403675451112656497e-34 3.402833064270741976e-33 3.640254119566473868e-33 4.395114567390444369e-34
2.074826557850289047e+08 1.938112174245384732e-33 2.533589185929660676e-33 1.072810740907153177e-34 8.268991817074961974e-34 8.652302722316143584e-34 1.070728973598207152e-34
2.766825682915017605e+08 4.739115316242012640e-34 5.783161158063453196e-34 2.586662688464287698e-35 1.991599455100447522e-34 2.048413382734504959e-34 2.581655690708844638e-35
3.689621347227101326e+08 1.150624102802187027e-34 1.330893251571192759e-34 6.153248173459080571e-36 4.743521514070760207e-35 4.816425488962429871e-35 6.141376926058904483e-36
4.920189143094656467e+08 2.769106867949154378e-35 3.070056849648615150e-35 1.438495733167723654e-36 1.114546107811472128e-35 1.121561974696606089e-35 1.435732892540023500e-36
6.561177672614024878e+08 6.593677124401970017e-36 7.065188805294786872e-36 3.289322815705133616e-37 2.577423534991687264e-36 2.577082046832374750e-36 3.283042409157603262e-37
8.749471046662279367e+08 1.550497487433831026e-36 1.618417588680106166e-36 7.317596272328424863e-38 5.854119974626100079e-37 5.827805231570286085e-37 7.303730892072152586e-38
1.166760716081662178e+09 3.593759177246147502e-37 3.671759913282026779e-37 1.574723259292318903e-38 1.303753554139073477e-37 1.293815874068737251e-37 1.571767960251939419e-38
1.555900421101123333e+09 8.194391496269012634e-38 8.237164572351862487e-38 3.259768057174383136e-39 2.843246995997838209e-38 2.815865852118102433e-38 3.253720811250098908e-39
2.074826557850289106e+09 1.834431691512779500e-38 1.819618563169579312e-38 6.459375921246022587e-40 6.064703436536931693e-39 6.000128486870224493e-39 6.447552383641944385e-40
2.766825682915017128e+09 4.022980200377393116e-39 3.949931877764801845e-39 1.220688536694749954e-40 1.263478741963252196e-39 1.249818098011400205e-39 1.218486753430567461e-40
3.689621347227100849e+09 8.619396541398112695e-40 8.391554627601445642e-40 2.194480764360908562e-41 2.563994243394692246e-40 2.536751971454126373e-40 2.190583575149666786e-41
4.920189143094656944e+09 1.797070945962640275e-40 1.737170250053541272e-40 3.743680421813776258e-42 5.037755030240799664e-41 4.987686887625865861e-41 3.737141620604180828e-42
6.561177672614025116e+09 3.621079948164993130e-41 3.479721831879857672e-41 6.030488091006937656e-43 9.461884752158462058e-42 9.383840412029215808e-42 6.020159396384934514e-43
8.749471046662279129e+09 6.964823467752678178e-42 6.657041281803586093e-42 9.062040033398211434e-44 1.657529197444630128e-42 1.649805566001790144e-42 9.046935873124977546e-44
1.166760716081661987e+10 1.251486274597409617e-42 1.190383272381326744e-42 1.237325959184864883e-44 2.593171384329418632e-43 2.600934359182959573e-43 1.235351528700333868e-44
1.555900421101123428e+10 2.028638361760344254e-43 1.921488085450777312e-43 1.461066786816230490e-45 3.366754642404232535e-44 3.433948355154280465e-44 1.458910055597659982e-45
2.074826557850289154e+10 2.811695874334118454e-44 2.657699585061845018e-44 1.368226337020621738e-46 3.198459931374567656e-45 3.398656258791385662e-45 1.366492893033233445e-46
2.766825682915017319e+10 3.072454800890005616e-45 2.934502488699054904e-45 8.702142712769581945e-48 1.751938112523005704e-46 2.105828291465644133e-46 8.694189071731964786e-48
3.689621347227101135e+10 2.323528462604740425e-46 2.385668504677367516e-46 2.689086345446554174e-49 3.122313711630452793e-48 6.614634019819817239e-48 2.687972147899015347e-49
4.920189143094656372e+10 9.621552557444796662e-48 1.438902045562774561e-47 0.000000000000000000e+00 2.050328795155496844e-50 2.157274273114476838e-49 0.000000000000000000e+00
6.561177672614024353e+10 1.465425139703017298e-49 8.476403338423318041e-49 0.000000000000000000e+00 7.291424038666477581e-52 1.008388409140141293e-50 0.000000000000000000e+00
8.749471046662280273e+10 1.175521201323888861e-53 2.579065796455250668e-50 0.000000000000000000e+00 4.922250132506319625e-54 1.745061314590421564e-52 0.000000000000000000e+00
