1.166760716081661986e+00 8.514265482361685561e-04 1.581190023411991425e-03 5.223063569794886231e-13 7.299901003279912716e-04 1.582036472846362098e-03 5.252281600270783538e-13
1.555900421101123365e+00 5.753302453605192105e-04 1.079007386631786148e-03 5.623494927789734993e-13 4.900654205539170267e-04 1.077426142249223503e-03 5.638120810004075273e-13
2.074826557850288911e+00 3.793084526111777251e-04 7.141127788108954768e-04 5.858539394910626335e-13 3.198314409331822947e-04 7.136735169598362218e-04 5.868844901300898087e-13
2.766825682915017293e+00 2.422917727103101541e-04 4.567059947247314707e-04 5.864640347528103157e-13 2.017690967752385921e-04 4.571284930932858798e-04 5.865136332578765983e-13
3.689621347227101111e+00 1.493611301262035495e-04 2.814376842155293904e-04 5.861317748294590890e-13 1.225698993580763183e-04 2.821179948454161936e-04 5.864865596303843311e-13
4.920189143094656714e+00 8.872420946610277417e-05 1.666525973341840042e-04 5.861907472616816689e-13 7.155601416000482420e-05 1.674241003755508903e-04 5.862334412904068081e-13
6.561177672614024736e+00 5.068014089661168191e-05 9.462750071895997480e-05 5.859385037419956240e-13 4.007643731713789301e-05 9.537167358930125842e-05 5.860166572114707894e-13
8.749471046662279150e+00 2.775650157586368776e-05 5.137529960057769286e-05 5.853253990155541586e-13 2.149868790488418534e-05 5.203544899006659451e-05 5.858965298214986382e-13
1.166760716081661897e+01 1.453869692247289075e-05 2.662750755399225102e-05 5.813572655973874909e-13 1.104459134485544233e-05 2.716073060645800015e-05 5.821402331824147908e-13
1.555900421101123499e+01 7.285289956559322890e-06 1.324676960658743940e-05 5.743163108245997029e-13 5.450016683846228239e-06 1.358759999492182248e-05 5.750656147765065476e-13
2.074826557850288822e+01 3.514383615668064770e-06 6.407693144114547001e-06 5.465121766604578494e-13 2.603633683625674698e-06 6.562122355922225034e-06 5.471631768144598296e-13
2.766825682915017381e+01 1.652640846453077082e-06 3.048809397172790094e-06 4.771206786385790730e-13 1.218475932858457942e-06 3.093895169581204662e-06 4.776408298876141922e-13
3.689621347227100756e+01 7.671712795136438902e-07 1.438003795734691326e-06 3.994270558654068196e-13 5.648097967190698148e-07 1.439489023686236697e-06 3.997830994679160318e-13
4.920189143094656714e+01 3.539013931174889589e-07 6.724062728472195062e-07 3.264249945060212608e-13 2.607130100792194676e-07 6.653710218755348974e-07 3.266290782318238992e-13
6.561177672614024914e+01 1.623381746274283300e-07 3.122121512449330054e-07 2.612573789791782253e-13 1.198106302031757229e-07 3.061735483966528774e-07 2.613476913822763503e-13
8.749471046662279150e+01 7.387391823222746027e-08 1.442818346372715124e-07 2.030391040997618199e-13 5.467701748330108075e-08 1.401581398349388038e-07 2.030488744238017171e-13
1.166760716081661968e+02 3.326304045899684842e-08 6.622451664987846205e-08 1.507381789298180900e-13 2.470710284622305496e-08 6.374191962701816409e-08 1.507099014588174639e-13
1.555900421101123356e+02 1.476887959555339079e-08 3.015474697793402719e-08 1.073638096194361238e-13 1.101514051531752030e-08 2.874325512623612584e-08 1.073220716392889932e-13
2.074826557850288964e+02 6.439958341205091526e-09 1.359674243480536453e-08 7.376113670739636609e-14 4.823170572513079607e-09 1.281935880717728312e-08 7.371615352921961178e-14
2.766825682915017524e+02 2.746537813182716656e-09 6.059441578297831377e-09 4.898300968113973126e-14 2.064781837448744523e-09 5.639289372046072768e-09 4.894341227581963225e-14
3.689621347227101182e+02 1.141650376105554390e-09 2.667527525593228527e-09 3.147469902134859265e-14 8.611679231343181116e-10 2.440713505181934800e-09 3.144282923937606617e-14
4.920189143094656856e+02 4.615685065377162461e-10 1.159935650715716667e-09 1.958752307112145203e-14 3.491991446241908168e-10 1.037831883113531837e-09 1.956384998432816284e-14
6.561177672614023777e+02 1.813710427090667014e-10 4.982477605759751253e-10 1.181300863383297267e-14 1.375423962821308966e-10 4.335962018503471029e-10 1.179674569777136207e-14
8.749471046662279150e+02 6.928728080766297014e-11 2.115307013806462902e-10 6.895567592006899800e-15 5.262709793940886690e-11 1.780655071718766119e-10 6.885227335878610152e-15
1.166760716081661940e+03 2.576536280444329152e-11 8.889220639330509424e-11 3.879005067368809667e-15 1.957992090908550441e-11 7.198826274620372125e-11 3.872777440912372323e-15
1.555900421101123356e+03 9.345967043541503351e-12 3.703227302813121124e-11 2.092224903127308316e-15 7.096721673349393636e-12 2.869626431150524909e-11 2.088736155770992020e-15
2.074826557850288737e+03 3.316675845220771743e-12 1.530214480901940817e-11 1.081285949781100174e-15 2.513716548979964675e-12 1.130263536083380757e-11 1.079444015991080774e-15
2.766825682915017296e+03 1.156115599542176140e-12 6.288748569985202009e-12 5.390204172534601157e-16 8.736271261605119233e-13 4.405165541858183364e-12 5.380931811400502949e-16
3.689621347227101069e+03 3.981070941213930338e-13 2.576017391420758424e-12 2.624222511099473815e-16 2.994018366886422126e-13 1.702987712618945067e-12 2.619657749856292384e-16
4.920189143094656174e+03 1.363705932440260219e-13 1.053730083437584992e-12 1.262124256953254370e-16 1.017970563161950957e-13 6.554351655774781288e-13 1.259908099100543550e-16
6.561177672614025141e+03 4.676918291852776575e-14 4.309332728888399793e-13 6.025878764315138461e-17 3.454207515147929474e-14 2.520301805217095174e-13 6.015220320380625429e-17
8.749471046662278241e+03 1.614573111668406850e-14 1.761315083877380686e-13 2.856560888739230155e-17 1.175318707376873813e-14 9.692206566322562302e-14 2.851471771319853553e-17
1.166760716081662031e+04 5.628990553807855930e-15 7.191914278153166897e-14 1.343303748616661864e-17 4.022501992549217251e-15 3.724682446054382142e-14 1.340889587849309829e-17
1.555900421101123356e+04 1.981961334767520049e-15 2.927604268247588910e-14 6.259172572120782540e-18 1.385683077693416767e-15 1.429192803911475119e-14 6.247828199184626216e-18
2.074826557850289100e+04 7.031607439547258087e-16 1.181134912253027676e-14 2.885824541638128600e-18 4.798099574973483510e-16 5.457340873410126859e-15 2.880524579498929310e-18
2.766825682915017387e+04 2.505006072240445899e-16 4.693148979305017816e-15 1.314380932416903957e-18 1.665230482380587418e-16 2.061920893905487860e-15 1.311928239548833117e-18
3.689621347227100341e+04 8.920614912930672170e-17 1.832750661221881576e-15 5.902510283181537889e-19 5.774895470753500117e-17 7.675564894352115179e-16 5.891322499187405467e-19
4.920189143094656174e+04 3.163533666952816354e-17 6.995141095311982564e-16 2.607633597789703939e-19 1.995371909311500921e-17 2.796464906307986789e-16 2.602620143049291027e-19
6.561177672614024777e+04 1.114345832554678841e-17 2.601605395241778103e-16 1.130382492784982819e-19 6.858218014766702602e-18 9.916917179250557924e-17 1.128177437330810311e-19
8.749471046662278241e+04 3.886812640758105363e-18 9.420096785791435805e-17 4.793718398758016482e-20 2.337768961145163509e-18 3.419783215968781701e-17 4.784244325417459395e-20
1.166760716081661958e+05 1.340694951773295027e-18 3.312912284241373431e-17 1.982034900587012498e-20 7.886440087476722031e-19 1.144018703635045358e-17 1.978070137606872289e-20
1.555900421101123211e+05 4.565460100321190226e-19 1.132197153808449694e-17 7.959992982370153256e-21 2.625607042227458350e-19 3.700167007410834070e-18 7.943901086069280346e-21
2.074826557850289100e+05 1.529257225737302448e-19 3.771475863797790297e-18 3.092824127583741005e-21 8.599738957161465133e-20 1.155735804780285842e-18 3.086520035949633631e-21
2.766825682915017242e+05 5.021623845702692213e-20 1.220039216776602937e-18 1.158027819757838897e-21 2.761809903000116371e-20 3.476405464065310730e-19 1.155654079956119205e-21
3.689621347227101214e+05 1.614097374608103217e-20 3.816701554853173046e-19 4.162868991390126362e-22 8.664192485651277449e-21 1.006062036268573187e-19 4.154317995469992613e-22
4.920189143094656756e+05 5.054007070338260239e-21 1.163490256245883258e-19 1.432317787725620837e-22 2.642812483743021853e-21 2.813629959690724377e-20 1.429379572951038234e-22
6.561177672614024486e+05 1.531562569872787308e-21 3.447808145894853094e-20 4.707391419649884470e-23 7.798263341145062983e-22 7.563832979255960852e-21 4.697766084515845057e-23
8.749471046662279405e+05 4.470607931699189139e-22 9.849233652274367100e-21 1.477155817587836424e-23 2.220212288622901095e-22 1.942394407856841217e-21 1.474152585593744176e-23
1.166760716081662104e+06 1.256679275139759077e-22 2.685886577478442660e-21 4.432926449915374182e-24 6.100712520031282449e-23 4.792982770678440304e-22 4.423973587905962225e-24
1.555900421101123560e+06 3.406766753672330645e-23 6.975274577399518106e-22 1.277250502025158233e-24 1.621424089785210292e-23 1.134407490712223708e-22 1.274689078936644739e-24
2.074826557850289159e+06 8.943843769011786705e-24 1.723059556067990017e-22 3.554238465231689549e-25 4.191288577116858703e-24 2.576461529847995348e-23 3.547155336459657657e-25
2.766825682915017474e+06 2.286953328751610847e-24 4.042456820452884200e-23 9.619765638621134733e-26 1.059101923646323850e-24 5.646224394446881305e-24 9.600693193331558714e-26
3.689621347227101214e+06 5.744673570384309597e-25 9.045013622932174076e-24 2.550394009934451533e-26 2.641117848930668064e-25 1.204814371401060874e-24 2.545358882670944513e-26
4.920189143094656989e+06 1.428038292348150993e-25 1.938530568778269828e-24 6.664064403483360099e-27 6.536198544668174321e-26 2.535702606455939871e-25 6.650945103387290610e-27
6.561177672614024952e+06 3.534180939294256216e-26 4.015311655746002545e-25 1.724228329281564152e-27 1.611996089225003412e-26 5.290932866152700364e-26 1.720840881565944611e-27
8.749471046662278473e+06 8.745806389287320745e-27 8.136592807980045276e-26 4.431903045546031160e-28 3.979292902728978622e-27 1.102626661553922588e-26 4.423207065453954341e-28
1.166760716081662104e+07 2.170824940527608913e-27 1.621870829172367149e-26 1.134188257974664451e-28 9.860864053578114755e-28 2.315907282241989858e-27 1.131964360732861843e-28
1.555900421101123467e+07 5.404916168746742990e-28 3.221466962427044501e-27 2.894178501981123322e-29 2.449763280136734869e-28 4.976700320367087477e-28 2.888506387772113752e-29
2.074826557850288972e+07 1.349859133523915684e-28 6.416704378535875874e-28 7.367923018437870378e-30 6.101418307214588410e-29 1.079839855858803171e-28 7.353484686490105619e-30
2.766825682915017009e+07 3.376065882879404881e-29 1.288872746125257948e-28 1.869055176745098937e-30 1.519286174004441069e-29 2.391662799213223331e-29 1.865394192675369580e-30
3.689621347227101028e+07 8.435077877937671539e-30 2.616912935353989597e-29 4.711689229655745999e-31 3.770874741818283995e-30 5.374910592300706104e-30 4.702476545516909981e-31
4.920189143094656616e+07 2.101454515164013606e-30 5.428714666598984586e-30 1.179464987932821203e-31 9.334160049081026983e-31 1.224915418733426024e-30 1.177163454241010267e-31
6.561177672614024580e+07 5.223977393500732696e-31 1.135051716549712960e-30 2.939765169942021164e-32 2.309086559991548774e-31 2.837451201915442149e-31 2.934031491138503061e-32
8.749471046662279963e+07 1.296819569202520804e-31 2.424456147273972069e-31 7.305279436995435754e-33 5.703215039665997925e-32 6.658862240312592036e-32 7.291040567255002944e-33
1.166760716081662029e+08 3.214272932788013365e-32 5.305699734831457103e-32 1.808165612933862709e-33 1.404753569097382643e-32 1.572391392122125074e-32 1.804644166862640318e-33
1.555900421101123393e+08 7.947084585222713999e-33 1.177722088260592844e-32 4.451847997225908517e-34 3.444970757141111655e-33 3.731342535934555280e-33 4.443188130287674855e-34
2.074826557850289047e+08 1.957691438148487815e-33 2.650393574652997827e-33 1.088392371785387778e-34 8.396954207381979723e-34 8.869882921631157815e-34 1.086278609715654513e-34
2.766825682915017605e+08 4.798867152323305680e-34 6.022921991712439003e-34 2.636351021047773554e-35 2.030341626205930590e-34 2.103192460851487128e-34 2.631242126369171441e-35
3.689621347227101326e+08 1.168774845451299898e-34 1.382473560898722861e-34 6.308796978815270498e-36 4.859190004854450496e-35 4.959999633141750988e-35 6.296607430326913221e-36
4.920189143094656467e+08 2.823510788948213031e-35 3.186197542293115238e-35 1.486045097135934709e-36 1.148304208185612760e-35 1.160047769301766021e-35 1.483185283250864375e-36
6.561177672614024878e+08 6.753595668519269764e-36 7.337381116281956591e-36 3.430339118890092520e-37 2.673088375883180699e-36 2.680303984722310499e-36 3.423772571404508621e-37
8.749471046662279367e+08 1.596395375697331796e-36 1.684552189062770088e-36 7.720259043898414289e-38 6.116058972643459725e-37 6.100787411117450530e-37 7.705582447887949097e-38
1.166760716081662178e+09 3.722004643955302479e-37 3.835338131938686989e-37 1.684485942990162823e-38 1.372827128561871081e-37 1.364211479490750413e-37 1.681311671269140892e-38
1.555900421101123333e+09 8.542404902932111092e-38 8.645428316778262431e-38 3.542858646125176437e-39 3.018317369427830256e-38 2.991854266083919778e-38 3.536253868607012178e-39
2.074826557850289106e+09 1.925923053326720341e-38 1.920784193391959345e-38 7.144430718208871291e-40 6.490607208250722566e-39 6.424916272173277962e-39 7.131279587967323356e-40
2.766825682915017128e+09 4.255279959602225331e-39 4.196638586670339938e-39 1.375207037873207357e-40 1.362797083328636760e-39 1.348487237974065442e-39 1.372711467474685765e-40
3.689621347227100849e+09 9.186776393388730630e-40 8.976881794233992075e-40 2.517963550253391445e-41 2.785495198091664262e-40 2.756379002587499134e-40 2.513464299008459850e-41
4.920189143094656944e+09 1.929678691098131334e-40 1.871084597120006509e-40 4.370554134852727983e-42 5.507790596709832954e-41 5.453560650875335765e-41 4.362875429703096886e-42
6.561177672614025116e+09 3.915386932015842370e-41 3.772291731054445329e-41 7.150707941093956762e-43 1.040029439108265627e-41 1.031513377429153682e-41 7.138395084177937883e-43
8.749471046662279129e+09 7.577466034306842670e-42 7.258693216293909081e-42 1.088964936511848761e-43 1.829862995786147981e-42 1.821447923403040579e-42 1.087141364538951048e-43
1.166760716081661987e+10 1.368682277538939217e-42 1.304422559193548086e-42 1.503267262882122665e-44 2.872583979089863283e-43 2.881450783351951426e-43 1.500858670087809683e-44
1.555900421101123428e+10 2.227997694905965810e-43 2.114254225627238629e-43 1.790694167762051643e-45 3.739327664871694890e-44 3.814601477879023015e-44 1.788041546804849078e-45
2.074826557850289154e+10 3.098312994891519703e-44 2.934362848060015285e-44 1.688383322539005011e-46 3.559514123950456709e-45 3.783707309628715593e-45 1.686237811070969636e-46
2.766825682915017319e+10 3.394596236347070133e-45 3.250145278271307751e-45 1.079501358950739777e-47 1.952654428084476754e-46 2.349606988809109472e-46 1.078512377916489421e-47
3.689621347227101135e+10 2.572761803689878109e-46 2.651925910584734390e-46 3.349569143528592278e-49 3.484225982998695252e-48 7.415585547057704755e-48 3.348180855298700005e-49
4.920189143094656372e+10 1.067374357226728912e-47 1.608120030387549835e-47 0.000000000000000000e+00 2.307317055372630728e-50 2.443361037162939879e-49 0.000000000000000000e+00
6.561177672614024353e+10 1.628827371219113399e-49 9.516266942474491463e-49 0.000000000000000000e+00 8.201277076811083786e-52 1.145971274657702286e-50 0.000000000000000000e+00
8.749471046662280273e+10 1.320930984923904272e-53 2.897761623474757009e-50 0.000000000000000000e+00 5.533636956840056406e-54 1.995339317284438473e-52 0.000000000000000000e+00
