1.166760716081661986e+00 8.512462924266343952e-04 1.580634727806206827e-03 5.163014953240843011e-13 7.298046377123203633e-04 1.581495454053771614e-03 5.191885520984364520e-13
1.555900421101123365e+00 5.752544342676674857e-04 1.078678388346741065e-03 5.558841172460721563e-13 4.899789049885522677e-04 1.077106129880844344e-03 5.573304187292699456e-13
2.074826557850288911e+00 3.792960383892591061e-04 7.139341891441325924e-04 5.791180530302868577e-13 3.198047815749767517e-04 7.135031014067577627e-04 5.801370582217325203e-13
2.766825682915017293e+00 2.423107922542428708e-04 4.566209465063345474e-04 5.797204412103264406e-13 2.017733933997129599e-04 4.570510726261308430e-04 5.797706664109305765e-13
3.689621347227101111e+00 1.493907225023132445e-04 2.814052348998064002e-04 5.793924364745954406e-13 1.225862348873339432e-04 2.820918968088289062e-04 5.797437446493367243e-13
4.920189143094656714e+00 8.875338200052647548e-05 1.666462419174478829e-04 5.794507706820715246e-13 7.157403342465372691e-05 1.674227917276030985e-04 5.794936548000090104e-13
6.561177672614024736e+00 5.070410896271659043e-05 9.463159136629910578e-05 5.792019704347245913e-13 4.009145284277268592e-05 9.537981790948494155e-05 5.792789418934435291e-13
8.749471046662279150e+00 2.777394472206765801e-05 5.138158364053413754e-05 5.785959382730050846e-13 2.150931346070255131e-05 5.204505024049613758e-05 5.791600571025692212e-13
1.166760716081661897e+01 1.455014048661290917e-05 2.663247804806672710e-05 5.746765658980163204e-13 1.105118550356842835e-05 2.716837220572661585e-05 5.754500540789001658e-13
1.555900421101123499e+01 7.292124699644422611e-06 1.324971150228460643e-05 5.677211376919660611e-13 5.453671770608061089e-06 1.359250566934048608e-05 5.684616426435094367e-13
2.074826557850288822e+01 3.518233525162078908e-06 6.409173182632485324e-06 5.402570813940874446e-13 2.605536021375122506e-06 6.564865542510342615e-06 5.409005784228200363e-13
2.766825682915017381e+01 1.654887179728770209e-06 3.049611825738057505e-06 4.717116031761173111e-13 1.219548372090909779e-06 3.095439940495887475e-06 4.722259039002807403e-13
3.689621347227100756e+01 7.687032064139118917e-07 1.438624919898962370e-06 3.949483164126716669e-13 5.655972035881608858e-07 1.440557044828030664e-06 3.953005322823310935e-13
4.920189143094656714e+01 3.551549484536498853e-07 6.730354182152833749e-07 3.228021536240256122e-13 2.614478400992328230e-07 6.663125140587759896e-07 3.230041520573117385e-13
6.561177672614024914e+01 1.634677743666449006e-07 3.128883826854497642e-07 2.583846083262316568e-13 1.205452797907472949e-07 3.071040590228139297e-07 2.584741292582985976e-13
8.749471046662279150e+01 7.489716605802272855e-08 1.449727511304016029e-07 2.008285330402405332e-13 5.538558136227231146e-08 1.410728127502870294e-07 2.008383923031195046e-13
1.166760716081661968e+02 3.414467447671128191e-08 6.687566401009539678e-08 1.491188633841376820e-13 2.533958191321279878e-08 6.458948527668952860e-08 1.490910521703156867e-13
1.555900421101123356e+02 1.546925108668567444e-08 3.071352792569017808e-08 1.062294998169055044e-13 1.152794370928443002e-08 2.946425966226774945e-08 1.061883303592126197e-13
2.074826557850288964e+02 6.944925094861836531e-09 1.402978887595520734e-08 7.299677411819269910e-14 5.197523662873947868e-09 1.337468275237599486e-08 7.295235385711842044e-14
2.766825682915017524e+02 3.075207396392591493e-09 6.361720430724570390e-09 4.848648844968940003e-14 2.310453534367027487e-09 6.024473706697014217e-09 4.844736434822192727e-14
3.689621347227101182e+02 1.335199427828757438e-09 2.858283697128254856e-09 3.116359029839983386e-14 1.006742351394837138e-09 2.681814175981831079e-09 3.113208764950828428e-14
4.920189143094656856e+02 5.654477451998396305e-10 1.269751879702518745e-09 1.939943804262671265e-14 4.277368995812331020e-10 1.175103271328881881e-09 1.937602874122281373e-14
6.561177672614023777e+02 2.326926775614693271e-10 5.566440471052943727e-10 1.170332506283682359e-14 1.765210272329339375e-10 5.055282197340183596e-10 1.168723707215919345e-14
8.749471046662279150e+02 9.287706451127879046e-11 2.406197076244469783e-10 6.834057528209776527e-15 7.061521465713731441e-11 2.132204611379563709e-10 6.823824216607004866e-15
1.166760716081661940e+03 3.595374013247228023e-11 1.026506588345296414e-10 3.846107605749514230e-15 2.737452258083410712e-11 8.822368178607336041e-11 3.839941168537311090e-15
1.555900421101123356e+03 1.351502522607949704e-11 4.327711004158111929e-11 2.075637051647777864e-15 1.029382712534482519e-11 3.585953375524277747e-11 2.072180345528927703e-15
2.074826557850288737e+03 4.943087310082416184e-12 1.804342345194056596e-11 1.073465827148758133e-15 3.763232161865071375e-12 1.434699318815459457e-11 1.071639350306329199e-15
2.766825682915017296e+03 1.763875435804115706e-12 7.458611681349187986e-12 5.355723198839207152e-16 1.341336798222765485e-12 5.657046931655178811e-12 5.346519782832134099e-16
3.689621347227101069e+03 6.166551945076529842e-13 3.062628016669126310e-12 2.609845043021745111e-16 4.677880950728311122e-13 2.202483786879537282e-12 2.605309356383867668e-16
4.920189143094656174e+03 2.123951718376883418e-13 1.251699696933752578e-12 1.256366389157237709e-16 1.603739037849408220e-13 8.494570657486372683e-13 1.254162005105940849e-16
6.561177672614025141e+03 7.250997440909579654e-14 5.102439269567627846e-13 6.003544313953877294e-17 5.435593029046933482e-14 3.257154883923503377e-13 5.992931958844916415e-17
8.749471046662278241e+03 2.469685311643356300e-14 2.077402498969073900e-13 2.848176406448844641e-17 1.832111069920189985e-14 1.244608019758382646e-13 2.843104726418968906e-17
1.166760716081662031e+04 8.442538574845097280e-15 8.461857542533031829e-14 1.340274408812216533e-17 6.173918489701575717e-15 4.746784516305946300e-14 1.337866602985389010e-17
1.555900421101123356e+04 2.907571129287103466e-15 3.448313071323291743e-14 6.248739582911134359e-18 2.087482595972138219e-15 1.809872873516879965e-14 6.237417296976669299e-18
2.074826557850289100e+04 1.010021445285543714e-15 1.400006084545822208e-14 2.882457164092477293e-18 7.090874693564459057e-16 6.892127514334206809e-15 2.877164449531528107e-18
2.766825682915017387e+04 3.534265253693617750e-16 5.631451907088175639e-15 1.313395986718272212e-18 2.417158295679376012e-16 2.610373319509982135e-15 1.310945468431789565e-18
3.689621347227100341e+04 1.240930200202820423e-16 2.238025093845211663e-15 5.900109856825925579e-19 8.247090150875559421e-17 9.794926702903335305e-16 5.888927632770465105e-19
4.920189143094656174e+04 4.352281524601378713e-17 8.727706984802244134e-16 2.607294128477987355e-19 2.807003234827658830e-17 3.613845188424998991e-16 2.602281602881200365e-19
6.561177672614024777e+04 1.518543185811280814e-17 3.323674261160502202e-16 1.130482850127411578e-19 9.505467867516745354e-18 1.302030809080307086e-16 1.128277664183087321e-19
8.749471046662278241e+04 5.246565919228068063e-18 1.232174679540500660e-16 4.794963378638515309e-20 3.189815928822134058e-18 4.566429275579242211e-17 4.785486969120701463e-20
1.166760716081661958e+05 1.790475563544122423e-18 4.429300191975249479e-17 1.982810826813193555e-20 1.057873096115070823e-18 1.552458203610957881e-17 1.978844523239553891e-20
1.555900421101123211e+05 6.021295711836010300e-19 1.542843099949697076e-17 7.963910941401917954e-21 3.456767696911334828e-19 5.093219836892889246e-18 7.947811074425283176e-21
2.074826557850289100e+05 1.988148384454958500e-19 5.219974402188959256e-18 3.094583027121861936e-21 1.109816991173686127e-19 1.609259651986592265e-18 3.088275308743499786e-21
2.766825682915017242e+05 6.426134180350037903e-20 1.709029072024517523e-18 1.158750640764845221e-21 3.491599493883569113e-20 4.882151184375933010e-19 1.156375405067641417e-21
3.689621347227101214e+05 2.032098381543931991e-20 5.394074792706694231e-19 4.165634881447710320e-22 1.073416069500297042e-20 1.420773466228372443e-19 4.157078137528078571e-22
4.920189143094656756e+05 6.260453024977527688e-21 1.654547535510930145e-19 1.433305224057091484e-22 3.211712421539312705e-21 3.985354686293865973e-20 1.430364968601599425e-22
6.561177672614024486e+05 1.866718401228358568e-21 4.923327934807893778e-20 4.710702341888768998e-23 9.305207876651988237e-22 1.072265654486852624e-20 4.701070200447073514e-23
8.749471046662279405e+05 5.360420237490660750e-22 1.409934276100615987e-20 1.478208347475227605e-23 2.603817464458656389e-22 2.750647488628388485e-21 1.475202967378423147e-23
1.166760716081662104e+06 1.482123038181724781e-22 3.849224505261775342e-21 4.436125647209473713e-24 7.039050680724012251e-23 6.768866062502689455e-22 4.427166303036154884e-24
1.555900421101123560e+06 3.951334421699842504e-23 9.996543944292787773e-22 1.278190668840017629e-24 1.842031025935314195e-23 1.595137494414417134e-22 1.275627352890629824e-24
2.074826557850289159e+06 1.019932994067267581e-23 2.466970136556198252e-22 3.556946765157978404e-25 4.692233600675170154e-24 3.601069396274554772e-23 3.549858206248167663e-25
2.766825682915017474e+06 2.563620290485697601e-24 5.776520885588940955e-23 9.627532539984829992e-26 1.168876443515224571e-24 7.828652271248537182e-24 9.608444544542265667e-26
3.689621347227101214e+06 6.332124742963158040e-25 1.288719347380093697e-23 2.552645628589232902e-26 2.876478063107928009e-25 1.653468075190901059e-24 2.547605988729014979e-26
4.920189143094656989e+06 1.549083127008392255e-25 2.750675976490512787e-24 6.670742955464348668e-27 7.031581522946158121e-26 3.436200198424896507e-25 6.657610224067719961e-27
6.561177672614024952e+06 3.777603849183769611e-26 5.666226447413804009e-25 1.726268043854546812e-27 1.714085806307546477e-26 7.058101706683632658e-26 1.722876475751525775e-27
8.749471046662278473e+06 9.227119242208845446e-27 1.140059227345469048e-25 4.438319677202023914e-28 4.187336491687129062e-27 1.443177040735881622e-26 4.429610672647749341e-28
1.166760716081662104e+07 2.265550114885123162e-27 2.251649557708892067e-26 1.136259047692804129e-28 1.028565484611107360e-27 2.964221775370518061e-27 1.134030929029641521e-28
1.555900421101123467e+07 5.590437367997634415e-28 4.421027611854439898e-27 2.900992377465154217e-29 2.535669853084960345e-28 6.220121388514260161e-28 2.895306327350381373e-29
2.074826557850288972e+07 1.386420368397406245e-28 8.681814878638002549e-28 7.390631715852155333e-30 6.276534151342950146e-29 1.314407771382196473e-28 7.376146816806522655e-30
2.766825682915017009e+07 3.449473065859073328e-29 1.714505805778055128e-28 1.876667606853845212e-30 1.555832567304744064e-29 2.836241260375348680e-29 1.872990985952355288e-30
3.689621347227101028e+07 8.587768492876548282e-30 3.413271827498264840e-29 4.737199232737233526e-31 3.850145475775912313e-30 6.217239536692739887e-30 4.727934139702094139e-31
4.920189143094656616e+07 2.134657389318246327e-30 6.932710882076596310e-30 1.187989730518011655e-31 9.515837228875319619e-31 1.385022650216556157e-30 1.185670691285450506e-31
6.561177672614024580e+07 5.301282390735844374e-31 1.415583245523851420e-30 2.968197416107202631e-32 2.353713982301213703e-31 3.147521508151937313e-31 2.962405325826468324e-32
8.749471046662279963e+07 1.316256123551805538e-31 2.951660050339372556e-31 7.399890052785872307e-33 5.820785019604323338e-32 7.276448078462481597e-32 7.385456753644218332e-33
1.166760716081662029e+08 3.266764122365578588e-32 6.314885977498656884e-32 1.839519585430231442e-33 1.437758370560274890e-32 1.698384142752298355e-32 1.835933691289024320e-33
1.555900421101123393e+08 8.097233548234087807e-33 1.372062768891087343e-32 4.555117302267181547e-34 3.541836042154996996e-33 4.000334827624879035e-33 4.546245175659105645e-34
2.074826557850289047e+08 2.002326574576064121e-33 3.030243522373250736e-33 1.122115983798957581e-34 8.688498908755911203e-34 9.478789281553776642e-34 1.119932928915509351e-34
2.766825682915017605e+08 4.934340598467362371e-34 6.779617668804011903e-34 2.745218114480897069e-35 2.118839518575249598e-34 2.249207131359304147e-34 2.739885704433703629e-35
3.689621347227101326e+08 1.210099720564654486e-34 1.539437154830308447e-34 6.654937185246061789e-36 5.126429865837483721e-35 5.329471234456420021e-35 6.642038008773540211e-36
4.920189143094656467e+08 2.948755771151800345e-35 3.525947555638936082e-35 1.593939202137306796e-36 1.227721675350826837e-35 1.257369989622125318e-35 1.590858724843077452e-36
6.561177672614024878e+08 7.127696928907437313e-36 8.104515251543314130e-36 3.758174226060877260e-37 2.903440680138725671e-36 2.940818379698448017e-36 3.750939725464276525e-37
8.749471046662279367e+08 1.705872877818311997e-36 1.865703897742528273e-36 8.684736934232665141e-38 6.764098144308189543e-37 6.796809913526484066e-37 8.668106080392252967e-38
1.166760716081662178e+09 4.034648285496779692e-37 4.275465354654452583e-37 1.957093943130544158e-38 1.548855225194330130e-37 1.547025841701621422e-37 1.953371563899640273e-38
1.555900421101123333e+09 9.411044370759998906e-38 9.737705556174392294e-38 4.276852209258121771e-39 3.478542807629814922e-38 3.459873591503798051e-38 4.268786924118922371e-39
2.074826557850289106e+09 2.160094304128779917e-38 2.192582831669376705e-38 9.010698471841848941e-40 7.646133810890135396e-39 7.585429761878022094e-39 8.993883336035257973e-40
2.766825682915017128e+09 4.865890920316352938e-39 4.867885367546984376e-39 1.819725503844654924e-40 1.640819078634576347e-39 1.625813596532566823e-39 1.816371570782057362e-40
3.689621347227100849e+09 1.072038626784886889e-39 1.059915282591661680e-39 3.503219427733688697e-41 3.424504510076804008e-40 3.391381005787744232e-40 3.496854447267599822e-41
4.920189143094656944e+09 2.298516658433468449e-40 2.250597114144157173e-40 6.391374839590089628e-42 6.902422725329708792e-41 6.837325383154393147e-41 6.379954464886977387e-42
6.561177672614025116e+09 4.757475071989312709e-41 4.621660741032816779e-41 1.096092913024049459e-42 1.325589179873634813e-41 1.315028755249114992e-41 1.094174595197101219e-42
8.749471046662279129e+09 9.378046766961549288e-42 9.047796207666613396e-42 1.741418649425005401e-43 2.365936219206366579e-42 2.355415750916938745e-42 1.738457992609983242e-43
1.166760716081661987e+10 1.721613513889616634e-42 1.651280307088124273e-42 2.493355694426367269e-44 3.758052760394234440e-43 3.770358275241419196e-43 2.489305012147682160e-44
1.555900421101123428e+10 2.841283516544545509e-43 2.712668385405094652e-43 3.061884941147896288e-45 4.938317579406853454e-44 5.039495954052486391e-44 3.057291877228949428e-45
2.074826557850289154e+10 3.996230151379463172e-44 3.809075535435503621e-44 2.959209428443073447e-46 4.736024246003389646e-45 5.038583888371104972e-45 2.955406425907048521e-46
2.766825682915017319e+10 4.419595155219432239e-45 4.265369211172112777e-45 1.929819294374450755e-47 2.613107181244323631e-46 3.152695652242301841e-46 1.928035010123986369e-47
3.689621347227101135e+10 3.376481836540685285e-46 3.524153038755547774e-46 6.084400340712329062e-49 4.682229889468856979e-48 1.008448101846590739e-47 6.081875678030885748e-49
4.920189143094656372e+10 1.410558302521612859e-47 2.174931082893531358e-47 0.000000000000000000e+00 3.183593150372866922e-50 3.407581561137668328e-49 0.000000000000000000e+00
6.561177672614024353e+10 2.167811005046547636e-49 1.305956212836885795e-48 0.000000000000000000e+00 1.130670881189111218e-51 1.605426077851220215e-50 0.000000000000000000e+00
8.749471046662280273e+10 1.818501054039138592e-53 3.988606314252558932e-50 0.000000000000000000e+00 7.623100321567351461e-54 2.817181565703450816e-52 0.000000000000000000e+00
