1.166760716081661986e+00 8.515092185565329742e-04 1.581420606738033995e-03 5.240811058838329890e-13 7.300730220376643650e-04 1.582263520074349891e-03 5.270132297322800257e-13
1.555900421101123365e+00 5.753666912890504238e-04 1.079143624875092281e-03 5.642603645441619786e-13 4.901049641013275216e-04 1.077560176636195880e-03 5.657277125583168854e-13
2.074826557850288911e+00 3.793167594440360175e-04 7.141864268134081933e-04 5.878447551265336989e-13 3.198446579422018149e-04 7.137448385329792609e-04 5.888787034509395238e-13
2.766825682915017293e+00 2.422857911945921713e-04 4.567407913870190350e-04 5.884571854632609970e-13 2.017684918749689069e-04 4.571608806324938684e-04 5.885064994823989843e-13
3.689621347227101111e+00 1.493498868634866839e-04 2.814506387385912992e-04 5.881236268633209566e-13 1.225636452600630856e-04 2.821288330592299767e-04 5.884794062029258230e-13
4.920189143094656714e+00 8.871253639877328592e-05 1.666547071136023118e-04 5.881827759108857071e-13 7.154863538237494201e-05 1.674244545277756349e-04 5.882253839667044473e-13
6.561177672614024736e+00 5.067022507071513839e-05 9.462526373964547555e-05 5.879294675677451385e-13 4.007004396923386050e-05 9.536795631332766377e-05 5.880080234905984478e-13
8.749471046662279150e+00 2.774904230888176844e-05 5.137215535971562721e-05 5.873142777964075447e-13 2.149397423772514659e-05 5.203102674479840987e-05 5.878875288662962216e-13
1.166760716081661897e+01 1.453358878436466212e-05 2.662493137808955926e-05 5.833314077048492431e-13 1.104148996796796363e-05 2.715706960489033396e-05 5.841171990016314095e-13
1.555900421101123499e+01 7.282034961371069030e-06 1.324507703689667729e-05 5.762647889291538789e-13 5.448124515611204228e-06 1.358506653212532858e-05 5.770166955983535660e-13
2.074826557850288822e+01 3.512356093096382928e-06 6.406659833087031245e-06 5.483581021634631361e-13 2.602484053636985432e-06 6.560510395085531512e-06 5.490113115458332800e-13
2.766825682915017381e+01 1.651292028010347417e-06 3.048109959994505095e-06 4.787121119955982423e-13 1.217695684595594836e-06 3.092819334172613770e-06 4.792339750347440507e-13
3.689621347227100756e+01 7.661457308759935697e-07 1.437425502686953001e-06 4.007415647850791823e-13 5.641770997177878677e-07 1.438651856328000106e-06 4.010987179224870762e-13
4.920189143094656714e+01 3.530326332752980967e-07 6.718655302600034119e-07 3.274865606532969024e-13 2.601385101970799965e-07 6.646282619692088550e-07 3.276912428087410646e-13
6.561177672614024914e+01 1.615812336503040868e-07 3.116954139079563764e-07 2.620980976222951056e-13 1.192846583224160265e-07 3.054855817108701002e-07 2.621886292447942722e-13
8.749471046662279150e+01 7.323933531957688446e-08 1.438115125946273670e-07 2.036850299926285678e-13 5.422245652387283185e-08 1.395418602066417754e-07 2.036947636493161775e-13
1.166760716081661968e+02 3.277100868855230726e-08 6.583073567820754870e-08 1.512101691461882774e-13 2.434816636625103182e-08 6.323039100038908588e-08 1.511817480551613009e-13
1.555900421101123356e+02 1.442311754374215674e-08 2.985666572509437172e-08 1.076934930221200783e-13 1.075994033434622902e-08 2.835870412391164680e-08 1.076515843565580921e-13
2.074826557850288964e+02 6.220988716834187193e-09 1.339378273150612426e-08 7.398265224298095355e-14 4.660221879072899238e-09 1.255950062901483494e-08 7.393750206476838977e-14
2.766825682915017524e+02 2.621041507860580667e-09 5.934527892219066768e-09 4.912647446610413795e-14 1.970797324190377364e-09 5.480891431972082170e-09 4.908673758342337176e-14
3.689621347227101182e+02 1.075918153721449151e-09 2.597202377984077240e-09 3.156430639887527466e-14 8.116680245078790703e-10 2.352676792092168233e-09 3.153232901203247916e-14
4.920189143094656856e+02 4.297282431170634007e-10 1.123165846062180721e-09 1.964151128701323664e-14 3.250990445369853728e-10 9.925788337620869694e-10 1.961776127544765891e-14
6.561177672614023777e+02 1.669425609301243241e-10 4.801165539614733455e-10 1.184437406301219721e-14 1.265700495081053893e-10 4.117610348088886482e-10 1.182806037690151281e-14
8.749471046662279150e+02 6.311028456664859972e-11 2.029831842812532563e-10 6.913080623350116149e-15 4.791016241478232104e-11 1.680438147257551510e-10 6.902709527822178868e-15
1.166760716081661940e+03 2.324773085924544054e-11 8.499947989055239941e-11 3.888319699437460229e-15 1.765092746455151166e-11 6.756641696345743395e-11 3.882074556625822168e-15
1.555900421101123356e+03 8.363571760659989116e-12 3.530968430711392847e-11 2.096886155917703133e-15 6.342275361349990808e-12 2.680767736029556571e-11 2.093388318832215073e-15
2.074826557850288737e+03 2.948259726081554851e-12 1.455935105738342501e-11 1.083460854536231535e-15 2.230302769622310506e-12 1.051880170520567311e-11 1.081614585356253530e-15
2.766825682915017296e+03 1.022892591112653746e-12 5.975945599929041476e-12 5.399666523839379393e-16 7.709737731368880078e-13 4.088710664523990428e-12 5.390375096467418087e-16
3.689621347227101069e+03 3.514441887181299888e-13 2.447092051131977482e-12 2.628105536517146599e-16 2.633998132655134611e-13 1.578529438814124046e-12 2.623532864144646435e-16
4.920189143094656174e+03 1.204365834881374904e-13 1.001432639084240112e-12 1.263651934054889346e-16 8.950074750155045086e-14 6.075528464585752458e-13 1.261432625885111490e-16
6.561177672614025141e+03 4.142181824237606420e-14 4.098453795541797545e-13 6.031687244160069674e-17 3.041996791631546179e-14 2.338919781742162437e-13 6.021016688401193783e-17
8.749471046662278241e+03 1.436494087553544024e-14 1.675743758800178223e-13 2.858688579702520847e-17 1.038492985352537338e-14 9.009742496147827376e-14 2.853594977983163259e-17
1.166760716081662031e+04 5.034693339948386371e-15 6.838265262068664987e-14 1.344047321884474418e-17 3.569231438730393410e-15 3.467098919988238785e-14 1.341631573348413502e-17
1.555900421101123356e+04 1.781687340987472466e-15 2.777795284499998536e-14 6.261608945700294268e-18 1.234989802722059822e-15 1.330828221695623756e-14 6.250259283615548749e-18
2.074826557850289100e+04 6.347579494384700312e-16 1.116397367402012745e-14 2.886547378603754460e-18 4.294251708158875662e-16 5.076061992879971350e-15 2.881245798269184813e-18
2.766825682915017387e+04 2.268538854877567099e-16 4.411449242562034507e-15 1.314558634708987535e-18 1.496076772750698748e-16 1.912627467103760041e-15 1.312105518993733489e-18
3.689621347227100341e+04 8.098064816201266896e-17 1.711151407876774908e-15 5.902752226693963426e-19 5.207145146266423989e-17 7.090348284287410549e-16 5.891563714043691327e-19
4.920189143094656174e+04 2.877871761291999586e-17 6.482682368439587204e-16 2.607543070813711153e-19 1.805917503638863289e-17 2.570208683588859924e-16 2.602529718309631114e-19
6.561177672614024777e+04 1.016045743828664479e-17 2.392971123873497660e-16 1.130275903587833675e-19 6.232904202225256248e-18 9.064788430586630357e-17 1.128071040392317538e-19
8.749471046662278241e+04 3.554062198728395845e-18 8.604192048291717833e-17 4.793045565453883821e-20 2.134845843137050748e-18 3.109504107256962867e-17 4.783572798810182283e-20
1.166760716081661958e+05 1.230347764647253345e-18 3.007401183568541558e-17 1.981687522046280111e-20 7.241563807188294934e-19 1.035394560520695711e-17 1.977723455405408812e-20
1.555900421101123211e+05 4.208016303147769988e-19 1.022539227061671089e-17 7.958391536679186598e-21 2.425639875162708923e-19 3.336039510900513289e-18 7.942302908414806882e-21
2.074826557850289100e+05 1.416568498847241041e-19 3.392510829125381544e-18 3.092143731227318760e-21 7.996245801556978904e-20 1.038997004457928029e-18 3.085841043489645946e-21
2.766825682915017242e+05 4.676637367268287408e-20 1.094157796855264700e-18 1.157758761561871499e-21 2.584802388170760410e-20 3.119115766857640675e-19 1.155385578084830564e-21
3.689621347227101214e+05 1.511347218049227122e-20 3.415591172467206029e-19 4.161869051532057087e-22 8.159874431179906829e-21 9.016723722454823583e-20 4.153320130767904854e-22
4.920189143094656756e+05 4.757052390522128651e-21 1.039722917499552196e-19 1.431969196544465335e-22 2.503513492544434051e-21 2.520735318235138463e-20 1.429031700465122961e-22
6.561177672614024486e+05 1.448898117751339091e-21 3.078233579629548506e-20 4.706245004360117083e-23 7.427090464728069510e-22 6.777985903256651827e-21 4.696622019422281594e-23
8.749471046662279405e+05 4.250518732044738780e-22 8.789130886649900612e-21 1.476796444676111578e-23 2.125054885599827112e-22 1.741926499559886445e-21 1.473793944153943815e-23
1.166760716081662104e+06 1.200713802287497895e-22 2.396454736413514326e-21 4.431842041213066269e-24 5.865988429958257751e-23 4.303647097115313977e-22 4.422891371922971512e-24
1.555900421101123560e+06 3.270987148210004281e-23 6.224598498123057201e-22 1.276931480242172789e-24 1.565708960914496508e-23 1.020344785303350927e-22 1.274370698927432649e-24
2.074826557850289159e+06 8.629263495334635812e-24 1.538299836779270637e-22 3.553309742195057772e-25 4.063476627792337109e-24 2.322677625417220229e-23 3.546228477102665365e-25
2.766825682915017474e+06 2.217272875528102593e-24 3.611661315907160400e-23 9.617049044148436820e-26 1.030812123196987358e-24 5.105086652382039222e-24 9.597982051785448816e-26
3.689621347227101214e+06 5.595974328349254294e-25 8.089775668116378168e-24 2.549585044466003964e-26 2.579944851126802485e-25 1.093419811032089345e-24 2.544551544838042074e-26
4.920189143094656989e+06 1.397259093825813685e-25 1.736389705496802933e-24 6.661591839417794742e-27 6.406654340679822270e-26 2.311803455933949634e-25 6.648477534394558216e-27
6.561177672614024952e+06 3.472018130772466020e-26 3.603830652753619103e-25 1.723451159222920284e-27 1.585180832658289716e-26 4.850890155064762021e-26 1.720065288287023885e-27
8.749471046662278473e+06 8.622328692389279720e-27 7.321794989473273428e-26 4.429398427586529061e-28 3.924448615601349769e-27 1.017707046178424422e-26 4.420707549986288591e-28
1.166760716081662104e+07 2.146370549194418275e-27 1.464388500443245286e-26 1.133365165760741957e-28 9.748306459342713620e-28 2.153983940681077068e-27 1.131142951112185268e-28
1.555900421101123467e+07 5.356518992147703883e-28 2.920947394266413864e-27 2.891436539525614034e-29 2.426749714089887896e-28 4.665506013339520447e-28 2.885770044279506127e-29
2.074826557850288972e+07 1.340152149754643336e-28 5.848081412083318879e-28 7.358715492985219055e-30 6.053548727160140793e-29 1.020959860199783584e-28 7.344296067294869811e-30
2.766825682915017009e+07 3.356016968324301946e-29 1.181780319749783996e-28 1.865956222693658255e-30 1.508962068636447806e-29 2.279555069168177975e-29 1.862301609857340569e-30
3.689621347227101028e+07 8.391602276237238753e-30 2.416006332428691051e-29 4.701289111154246483e-31 3.747403704834321306e-30 5.160949882627313742e-30 4.692097806250551947e-31
4.920189143094656616e+07 2.091459708124362378e-30 5.048001522661490102e-30 1.175991085581525132e-31 9.277150885155592295e-31 1.183759656924081348e-30 1.173696688453076581e-31
6.561177672614024580e+07 5.199186676068411216e-31 1.063709610122866424e-30 2.928202375421160126e-32 2.294206566368613949e-31 2.756246386216128930e-31 2.922492457602511407e-32
8.749471046662279963e+07 1.290195403534828457e-31 2.289483618057106336e-31 7.266939928790146385e-33 5.661855127778221993e-32 6.492597538981544724e-32 7.252779858416582793e-33
1.166760716081662029e+08 3.195475001510317978e-32 5.044813638324319472e-32 1.795525484591801300e-33 1.392682955048694171e-32 1.537128775955427549e-32 1.792030018984127239e-33
1.555900421101123393e+08 7.891472250067082753e-33 1.126752442591395010e-32 4.410506652811104910e-34 3.408726758883883048e-33 3.652320120403904559e-33 4.401931734025676082e-34
2.074826557850289047e+08 1.940855392892028479e-33 2.548670102070464958e-33 1.075015145602525915e-34 8.286903514532749678e-34 8.681489053567454155e-34 1.072928852749980506e-34
2.766825682915017605e+08 4.747488800566858073e-34 5.814372333564581548e-34 2.593670891131101596e-35 1.997013885481898644e-34 2.055837407445303311e-34 2.588649526343702493e-35
3.689621347227101326e+08 1.153163380158499609e-34 1.337671133074271468e-34 6.175101527525810178e-36 4.759632171544641383e-35 4.836010194955041933e-35 6.163185585065065791e-36
4.920189143094656467e+08 2.776694700284338034e-35 3.085463124501335765e-35 1.445142992010782497e-36 1.119225629239732473e-35 1.126824065300671392e-35 1.442366605546955118e-36
6.561177672614024878e+08 6.615892080296291853e-36 7.101593215748856810e-36 3.308914642168099124e-37 2.590607508092292433e-36 2.591182013236648452e-36 3.302594526283538937e-37
8.749471046662279367e+08 1.556843844024747007e-36 1.627313244381830535e-36 7.373113639395897653e-38 5.889983491200131649e-37 5.864969985020687496e-37 7.359136587940753956e-38
1.166760716081662178e+09 3.611402143594185208e-37 3.693830485506543280e-37 1.589717810489062213e-38 1.313145198809879240e-37 1.303353541004255197e-37 1.586732660877250623e-38
1.555900421101123333e+09 8.242010121198512634e-38 8.292270769430276013e-38 3.298024704234643420e-39 2.866881429827191348e-38 2.839573031582880136e-38 3.291902318775754127e-39
2.074826557850289106e+09 1.846878850064889703e-38 1.833250831844475926e-38 6.550835970276104602e-40 6.121793417781227139e-39 6.056995351060523941e-39 6.538835778102099699e-40
2.766825682915017128e+09 4.054393357925790743e-39 3.983064457923967507e-39 1.241052487738285834e-40 1.276700578406548540e-39 1.262943482603866540e-39 1.238812133268472759e-40
3.689621347227100849e+09 8.695641487132499857e-40 8.469813454264922623e-40 2.236559542984553499e-41 2.593292493396010992e-40 2.565789771320865459e-40 2.232584352673653676e-41
4.920189143094656944e+09 1.814778843889542270e-40 1.754983957149933334e-40 3.824215380968327969e-42 5.099567742479883202e-41 5.048937667710549178e-41 3.817530720143325876e-42
6.561177672614025116e+09 3.660142867510552394e-41 3.518436907304841974e-41 6.172789787502251774e-43 9.584674232490266759e-42 9.505681996596247237e-42 6.162209987730336975e-43
8.749471046662279129e+09 7.045688562072761079e-42 6.736260343060646874e-42 9.291949161515353311e-44 1.679984818016292703e-42 1.672168965699133826e-42 9.276452389498853535e-44
1.166760716081661987e+10 1.266880794819575370e-42 1.205331556044538837e-42 1.270510696695639676e-44 2.629457065659871296e-43 2.637359914276422613e-43 1.268482252830948741e-44
1.555900421101123428e+10 2.054719830431427501e-43 1.946657904902677164e-43 1.501930319383863347e-45 3.415009516946117771e-44 3.483242791085344165e-44 1.499712275688625494e-45
2.074826557850289154e+10 2.849069206092408863e-44 2.693702831015766754e-44 1.407711421259027158e-46 3.245125372410938505e-45 3.448408724879873884e-45 1.405927274102530136e-46
2.766825682915017319e+10 3.114346676219277746e-45 2.975449408429618048e-45 8.959218266738279814e-48 1.777838610777327806e-46 2.137259150946927026e-46 8.951027236221083263e-48
3.689621347227101135e+10 2.355864900797177701e-46 2.420085627588825373e-46 2.769957352019195798e-49 3.168960126342158079e-48 6.717505211363307539e-48 2.768809601971347884e-49
4.920189143094656372e+10 9.757797911288475607e-48 1.460669877700037515e-47 0.000000000000000000e+00 2.083214914638605169e-50 2.193772911399935209e-49 0.000000000000000000e+00
6.561177672614024353e+10 1.486541417022989770e-49 8.609663769972942394e-49 0.000000000000000000e+00 7.407884073094066328e-52 1.025921869041951489e-50 0.000000000000000000e+00
8.749471046662280273e+10 1.194141139278112795e-53 2.619877328543701359e-50 0.000000000000000000e+00 5.000524219376551778e-54 1.776901294570045299e-52 0.000000000000000000e+00
